Generation:
398

Phenotype:
9
V1 = gm([0.1e0, +5.0e0, 4.7e1], [3.9e1, +4.5e0, 1.6e0]);
V2 = +V1;
V2 = V2 + gm([0.6e0, +8.4e0, 5.8e0]);
V3 = +V1;
V3 = V3 + gm([0.0e0, +1.8e0, 5.4e0], [4.5e0, -6.0e0, 9.5e0], [7.6e1, +3.8e0, 2.6e0], [0.0e1, -4.3e0, 0.8e0]);
V4 = +V1 * -V2 * -5.9e0;
V4 = V4 + gm([9.8e1, +1.4e1, 9.3e1], [0.4e1, -8.6e1, 2.2e1]);

Pre-processed Program
:C = gm([0.002558, 0.997442], [5, 4.5], [47, 1.6]);T = C;T = T + gm([1.000000], [8.4], [5.8]);F = C;F = F + gm([0.000000, 0.055901, 0.944099, 0.000000], [1.8, -6, 3.8, -4.3], [5.4, 9.5, 2.6, 0.8]);TEMP0 = 5.9 * C;TEMP0 = TEMP0 * T;E = TEMP0;E = E + gm([0.960784, 0.039216], [14, -86], [93, 22]);Genotype:
[357, 368, 281, 360, 84, 395, 107, 340, 31, 26, 280, 166, 195, 350, 198, 69, 384, 187, 17, 150, 51, 73, 109, 129, 239, 400, 314, 165, 144, 330, 101, 386, 60, 446, 292, 458, 382, 34, 227, 162, 20, 50, 369, 360, 476, 158, 165, 470, 258, 104, 18, 215, 115, 488, 498, 216, 188, 270, 218, 478, 166, 266, 366, 443, 177, 60, 340, 54, 288, 26, 351, 168, 58, 421, 65, 254, 270, 241, 441, 24, 5, 264, 56, 321, 6, 230, 286, 214, 229, 115, 112, 105, 494, 287, 336, 127, 33, 456, 293, 28, 194, 295, 72, 126, 104, 238, 57, 300, 330, 413, 139, 83, 144, 233, 374, 11, 500, 388, 62, 266, 364, 209, 211, 450, 384, 266, 462, 304, 57, 433, 355, 160, 13, 285, 149, 184, 54, 187, 43, 454, 49, 298, 225, 330, 28, 221, 124, 455, 29, 79, 483, 19, 324, 15, 10, 474, 81, 360, 289, 468, 476, 459, 480, 372, 252, 177, 42, 78, 489, 79, 106, 183, 324, 369, 10, 41, 389, 207, 90, 142, 183, 324, 496, 229, 474, 389, 207]
Tree:
None
Fitness on 5000 data:
-117.40807333089684

Fitness:
-117.40807333089684