Generation:
1198

Phenotype:
9
V1 = gm([0.1e0, -0.6e0, 9.7e1], [3.4e1, +4.9e0, 1.5e0]);
V2 = +V1;
V2 = V2 + gm([8.2e0, +9.5e0, 5.8e0]);
V3 = +V1;
V3 = V3 + gm([5.7e0, +0.4e1, 3.0e0], [2.6e1, +0.4e1, 2.7e0], [7.0e1, +5.5e0, 2.2e0], [8.9e1, +5.3e0, 0.1e1]);
V4 = +V1 * -V2 * -5.3e0;
V4 = V4 + gm([0.9e0, +9.8e1, 7.3e1]);

Pre-processed Program
:C = gm([0.002933, 0.997067], [-0.6, 4.9], [97, 1.5]);T = C;T = T + gm([1.000000], [9.5], [5.8]);F = C;F = F + gm([0.029890, 0.136340, 0.367069, 0.466702], [4, 4, 5.5, 5.3], [3, 2.7, 2.2, 1]);TEMP0 = 5.3 * C;TEMP0 = TEMP0 * T;E = TEMP0;E = E + gm([1.000000], [98], [73]);Genotype:
[301, 368, 124, 12, 246, 425, 390, 340, 291, 50, 62, 29, 110, 306, 432, 362, 89, 387, 267, 106, 275, 303, 174, 43, 110, 334, 314, 99, 292, 404, 101, 245, 246, 468, 444, 24, 94, 72, 225, 162, 311, 88, 479, 8, 492, 28, 324, 296, 69, 65, 180, 480, 75, 248, 318, 181, 112, 332, 412, 58, 200, 296, 364, 133, 215, 205, 97, 396, 103, 390, 60, 404, 345, 497, 463, 440, 114, 67, 184, 182, 496, 417, 61, 422, 220, 144, 415, 324, 32, 77, 28, 105, 456, 287, 460, 261, 224, 106, 285, 315, 146, 369, 342, 62, 384, 238, 378, 488, 309, 441, 113, 490, 315, 113, 208, 202, 20, 391, 89, 137, 364, 243, 249, 278, 354, 362, 87, 354, 259, 31, 407, 110, 3, 285, 483, 318, 434, 241, 50, 383, 310, 189, 208, 298, 66, 9, 68, 283, 291, 447, 3, 399, 324, 15, 10, 474, 81, 360, 289, 468, 476, 459, 133, 372, 252, 177, 42, 78, 489, 79, 106, 183, 324, 369, 10, 41, 389, 207, 90, 142, 183, 324, 496, 229, 474, 389, 207]
Tree:
None
Fitness on 5000 data:
-110.8043697697074

Fitness:
-110.8043697697074