Generation:
1500

Phenotype:
9
V1 = gm([0.1e0, +5.3e1, 9.7e1], [3.1e1, +4.8e0, 1.5e0]);
V2 = +V1;
V2 = V2 + gm([4.4e1, +9.4e0, 5.8e0]);
V3 = +V1;
V3 = V3 + gm([4.5e1, +0.5e1, 3.0e0], [4.5e0, +7.4e0, 2.7e0], [7.3e1, +5.5e0, 2.3e0], [8.6e1, +5.1e0, 0.9e0]);
V4 = +V1 * -V2 * -5.2e0;
V4 = V4 + gm([9.0e1, +9.8e1, 7.3e1]);

Pre-processed Program
:C = gm([0.003215, 0.996785], [53, 4.8], [97, 1.5]);T = C;T = T + gm([1.000000], [9.4], [5.8]);F = C;F = F + gm([0.215827, 0.021583, 0.350120, 0.412470], [5, 7.4, 5.5, 5.1], [3, 2.7, 2.3, 0.9]);TEMP0 = 5.2 * C;TEMP0 = TEMP0 * T;E = TEMP0;E = E + gm([1.000000], [98], [73]);Genotype:
[257, 368, 260, 12, 246, 425, 420, 340, 221, 50, 292, 166, 255, 163, 417, 284, 89, 387, 107, 106, 275, 303, 21, 423, 110, 480, 314, 208, 292, 404, 101, 245, 246, 145, 432, 24, 10, 14, 132, 162, 25, 88, 359, 374, 54, 147, 324, 42, 69, 484, 180, 250, 75, 248, 138, 122, 300, 260, 412, 58, 200, 296, 364, 311, 444, 254, 205, 85, 216, 218, 60, 325, 71, 411, 463, 440, 114, 333, 490, 464, 455, 16, 78, 190, 177, 144, 36, 324, 32, 77, 28, 105, 104, 287, 423, 371, 380, 106, 285, 315, 498, 165, 342, 213, 384, 238, 416, 488, 286, 441, 7, 58, 315, 241, 90, 500, 20, 499, 290, 454, 364, 307, 405, 56, 354, 362, 132, 226, 259, 175, 407, 220, 3, 285, 192, 2, 434, 103, 134, 411, 119, 140, 5, 293, 66, 9, 68, 283, 364, 447, 3, 399, 324, 15, 10, 474, 81, 360, 289, 468, 476, 459, 133, 372, 252, 177, 42, 78, 489, 79, 106, 183, 324, 369, 10, 41, 389, 207, 90, 142, 183, 324, 496, 229, 474, 389, 207]
Tree:
None
Fitness on 5000 data:
-110.64638435356096

Fitness:
-110.64638435356096