Generation:
1500

Phenotype:
6
V1 = gm([2.6e1, +9.6e0, 9.9e0], [5.6e1, +9.9e1, 9.9e1]);
V2 = gm([0.3e1, +9.2e0, 1.0e0], [1.4e0, +1.0e0, 0.7e0], [2.0e0, +0.6e0, 1.1e0], [2.8e1, +9.6e0, 3.6e0]);
V3 = uniform([+5.9e0, 7.7e0], 2);

Pre-processed Program
:P = gm([0.317073, 0.682927], [9.6, 99], [9.9, 99]);T = gm([0.087209, 0.040698, 0.058140, 0.813953], [9.2, 1, 0.6, 9.6], [1, 0.7, 1.1, 3.6]);F = uniform([5.900000, 13.600000], 2);Genotype:
[112, 419, 478, 34, 35, 484, 462, 346, 81, 476, 366, 379, 246, 48, 452, 339, 449, 252, 210, 492, 215, 126, 273, 396, 258, 219, 359, 365, 164, 419, 239, 29, 480, 62, 141, 357, 140, 33, 357, 161, 320, 189, 222, 466, 196, 221, 230, 242, 3, 384, 301, 294, 382, 345, 378, 371, 380, 478, 40, 60, 427, 434, 133, 34, 492, 290, 118, 178, 478, 80, 96, 62, 431, 431, 461, 298, 324, 105, 302, 268, 481, 256, 68, 159, 306, 306, 472, 43, 256, 106, 97, 448, 129, 272, 75, 59, 336, 305, 37, 157]
Tree:
None
Fitness on 5000 data:
-87.25426245420367

Fitness:
-87.25426245420367