Generation:
798

Phenotype:
6
V1 = gm([2.4e1, +9.8e0, 9.9e0], [5.6e1, +9.9e1, 9.8e1]);
V2 = gm([0.2e1, +9.2e0, 1.1e0], [1.3e0, +1.0e0, 0.7e0], [2.7e0, +0.6e0, 1.2e0], [2.8e1, +9.6e0, 3.4e0]);
V3 = uniform([+5.9e0, 8.0e0], 2);

Pre-processed Program
:P = gm([0.300000, 0.700000], [9.8, 99], [9.9, 98]);T = gm([0.058824, 0.038235, 0.079412, 0.823529], [9.2, 1, 0.6, 9.6], [1.1, 0.7, 1.2, 3.4]);F = uniform([5.900000, 13.900000], 2);Genotype:
[112, 113, 478, 22, 7, 178, 72, 154, 347, 201, 258, 379, 68, 464, 131, 339, 449, 252, 210, 391, 215, 126, 273, 152, 258, 219, 359, 365, 164, 419, 398, 29, 458, 62, 141, 154, 140, 272, 335, 13, 128, 189, 432, 452, 81, 451, 481, 242, 453, 178, 371, 83, 182, 345, 378, 371, 380, 478, 40, 60, 427, 434, 23, 170, 492, 167, 118, 178, 66, 80, 96, 62, 331, 431, 292, 318, 324, 105, 302, 268, 27, 22, 68, 159, 306, 206, 472, 43, 264, 386, 361, 82, 129, 480, 75, 59, 172, 91, 488, 140]
Tree:
None
Fitness on 5000 data:
-87.39853152448083

Fitness:
-87.39853152448083