Generation:
1198

Phenotype:
6
V1 = gm([2.6e1, +9.6e0, 9.9e0], [5.6e1, +9.9e1, 9.8e1]);
V2 = gm([0.2e1, +9.5e0, 1.0e0], [1.3e0, +1.0e0, 0.6e0], [2.2e0, +0.6e0, 1.2e0], [2.8e1, +9.6e0, 3.6e0]);
V3 = uniform([+5.9e0, 7.7e0], 2);

Pre-processed Program
:P = gm([0.317073, 0.682927], [9.6, 99], [9.9, 98]);T = gm([0.059701, 0.038806, 0.065672, 0.835821], [9.5, 1, 0.6, 9.6], [1, 0.6, 1.2, 3.6]);F = uniform([5.900000, 13.600000], 2);Genotype:
[112, 419, 478, 34, 35, 178, 72, 346, 81, 476, 140, 379, 246, 48, 131, 339, 449, 252, 210, 391, 215, 126, 273, 241, 258, 219, 359, 365, 418, 419, 428, 29, 458, 62, 141, 341, 140, 272, 357, 161, 128, 189, 15, 94, 187, 221, 230, 242, 3, 204, 301, 83, 354, 362, 378, 371, 380, 478, 40, 60, 56, 434, 23, 76, 492, 362, 118, 178, 478, 80, 96, 62, 331, 431, 292, 318, 324, 105, 302, 268, 27, 324, 68, 159, 306, 206, 472, 43, 256, 470, 361, 448, 129, 272, 75, 59, 172, 430, 37, 157]
Tree:
None
Fitness on 5000 data:
-87.34304729313776

Fitness:
-87.34304729313776