Generation:
398

Phenotype:
6
V1 = gm([2.4e1, +9.7e0, 9.9e0], [4.5e1, +9.9e1, 9.8e1]);
V2 = gm([1.6e0, +9.4e0, 4.6e0], [1.5e0, +1.1e0, 0.5e0], [2.4e0, +0.1e1, 1.9e0], [2.7e1, +9.6e0, 3.6e0]);
V3 = uniform([+5.9e0, 8.2e0], 2);

Pre-processed Program
:P = gm([0.347826, 0.652174], [9.7, 99], [9.9, 98]);T = gm([0.049231, 0.046154, 0.073846, 0.830769], [9.4, 1.1, 1, 9.6], [4.6, 0.5, 1.9, 3.6]);F = uniform([5.900000, 14.100000], 2);Genotype:
[270, 113, 436, 45, 55, 104, 72, 154, 347, 112, 344, 379, 337, 0, 340, 339, 9, 116, 264, 111, 404, 15, 397, 58, 212, 219, 359, 449, 102, 419, 398, 29, 458, 62, 495, 110, 181, 446, 20, 476, 424, 249, 84, 312, 259, 424, 446, 158, 489, 14, 161, 95, 104, 375, 60, 371, 271, 478, 183, 60, 65, 68, 23, 58, 492, 214, 16, 344, 372, 220, 311, 159, 220, 431, 299, 318, 20, 342, 322, 357, 339, 17, 68, 159, 306, 206, 18, 43, 66, 298, 445, 82, 305, 480, 75, 59, 188, 399, 488, 272]
Tree:
None
Fitness on 5000 data:
-87.57466535575978

Fitness:
-87.57466535575978