0	[-168.34944641114885, -1]
1	[-8000793.610451046, 0]
1	[-168.34944641114885, -1]
2	[-8000793.610451046, 0]
2	[-160.54714011429255, -1]
2	[-133.89752623614976, -2]
3	[-319.297602577935, 0]
3	[-159.90592533022712, -1]
3	[-133.89752623614976, -2]
4	[-319.297602577935, 0]
4	[-159.90592533022712, -1]
4	[-133.89752623614976, -2]
5	[-319.297602577935, 0]
5	[-159.90592533022712, -1]
5	[-133.89752623614976, -2]
6	[-319.297602577935, 0]
6	[-146.20038515684928, -1]
6	[-133.89752623614976, -2]
6	[-131.29055202323215, -3]
7	[-125.81534455494892, 0]
7	[-117.19159759414981, -2]
8	[-125.81534455494892, 0]
8	[-124.95220328523222, -1]
8	[-117.19159759414981, -2]
9	[-125.81534455494892, 0]
9	[-124.95220328523222, -1]
9	[-117.19159759414981, -2]
10	[-125.81534455494892, 0]
10	[-124.95220328523222, -1]
10	[-117.19159759414981, -2]
10	[-101.68067927791526, -3]
11	[-125.81534455494892, 0]
11	[-124.95220328523222, -1]
11	[-117.19159759414981, -2]
11	[-101.68067927791526, -3]
12	[-125.81534455494892, 0]
12	[-124.95220328523222, -1]
12	[-114.66494040805556, -2]
12	[-101.68067927791526, -3]
13	[-125.81534455494892, 0]
13	[-120.33366003919875, -1]
13	[-107.8465956926229, -2]
13	[-101.68067927791526, -3]
14	[-125.81534455494892, 0]
14	[-120.33366003919875, -1]
14	[-107.8465956926229, -2]
14	[-101.68067927791526, -3]
15	[-121.32064456988763, 0]
15	[-117.27430180000304, -1]
15	[-107.71035480356569, -2]
15	[-101.68067927791526, -3]
16	[-121.32064456988763, 0]
16	[-117.27430180000304, -1]
16	[-107.71035480356569, -2]
16	[-101.68067927791526, -3]
17	[-121.32064456988763, 0]
17	[-117.27430180000304, -1]
17	[-99.00978085489677, -2]
18	[-121.32064456988763, 0]
18	[-117.27430180000304, -1]
18	[-99.00978085489677, -2]
19	[-121.25443698886262, 0]
19	[-99.76641078728052, -1]
19	[-99.00978085489677, -2]
20	[-103.8138729860754, 0]
20	[-99.76641078728052, -1]
20	[-99.00978085489677, -2]
21	[-103.8138729860754, 0]
21	[-99.76641078728052, -1]
21	[-99.00978085489677, -2]
22	[-103.8138729860754, 0]
22	[-99.76641078728052, -1]
22	[-92.86218476031068, -2]
23	[-103.8138729860754, 0]
23	[-99.76641078728052, -1]
23	[-92.86218476031068, -2]
24	[-103.8138729860754, 0]
24	[-99.76641078728052, -1]
24	[-92.86218476031068, -2]
25	[-103.8138729860754, 0]
25	[-99.76641078728052, -1]
25	[-92.86218476031068, -2]
26	[-103.8138729860754, 0]
26	[-99.76641078728052, -1]
26	[-91.72520396848704, -2]
27	[-103.8138729860754, 0]
27	[-99.76641078728052, -1]
27	[-91.72520396848704, -2]
28	[-103.8138729860754, 0]
28	[-99.76641078728052, -1]
28	[-91.72520396848704, -2]
29	[-103.8138729860754, 0]
29	[-99.76641078728052, -1]
29	[-91.72520396848704, -2]
30	[-103.8138729860754, 0]
30	[-95.43011311980082, -1]
30	[-91.72520396848704, -2]
31	[-97.11145306843426, 0]
31	[-95.43011311980082, -1]
31	[-91.72520396848704, -2]
32	[-97.11145306843426, 0]
32	[-95.43011311980082, -1]
32	[-91.72520396848704, -2]
33	[-97.11145306843426, 0]
33	[-95.43011311980082, -1]
33	[-91.72520396848704, -2]
34	[-97.11145306843426, 0]
34	[-95.43011311980082, -1]
34	[-91.72520396848704, -2]
35	[-97.11145306843426, 0]
35	[-95.43011311980082, -1]
35	[-91.72520396848704, -2]
36	[-95.63853090058016, 0]
36	[-95.43011311980082, -1]
36	[-91.72520396848704, -2]
36	[-88.50761447814898, -3]
37	[-92.43356912514444, 0]
37	[-91.72520396848704, -2]
37	[-88.50761447814898, -3]
38	[-92.43356912514444, 0]
38	[-91.72520396848704, -2]
38	[-88.50761447814898, -3]
39	[-91.80768792882085, 0]
39	[-89.2466002864412, -1]
39	[-88.50761447814898, -3]
40	[-91.80768792882085, 0]
40	[-89.2466002864412, -1]
40	[-88.50761447814898, -3]
41	[-91.80768792882085, 0]
41	[-89.2466002864412, -1]
41	[-88.50761447814898, -3]
42	[-91.80768792882085, 0]
42	[-89.2466002864412, -1]
42	[-87.90174833181136, -3]
43	[-91.80768792882085, 0]
43	[-86.19053154789933, -1]
44	[-90.77459002770865, 0]
44	[-86.19053154789933, -1]
45	[-90.3420754561265, 0]
45	[-86.19053154789933, -1]
46	[-90.3420754561265, 0]
46	[-86.19053154789933, -1]
47	[-90.3420754561265, 0]
47	[-86.19053154789933, -1]
48	[-89.88620565155306, 0]
48	[-86.19053154789933, -1]
49	[-89.88620565155306, 0]
49	[-86.19053154789933, -1]
50	[-89.45277861427579, 0]
50	[-86.19053154789933, -1]
51	[-87.52490930286584, 0]
51	[-82.04847649766506, -1]
52	[-87.52490930286584, 0]
52	[-82.04847649766506, -1]
53	[-87.52490930286584, 0]
53	[-82.04847649766506, -1]
54	[-86.69718685725019, 0]
54	[-82.04847649766506, -1]
55	[-85.81479256747897, 0]
55	[-82.04847649766506, -1]
56	[-84.77336547363629, 0]
56	[-82.04847649766506, -1]
57	[-84.77336547363629, 0]
57	[-82.04847649766506, -1]
58	[-84.77336547363629, 0]
58	[-82.04847649766506, -1]
59	[-84.77336547363629, 0]
59	[-80.90275675890673, -1]
60	[-84.77336547363629, 0]
60	[-80.49203015582859, -1]
61	[-84.77336547363629, 0]
61	[-80.49203015582859, -1]
62	[-84.77336547363629, 0]
62	[-80.49203015582859, -1]
63	[-84.27066172319054, 0]
63	[-80.49203015582859, -1]
64	[-84.27066172319054, 0]
64	[-80.49203015582859, -1]
65	[-84.13713776252449, 0]
65	[-80.49203015582859, -1]
66	[-84.13713776252449, 0]
66	[-80.49203015582859, -1]
67	[-84.13713776252449, 0]
67	[-80.49203015582859, -1]
68	[-84.13713776252449, 0]
68	[-80.49203015582859, -1]
69	[-84.13713776252449, 0]
69	[-80.49203015582859, -1]
70	[-84.13713776252449, 0]
70	[-80.49203015582859, -1]
71	[-83.47574408933518, 0]
71	[-80.49203015582859, -1]
72	[-83.47574408933518, 0]
72	[-80.49203015582859, -1]
73	[-83.47574408933518, 0]
73	[-80.49203015582859, -1]
74	[-81.60997429620066, 0]
74	[-80.49203015582859, -1]
75	[-81.60997429620066, 0]
75	[-80.49203015582859, -1]
76	[-81.60997429620066, 0]
76	[-80.49203015582859, -1]
77	[-81.60997429620066, 0]
77	[-80.49203015582859, -1]
78	[-78.55208251335125, 0]
79	[-78.55208251335125, 0]
79	[-74.6663959901589, -2]
80	[-78.55208251335125, 0]
80	[-72.59132333573278, -2]
81	[-78.55208251335125, 0]
81	[-72.59132333573278, -2]
82	[-78.55208251335125, 0]
82	[-72.59132333573278, -2]
83	[-78.55208251335125, 0]
83	[-72.59132333573278, -2]
84	[-78.55208251335125, 0]
84	[-72.38570893999064, -2]
85	[-78.55208251335125, 0]
85	[-72.38570893999064, -2]
85	[-72.38570893999064, -2]
86	[-78.55208251335125, 0]
86	[-72.38570893999064, -2]
86	[-72.38570893999064, -2]
86	[-72.38570893999064, -2]
87	[-78.55208251335125, 0]
87	[-72.30099645697406, -2]
88	[-76.48878123041031, 0]
88	[-72.30099645697406, -2]
88	[-72.30099645697406, -2]
89	[-76.48878123041031, 0]
89	[-72.30099645697406, -2]
89	[-72.30099645697406, -2]
89	[-72.30099645697406, -2]
90	[-76.48878123041031, 0]
90	[-72.30099645697406, -2]
90	[-72.30099645697406, -2]
90	[-72.30099645697406, -2]
91	[-76.48878123041031, 0]
91	[-72.30099645697406, -2]
91	[-72.30099645697406, -2]
91	[-72.30099645697406, -2]
92	[-76.48878123041031, 0]
92	[-72.30099645697406, -2]
92	[-72.30099645697406, -2]
92	[-72.30099645697406, -2]
93	[-76.48878123041031, 0]
93	[-76.48878123041031, 0]
93	[-72.30099645697406, -2]
93	[-72.30099645697406, -2]
93	[-72.30099645697406, -2]
94	[-76.31791451713936, 0]
94	[-72.30099645697406, -2]
94	[-72.30099645697406, -2]
94	[-72.30099645697406, -2]
95	[-76.31791451713936, 0]
95	[-72.30099645697406, -2]
95	[-72.30099645697406, -2]
95	[-72.30099645697406, -2]
96	[-75.4003705973785, 0]
96	[-72.27507700735066, -2]
97	[-75.4003705973785, 0]
97	[-71.93070122538148, -2]
98	[-75.4003705973785, 0]
98	[-71.93070122538148, -2]
99	[-74.70580389695303, 0]
99	[-71.21233467748789, -2]
100	[-74.70580389695303, 0]
100	[-71.21233467748789, -2]
101	[-74.66231333377509, 0]
101	[-71.21233467748789, -2]
102	[-74.66231333377509, 0]
102	[-71.21233467748789, -2]
103	[-74.66231333377509, 0]
103	[-71.21233467748789, -2]
104	[-74.25352710338538, 0]
104	[-71.21233467748789, -2]
105	[-74.25352710338538, 0]
105	[-71.21233467748789, -2]
106	[-74.25352710338538, 0]
106	[-71.21233467748789, -2]
106	[-71.21233467748789, -2]
107	[-74.25352710338538, 0]
107	[-70.48228372920626, -2]
108	[-74.25352710338538, 0]
108	[-70.48228372920626, -2]
108	[-70.48228372920626, -2]
109	[-74.25352710338538, 0]
109	[-74.25352710338538, 0]
109	[-70.48228372920626, -2]
109	[-70.48228372920626, -2]
110	[-73.98943210230127, 0]
110	[-70.48228372920626, -2]
110	[-70.48228372920626, -2]
111	[-73.98943210230127, 0]
111	[-73.98943210230127, 0]
111	[-70.48228372920626, -2]
111	[-70.48228372920626, -2]
111	[-70.48228372920626, -2]
112	[-73.98943210230127, 0]
112	[-73.98943210230127, 0]
112	[-70.48228372920626, -2]
112	[-70.48228372920626, -2]
112	[-70.48228372920626, -2]
113	[-73.98943210230127, 0]
113	[-73.98943210230127, 0]
113	[-70.36440385858643, -2]
114	[-73.94445274837744, 0]
114	[-70.36440385858643, -2]
115	[-73.94445274837744, 0]
115	[-70.36440385858643, -2]
116	[-73.94445274837744, 0]
116	[-70.36440385858643, -2]
116	[-70.36440385858643, -2]
117	[-73.94445274837744, 0]
117	[-70.36440385858643, -2]
117	[-70.36440385858643, -2]
117	[-70.36440385858643, -2]
118	[-73.94445274837744, 0]
118	[-70.36440385858643, -2]
118	[-70.36440385858643, -2]
118	[-70.36440385858643, -2]
119	[-73.94445274837744, 0]
119	[-70.36440385858643, -2]
119	[-70.36440385858643, -2]
119	[-70.36440385858643, -2]
119	[-70.36440385858643, -2]
120	[-73.94445274837744, 0]
120	[-70.36440385858643, -2]
120	[-70.36440385858643, -2]
120	[-70.36440385858643, -2]
120	[-70.36440385858643, -2]
121	[-73.94445274837744, 0]
121	[-70.36440385858643, -2]
121	[-70.36440385858643, -2]
121	[-70.36440385858643, -2]
121	[-70.36440385858643, -2]
122	[-73.94445274837744, 0]
122	[-70.36440385858643, -2]
122	[-70.36440385858643, -2]
122	[-70.36440385858643, -2]
122	[-70.36440385858643, -2]
122	[-70.36440385858643, -2]
123	[-73.94445274837744, 0]
123	[-70.36440385858643, -2]
123	[-70.36440385858643, -2]
123	[-70.36440385858643, -2]
123	[-70.36440385858643, -2]
123	[-70.36440385858643, -2]
124	[-73.90796296128919, 0]
124	[-70.36440385858643, -2]
124	[-70.36440385858643, -2]
124	[-70.36440385858643, -2]
124	[-70.36440385858643, -2]
124	[-70.36440385858643, -2]
125	[-73.90796296128919, 0]
125	[-70.36440385858643, -2]
125	[-70.36440385858643, -2]
125	[-70.36440385858643, -2]
125	[-70.36440385858643, -2]
125	[-70.36440385858643, -2]
125	[-70.36440385858643, -2]
126	[-73.90796296128919, 0]
126	[-70.36440385858643, -2]
126	[-70.36440385858643, -2]
126	[-70.36440385858643, -2]
126	[-70.36440385858643, -2]
126	[-70.36440385858643, -2]
126	[-70.36440385858643, -2]
127	[-73.90796296128919, 0]
127	[-70.36440385858643, -2]
127	[-70.36440385858643, -2]
127	[-70.36440385858643, -2]
127	[-70.36440385858643, -2]
127	[-70.36440385858643, -2]
127	[-70.36440385858643, -2]
127	[-70.36440385858643, -2]
128	[-73.90796296128919, 0]
128	[-70.36440385858643, -2]
128	[-70.36440385858643, -2]
128	[-70.36440385858643, -2]
128	[-70.36440385858643, -2]
128	[-70.36440385858643, -2]
128	[-70.36440385858643, -2]
128	[-70.36440385858643, -2]
128	[-70.36440385858643, -2]
128	[-70.36440385858643, -2]
129	[-73.90796296128919, 0]
129	[-70.36440385858643, -2]
129	[-70.36440385858643, -2]
129	[-70.36440385858643, -2]
129	[-70.36440385858643, -2]
129	[-70.36440385858643, -2]
129	[-70.36440385858643, -2]
129	[-70.36440385858643, -2]
129	[-70.36440385858643, -2]
129	[-70.36440385858643, -2]
130	[-73.90796296128919, 0]
130	[-70.36440385858643, -2]
130	[-70.36440385858643, -2]
130	[-70.36440385858643, -2]
130	[-70.36440385858643, -2]
130	[-70.36440385858643, -2]
130	[-70.36440385858643, -2]
130	[-70.36440385858643, -2]
130	[-70.36440385858643, -2]
130	[-70.36440385858643, -2]
131	[-73.90796296128919, 0]
131	[-70.36440385858643, -2]
131	[-70.36440385858643, -2]
131	[-70.36440385858643, -2]
131	[-70.36440385858643, -2]
131	[-70.36440385858643, -2]
131	[-70.36440385858643, -2]
131	[-70.36440385858643, -2]
131	[-70.36440385858643, -2]
131	[-70.36440385858643, -2]
131	[-70.36440385858643, -2]
131	[-70.36440385858643, -2]
132	[-73.47816990134072, 0]
132	[-70.36440385858643, -2]
132	[-70.36440385858643, -2]
132	[-70.36440385858643, -2]
132	[-70.36440385858643, -2]
132	[-70.36440385858643, -2]
132	[-70.36440385858643, -2]
132	[-70.36440385858643, -2]
132	[-70.36440385858643, -2]
132	[-70.36440385858643, -2]
132	[-70.36440385858643, -2]
132	[-70.36440385858643, -2]
132	[-70.36440385858643, -2]
133	[-73.47816990134072, 0]
133	[-70.36440385858643, -2]
133	[-70.36440385858643, -2]
133	[-70.36440385858643, -2]
133	[-70.36440385858643, -2]
133	[-70.36440385858643, -2]
133	[-70.36440385858643, -2]
133	[-70.36440385858643, -2]
133	[-70.36440385858643, -2]
133	[-70.36440385858643, -2]
133	[-70.36440385858643, -2]
133	[-70.36440385858643, -2]
133	[-70.36440385858643, -2]
134	[-73.47816990134072, 0]
134	[-70.36440385858643, -2]
134	[-70.36440385858643, -2]
134	[-70.36440385858643, -2]
134	[-70.36440385858643, -2]
134	[-70.36440385858643, -2]
134	[-70.36440385858643, -2]
134	[-70.36440385858643, -2]
134	[-70.36440385858643, -2]
134	[-70.36440385858643, -2]
134	[-70.36440385858643, -2]
134	[-70.36440385858643, -2]
134	[-70.36440385858643, -2]
134	[-70.36440385858643, -2]
135	[-73.47816990134072, 0]
135	[-70.36440385858643, -2]
135	[-70.36440385858643, -2]
135	[-70.36440385858643, -2]
135	[-70.36440385858643, -2]
135	[-70.36440385858643, -2]
135	[-70.36440385858643, -2]
135	[-70.36440385858643, -2]
135	[-70.36440385858643, -2]
135	[-70.36440385858643, -2]
135	[-70.36440385858643, -2]
135	[-70.36440385858643, -2]
135	[-70.36440385858643, -2]
135	[-70.36440385858643, -2]
136	[-73.47816990134072, 0]
136	[-70.36440385858643, -2]
136	[-70.36440385858643, -2]
136	[-70.36440385858643, -2]
136	[-70.36440385858643, -2]
136	[-70.36440385858643, -2]
136	[-70.36440385858643, -2]
136	[-70.36440385858643, -2]
136	[-70.36440385858643, -2]
136	[-70.36440385858643, -2]
136	[-70.36440385858643, -2]
136	[-70.36440385858643, -2]
136	[-70.36440385858643, -2]
136	[-70.36440385858643, -2]
137	[-73.47816990134072, 0]
137	[-70.36440385858643, -2]
137	[-70.36440385858643, -2]
137	[-70.36440385858643, -2]
137	[-70.36440385858643, -2]
137	[-70.36440385858643, -2]
137	[-70.36440385858643, -2]
137	[-70.36440385858643, -2]
137	[-70.36440385858643, -2]
137	[-70.36440385858643, -2]
137	[-70.36440385858643, -2]
137	[-70.36440385858643, -2]
137	[-70.36440385858643, -2]
137	[-70.36440385858643, -2]
137	[-70.36440385858643, -2]
138	[-73.47816990134072, 0]
138	[-70.36440385858643, -2]
138	[-70.36440385858643, -2]
138	[-70.36440385858643, -2]
138	[-70.36440385858643, -2]
138	[-70.36440385858643, -2]
138	[-70.36440385858643, -2]
138	[-70.36440385858643, -2]
138	[-70.36440385858643, -2]
138	[-70.36440385858643, -2]
138	[-70.36440385858643, -2]
138	[-70.36440385858643, -2]
138	[-70.36440385858643, -2]
138	[-70.36440385858643, -2]
138	[-70.36440385858643, -2]
139	[-73.47816990134072, 0]
139	[-70.36440385858643, -2]
139	[-70.36440385858643, -2]
139	[-70.36440385858643, -2]
139	[-70.36440385858643, -2]
139	[-70.36440385858643, -2]
139	[-70.36440385858643, -2]
139	[-70.36440385858643, -2]
139	[-70.36440385858643, -2]
139	[-70.36440385858643, -2]
139	[-70.36440385858643, -2]
139	[-70.36440385858643, -2]
139	[-70.36440385858643, -2]
139	[-70.36440385858643, -2]
139	[-70.36440385858643, -2]
139	[-70.36440385858643, -2]
140	[-73.47816990134072, 0]
140	[-73.47816990134072, 0]
140	[-70.36440385858643, -2]
140	[-70.36440385858643, -2]
140	[-70.36440385858643, -2]
140	[-70.36440385858643, -2]
140	[-70.36440385858643, -2]
140	[-70.36440385858643, -2]
140	[-70.36440385858643, -2]
140	[-70.36440385858643, -2]
140	[-70.36440385858643, -2]
140	[-70.36440385858643, -2]
140	[-70.36440385858643, -2]
140	[-70.36440385858643, -2]
140	[-70.36440385858643, -2]
140	[-70.36440385858643, -2]
140	[-70.36440385858643, -2]
140	[-70.36440385858643, -2]
141	[-73.47816990134072, 0]
141	[-73.47816990134072, 0]
141	[-70.36440385858643, -2]
141	[-70.36440385858643, -2]
141	[-70.36440385858643, -2]
141	[-70.36440385858643, -2]
141	[-70.36440385858643, -2]
141	[-70.36440385858643, -2]
141	[-70.36440385858643, -2]
141	[-70.36440385858643, -2]
141	[-70.36440385858643, -2]
141	[-70.36440385858643, -2]
141	[-70.36440385858643, -2]
141	[-70.36440385858643, -2]
141	[-70.36440385858643, -2]
141	[-70.36440385858643, -2]
141	[-70.36440385858643, -2]
141	[-70.36440385858643, -2]
141	[-70.36440385858643, -2]
142	[-73.47816990134072, 0]
142	[-73.47816990134072, 0]
142	[-70.36440385858643, -2]
142	[-70.36440385858643, -2]
142	[-70.36440385858643, -2]
142	[-70.36440385858643, -2]
142	[-70.36440385858643, -2]
142	[-70.36440385858643, -2]
142	[-70.36440385858643, -2]
142	[-70.36440385858643, -2]
142	[-70.36440385858643, -2]
142	[-70.36440385858643, -2]
142	[-70.36440385858643, -2]
142	[-70.36440385858643, -2]
142	[-70.36440385858643, -2]
142	[-70.36440385858643, -2]
142	[-70.36440385858643, -2]
142	[-70.36440385858643, -2]
142	[-70.36440385858643, -2]
142	[-70.36440385858643, -2]
142	[-70.36440385858643, -2]
142	[-70.36440385858643, -2]
142	[-70.36440385858643, -2]
143	[-73.3493817531028, 0]
143	[-70.26556199833463, -2]
144	[-73.3493817531028, 0]
144	[-70.26556199833463, -2]
145	[-73.3493817531028, 0]
145	[-73.3493817531028, 0]
145	[-70.26556199833463, -2]
146	[-73.3493817531028, 0]
146	[-73.3493817531028, 0]
146	[-70.26556199833463, -2]
147	[-72.94300854869411, 0]
147	[-70.26556199833463, -2]
148	[-72.94300854869411, 0]
148	[-70.26556199833463, -2]
149	[-72.82286240237723, 0]
149	[-70.26556199833463, -2]
149	[-70.26556199833463, -2]
150	[-72.82286240237723, 0]
150	[-70.26556199833463, -2]
150	[-70.26556199833463, -2]
151	[-72.82286240237723, 0]
151	[-70.26556199833463, -2]
151	[-70.26556199833463, -2]
151	[-70.26556199833463, -2]
152	[-72.82286240237723, 0]
152	[-70.26556199833463, -2]
152	[-70.26556199833463, -2]
152	[-70.26556199833463, -2]
152	[-70.26556199833463, -2]
152	[-70.26556199833463, -2]
153	[-72.82286240237723, 0]
153	[-70.26556199833463, -2]
153	[-70.26556199833463, -2]
153	[-70.26556199833463, -2]
153	[-70.26556199833463, -2]
153	[-70.26556199833463, -2]
153	[-70.26556199833463, -2]
154	[-72.82286240237723, 0]
154	[-70.26556199833463, -2]
154	[-70.26556199833463, -2]
154	[-70.26556199833463, -2]
154	[-70.26556199833463, -2]
154	[-70.26556199833463, -2]
154	[-70.26556199833463, -2]
155	[-72.82286240237723, 0]
155	[-70.26556199833463, -2]
155	[-70.26556199833463, -2]
155	[-70.26556199833463, -2]
155	[-70.26556199833463, -2]
155	[-70.26556199833463, -2]
155	[-70.26556199833463, -2]
156	[-72.82286240237723, 0]
156	[-72.82286240237723, 0]
156	[-70.26556199833463, -2]
156	[-70.26556199833463, -2]
156	[-70.26556199833463, -2]
156	[-70.26556199833463, -2]
156	[-70.26556199833463, -2]
156	[-70.26556199833463, -2]
156	[-70.26556199833463, -2]
157	[-72.82286240237723, 0]
157	[-72.82286240237723, 0]
157	[-70.26556199833463, -2]
157	[-70.26556199833463, -2]
157	[-70.26556199833463, -2]
157	[-70.26556199833463, -2]
157	[-70.26556199833463, -2]
157	[-70.26556199833463, -2]
157	[-70.26556199833463, -2]
158	[-72.82286240237723, 0]
158	[-72.82286240237723, 0]
158	[-70.26556199833463, -2]
158	[-70.26556199833463, -2]
158	[-70.26556199833463, -2]
158	[-70.26556199833463, -2]
158	[-70.26556199833463, -2]
158	[-70.26556199833463, -2]
158	[-70.26556199833463, -2]
158	[-70.26556199833463, -2]
159	[-72.82286240237723, 0]
159	[-72.82286240237723, 0]
159	[-70.26556199833463, -2]
159	[-70.26556199833463, -2]
159	[-70.26556199833463, -2]
159	[-70.26556199833463, -2]
159	[-70.26556199833463, -2]
159	[-70.26556199833463, -2]
159	[-70.26556199833463, -2]
159	[-70.26556199833463, -2]
160	[-72.82286240237723, 0]
160	[-72.82286240237723, 0]
160	[-70.26556199833463, -2]
160	[-70.26556199833463, -2]
160	[-70.26556199833463, -2]
160	[-70.26556199833463, -2]
160	[-70.26556199833463, -2]
160	[-70.26556199833463, -2]
160	[-70.26556199833463, -2]
160	[-70.26556199833463, -2]
160	[-70.26556199833463, -2]
161	[-72.6750032910661, 0]
161	[-70.26556199833463, -2]
161	[-70.26556199833463, -2]
161	[-70.26556199833463, -2]
161	[-70.26556199833463, -2]
161	[-70.26556199833463, -2]
161	[-70.26556199833463, -2]
161	[-70.26556199833463, -2]
161	[-70.26556199833463, -2]
161	[-70.26556199833463, -2]
161	[-70.26556199833463, -2]
161	[-70.26556199833463, -2]
161	[-70.26556199833463, -2]
162	[-72.6750032910661, 0]
162	[-70.26556199833463, -2]
162	[-70.26556199833463, -2]
162	[-70.26556199833463, -2]
162	[-70.26556199833463, -2]
162	[-70.26556199833463, -2]
162	[-70.26556199833463, -2]
162	[-70.26556199833463, -2]
162	[-70.26556199833463, -2]
162	[-70.26556199833463, -2]
162	[-70.26556199833463, -2]
162	[-70.26556199833463, -2]
162	[-70.26556199833463, -2]
162	[-70.26556199833463, -2]
163	[-72.6750032910661, 0]
163	[-70.26556199833463, -2]
163	[-70.26556199833463, -2]
163	[-70.26556199833463, -2]
163	[-70.26556199833463, -2]
163	[-70.26556199833463, -2]
163	[-70.26556199833463, -2]
163	[-70.26556199833463, -2]
163	[-70.26556199833463, -2]
163	[-70.26556199833463, -2]
163	[-70.26556199833463, -2]
163	[-70.26556199833463, -2]
163	[-70.26556199833463, -2]
163	[-70.26556199833463, -2]
164	[-72.6750032910661, 0]
164	[-70.26556199833463, -2]
164	[-70.26556199833463, -2]
164	[-70.26556199833463, -2]
164	[-70.26556199833463, -2]
164	[-70.26556199833463, -2]
164	[-70.26556199833463, -2]
164	[-70.26556199833463, -2]
164	[-70.26556199833463, -2]
164	[-70.26556199833463, -2]
164	[-70.26556199833463, -2]
164	[-70.26556199833463, -2]
164	[-70.26556199833463, -2]
164	[-70.26556199833463, -2]
165	[-72.6750032910661, 0]
165	[-70.26556199833463, -2]
165	[-70.26556199833463, -2]
165	[-70.26556199833463, -2]
165	[-70.26556199833463, -2]
165	[-70.26556199833463, -2]
165	[-70.26556199833463, -2]
165	[-70.26556199833463, -2]
165	[-70.26556199833463, -2]
165	[-70.26556199833463, -2]
165	[-70.26556199833463, -2]
165	[-70.26556199833463, -2]
165	[-70.26556199833463, -2]
165	[-70.26556199833463, -2]
165	[-70.26556199833463, -2]
165	[-70.26556199833463, -2]
165	[-70.26556199833463, -2]
166	[-72.6750032910661, 0]
166	[-70.26556199833463, -2]
166	[-70.26556199833463, -2]
166	[-70.26556199833463, -2]
166	[-70.26556199833463, -2]
166	[-70.26556199833463, -2]
166	[-70.26556199833463, -2]
166	[-70.26556199833463, -2]
166	[-70.26556199833463, -2]
166	[-70.26556199833463, -2]
166	[-70.26556199833463, -2]
166	[-70.26556199833463, -2]
166	[-70.26556199833463, -2]
166	[-70.26556199833463, -2]
166	[-70.26556199833463, -2]
166	[-70.26556199833463, -2]
166	[-70.26556199833463, -2]
167	[-72.6750032910661, 0]
167	[-70.26556199833463, -2]
167	[-70.26556199833463, -2]
167	[-70.26556199833463, -2]
167	[-70.26556199833463, -2]
167	[-70.26556199833463, -2]
167	[-70.26556199833463, -2]
167	[-70.26556199833463, -2]
167	[-70.26556199833463, -2]
167	[-70.26556199833463, -2]
167	[-70.26556199833463, -2]
167	[-70.26556199833463, -2]
167	[-70.26556199833463, -2]
167	[-70.26556199833463, -2]
167	[-70.26556199833463, -2]
167	[-70.26556199833463, -2]
167	[-70.26556199833463, -2]
167	[-70.26556199833463, -2]
167	[-70.26556199833463, -2]
168	[-72.6750032910661, 0]
168	[-70.26556199833463, -2]
168	[-70.26556199833463, -2]
168	[-70.26556199833463, -2]
168	[-70.26556199833463, -2]
168	[-70.26556199833463, -2]
168	[-70.26556199833463, -2]
168	[-70.26556199833463, -2]
168	[-70.26556199833463, -2]
168	[-70.26556199833463, -2]
168	[-70.26556199833463, -2]
168	[-70.26556199833463, -2]
168	[-70.26556199833463, -2]
168	[-70.26556199833463, -2]
168	[-70.26556199833463, -2]
168	[-70.26556199833463, -2]
168	[-70.26556199833463, -2]
168	[-70.26556199833463, -2]
168	[-70.26556199833463, -2]
168	[-70.26556199833463, -2]
169	[-72.6750032910661, 0]
169	[-70.26556199833463, -2]
169	[-70.26556199833463, -2]
169	[-70.26556199833463, -2]
169	[-70.26556199833463, -2]
169	[-70.26556199833463, -2]
169	[-70.26556199833463, -2]
169	[-70.26556199833463, -2]
169	[-70.26556199833463, -2]
169	[-70.26556199833463, -2]
169	[-70.26556199833463, -2]
169	[-70.26556199833463, -2]
169	[-70.26556199833463, -2]
169	[-70.26556199833463, -2]
169	[-70.26556199833463, -2]
169	[-70.26556199833463, -2]
169	[-70.26556199833463, -2]
169	[-70.26556199833463, -2]
169	[-70.26556199833463, -2]
169	[-70.26556199833463, -2]
170	[-72.6750032910661, 0]
170	[-70.26556199833463, -2]
170	[-70.26556199833463, -2]
170	[-70.26556199833463, -2]
170	[-70.26556199833463, -2]
170	[-70.26556199833463, -2]
170	[-70.26556199833463, -2]
170	[-70.26556199833463, -2]
170	[-70.26556199833463, -2]
170	[-70.26556199833463, -2]
170	[-70.26556199833463, -2]
170	[-70.26556199833463, -2]
170	[-70.26556199833463, -2]
170	[-70.26556199833463, -2]
170	[-70.26556199833463, -2]
170	[-70.26556199833463, -2]
170	[-70.26556199833463, -2]
170	[-70.26556199833463, -2]
170	[-70.26556199833463, -2]
170	[-70.26556199833463, -2]
170	[-70.26556199833463, -2]
170	[-70.26556199833463, -2]
171	[-72.6750032910661, 0]
171	[-70.26556199833463, -2]
171	[-70.26556199833463, -2]
171	[-70.26556199833463, -2]
171	[-70.26556199833463, -2]
171	[-70.26556199833463, -2]
171	[-70.26556199833463, -2]
171	[-70.26556199833463, -2]
171	[-70.26556199833463, -2]
171	[-70.26556199833463, -2]
171	[-70.26556199833463, -2]
171	[-70.26556199833463, -2]
171	[-70.26556199833463, -2]
171	[-70.26556199833463, -2]
171	[-70.26556199833463, -2]
171	[-70.26556199833463, -2]
171	[-70.26556199833463, -2]
171	[-70.26556199833463, -2]
171	[-70.26556199833463, -2]
171	[-70.26556199833463, -2]
171	[-70.26556199833463, -2]
171	[-70.26556199833463, -2]
171	[-70.26556199833463, -2]
172	[-72.6750032910661, 0]
172	[-70.26556199833463, -2]
172	[-70.26556199833463, -2]
172	[-70.26556199833463, -2]
172	[-70.26556199833463, -2]
172	[-70.26556199833463, -2]
172	[-70.26556199833463, -2]
172	[-70.26556199833463, -2]
172	[-70.26556199833463, -2]
172	[-70.26556199833463, -2]
172	[-70.26556199833463, -2]
172	[-70.26556199833463, -2]
172	[-70.26556199833463, -2]
172	[-70.26556199833463, -2]
172	[-70.26556199833463, -2]
172	[-70.26556199833463, -2]
172	[-70.26556199833463, -2]
172	[-70.26556199833463, -2]
172	[-70.26556199833463, -2]
172	[-70.26556199833463, -2]
172	[-70.26556199833463, -2]
172	[-70.26556199833463, -2]
172	[-70.26556199833463, -2]
172	[-70.26556199833463, -2]
173	[-72.6750032910661, 0]
173	[-70.26556199833463, -2]
173	[-70.26556199833463, -2]
173	[-70.26556199833463, -2]
173	[-70.26556199833463, -2]
173	[-70.26556199833463, -2]
173	[-70.26556199833463, -2]
173	[-70.26556199833463, -2]
173	[-70.26556199833463, -2]
173	[-70.26556199833463, -2]
173	[-70.26556199833463, -2]
173	[-70.26556199833463, -2]
173	[-70.26556199833463, -2]
173	[-70.26556199833463, -2]
173	[-70.26556199833463, -2]
173	[-70.26556199833463, -2]
173	[-70.26556199833463, -2]
173	[-70.26556199833463, -2]
173	[-70.26556199833463, -2]
173	[-70.26556199833463, -2]
173	[-70.26556199833463, -2]
173	[-70.26556199833463, -2]
173	[-70.26556199833463, -2]
173	[-70.26556199833463, -2]
173	[-70.26556199833463, -2]
174	[-72.6750032910661, 0]
174	[-72.6750032910661, 0]
174	[-70.26556199833463, -2]
174	[-70.26556199833463, -2]
174	[-70.26556199833463, -2]
174	[-70.26556199833463, -2]
174	[-70.26556199833463, -2]
174	[-70.26556199833463, -2]
174	[-70.26556199833463, -2]
174	[-70.26556199833463, -2]
174	[-70.26556199833463, -2]
174	[-70.26556199833463, -2]
174	[-70.26556199833463, -2]
174	[-70.26556199833463, -2]
174	[-70.26556199833463, -2]
174	[-70.26556199833463, -2]
174	[-70.26556199833463, -2]
174	[-70.26556199833463, -2]
174	[-70.26556199833463, -2]
174	[-70.26556199833463, -2]
174	[-70.26556199833463, -2]
174	[-70.26556199833463, -2]
174	[-70.26556199833463, -2]
174	[-70.26556199833463, -2]
174	[-70.26556199833463, -2]
174	[-70.26556199833463, -2]
174	[-70.26556199833463, -2]
174	[-70.26556199833463, -2]
175	[-72.6750032910661, 0]
175	[-72.6750032910661, 0]
175	[-70.26556199833463, -2]
175	[-70.26556199833463, -2]
175	[-70.26556199833463, -2]
175	[-70.26556199833463, -2]
175	[-70.26556199833463, -2]
175	[-70.26556199833463, -2]
175	[-70.26556199833463, -2]
175	[-70.26556199833463, -2]
175	[-70.26556199833463, -2]
175	[-70.26556199833463, -2]
175	[-70.26556199833463, -2]
175	[-70.26556199833463, -2]
175	[-70.26556199833463, -2]
175	[-70.26556199833463, -2]
175	[-70.26556199833463, -2]
175	[-70.26556199833463, -2]
175	[-70.26556199833463, -2]
175	[-70.26556199833463, -2]
175	[-70.26556199833463, -2]
175	[-70.26556199833463, -2]
175	[-70.26556199833463, -2]
175	[-70.26556199833463, -2]
175	[-70.26556199833463, -2]
175	[-70.26556199833463, -2]
175	[-70.26556199833463, -2]
175	[-70.26556199833463, -2]
175	[-70.26556199833463, -2]
175	[-70.26556199833463, -2]
176	[-72.6750032910661, 0]
176	[-72.6750032910661, 0]
176	[-70.26556199833463, -2]
176	[-70.26556199833463, -2]
176	[-70.26556199833463, -2]
176	[-70.26556199833463, -2]
176	[-70.26556199833463, -2]
176	[-70.26556199833463, -2]
176	[-70.26556199833463, -2]
176	[-70.26556199833463, -2]
176	[-70.26556199833463, -2]
176	[-70.26556199833463, -2]
176	[-70.26556199833463, -2]
176	[-70.26556199833463, -2]
176	[-70.26556199833463, -2]
176	[-70.26556199833463, -2]
176	[-70.26556199833463, -2]
176	[-70.26556199833463, -2]
176	[-70.26556199833463, -2]
176	[-70.26556199833463, -2]
176	[-70.26556199833463, -2]
176	[-70.26556199833463, -2]
176	[-70.26556199833463, -2]
176	[-70.26556199833463, -2]
176	[-70.26556199833463, -2]
176	[-70.26556199833463, -2]
176	[-70.26556199833463, -2]
176	[-70.26556199833463, -2]
176	[-70.26556199833463, -2]
176	[-70.26556199833463, -2]
177	[-72.6750032910661, 0]
177	[-72.6750032910661, 0]
177	[-70.05465740466687, -2]
178	[-72.6750032910661, 0]
178	[-72.6750032910661, 0]
178	[-70.05465740466687, -2]
179	[-72.6750032910661, 0]
179	[-72.6750032910661, 0]
179	[-72.6750032910661, 0]
179	[-70.05465740466687, -2]
180	[-72.6750032910661, 0]
180	[-72.6750032910661, 0]
180	[-72.6750032910661, 0]
180	[-70.05465740466687, -2]
181	[-72.6750032910661, 0]
181	[-72.6750032910661, 0]
181	[-72.6750032910661, 0]
181	[-70.05465740466687, -2]
182	[-72.6750032910661, 0]
182	[-72.6750032910661, 0]
182	[-72.6750032910661, 0]
182	[-70.05465740466687, -2]
182	[-70.05465740466687, -2]
183	[-72.6750032910661, 0]
183	[-72.6750032910661, 0]
183	[-72.6750032910661, 0]
183	[-70.05465740466687, -2]
183	[-70.05465740466687, -2]
184	[-72.38426094674817, 0]
184	[-70.05465740466687, -2]
184	[-70.05465740466687, -2]
185	[-72.34852625002847, 0]
185	[-70.05465740466687, -2]
185	[-70.05465740466687, -2]
186	[-72.34852625002847, 0]
186	[-72.34852625002847, 0]
186	[-70.05465740466687, -2]
186	[-70.05465740466687, -2]
186	[-70.05465740466687, -2]
187	[-72.34852625002847, 0]
187	[-72.34852625002847, 0]
187	[-70.05465740466687, -2]
187	[-70.05465740466687, -2]
187	[-70.05465740466687, -2]
188	[-72.34852625002847, 0]
188	[-72.34852625002847, 0]
188	[-70.05465740466687, -2]
188	[-70.05465740466687, -2]
188	[-70.05465740466687, -2]
189	[-72.3287921902185, 0]
189	[-70.05465740466687, -2]
189	[-70.05465740466687, -2]
189	[-70.05465740466687, -2]
190	[-72.3287921902185, 0]
190	[-70.05465740466687, -2]
190	[-70.05465740466687, -2]
190	[-70.05465740466687, -2]
190	[-70.05465740466687, -2]
191	[-72.19065833935542, 0]
191	[-70.04720606338752, -2]
192	[-72.19065833935542, 0]
192	[-70.04720606338752, -2]
193	[-72.19065833935542, 0]
193	[-70.04720606338752, -2]
194	[-72.19065833935542, 0]
194	[-70.04720606338752, -2]
195	[-72.19065833935542, 0]
195	[-70.04720606338752, -2]
196	[-72.19065833935542, 0]
196	[-70.04720606338752, -2]
196	[-70.04720606338752, -2]
197	[-72.19065833935542, 0]
197	[-70.04720606338752, -2]
197	[-70.04720606338752, -2]
198	[-72.19065833935542, 0]
198	[-70.04092153043963, -2]
199	[-72.19065833935542, 0]
199	[-70.04092153043963, -2]
200	[-72.19065833935542, 0]
200	[-70.03781167278746, -2]
201	[-72.19065833935542, 0]
201	[-72.19065833935542, 0]
201	[-70.03781167278746, -2]
202	[-72.19065833935542, 0]
202	[-72.19065833935542, 0]
202	[-70.01922436770263, -2]
203	[-72.19065833935542, 0]
203	[-72.19065833935542, 0]
203	[-70.01922436770263, -2]
204	[-72.19065833935542, 0]
204	[-72.19065833935542, 0]
204	[-70.01922436770263, -2]
205	[-72.19065833935542, 0]
205	[-72.19065833935542, 0]
205	[-69.97266698619481, -2]
206	[-72.19065833935542, 0]
206	[-72.19065833935542, 0]
206	[-69.97266698619481, -2]
207	[-72.19065833935542, 0]
207	[-72.19065833935542, 0]
207	[-72.19065833935542, 0]
207	[-69.97266698619481, -2]
208	[-72.19065833935542, 0]
208	[-72.19065833935542, 0]
208	[-72.19065833935542, 0]
208	[-72.19065833935542, 0]
208	[-72.19065833935542, 0]
208	[-69.97266698619481, -2]
208	[-69.97266698619481, -2]
209	[-72.19065833935542, 0]
209	[-72.19065833935542, 0]
209	[-72.19065833935542, 0]
209	[-72.19065833935542, 0]
209	[-72.19065833935542, 0]
209	[-72.19065833935542, 0]
209	[-69.83908726864917, -2]
210	[-72.19065833935542, 0]
210	[-72.19065833935542, 0]
210	[-72.19065833935542, 0]
210	[-72.19065833935542, 0]
210	[-72.19065833935542, 0]
210	[-72.19065833935542, 0]
210	[-69.83908726864917, -2]
211	[-72.16892086856043, 0]
211	[-69.83908726864917, -2]
212	[-72.16892086856043, 0]
212	[-69.83908726864917, -2]
213	[-72.16892086856043, 0]
213	[-69.83908726864917, -2]
214	[-72.16892086856043, 0]
214	[-69.83908726864917, -2]
215	[-72.16892086856043, 0]
215	[-69.83908726864917, -2]
215	[-69.83908726864917, -2]
215	[-69.83908726864917, -2]
216	[-72.16892086856043, 0]
216	[-69.81880783070541, -2]
217	[-72.16892086856043, 0]
217	[-69.81880783070541, -2]
218	[-72.16892086856043, 0]
218	[-69.81880783070541, -2]
219	[-72.16892086856043, 0]
219	[-69.81880783070541, -2]
220	[-72.16892086856043, 0]
220	[-69.81880783070541, -2]
221	[-72.16892086856043, 0]
221	[-69.81880783070541, -2]
222	[-72.16892086856043, 0]
222	[-69.81880783070541, -2]
223	[-72.16892086856043, 0]
223	[-69.81880783070541, -2]
224	[-72.16892086856043, 0]
224	[-72.16892086856043, 0]
224	[-69.81880783070541, -2]
225	[-72.16892086856043, 0]
225	[-72.16892086856043, 0]
225	[-69.81329451998793, -2]
226	[-72.16892086856043, 0]
226	[-72.16892086856043, 0]
226	[-69.65343169997931, -2]
227	[-72.16892086856043, 0]
227	[-72.16892086856043, 0]
227	[-69.65343169997931, -2]
228	[-72.16892086856043, 0]
228	[-72.16892086856043, 0]
228	[-69.65343169997931, -2]
228	[-69.65343169997931, -2]
229	[-72.16892086856043, 0]
229	[-72.16892086856043, 0]
229	[-69.65343169997931, -2]
229	[-69.65343169997931, -2]
230	[-72.16892086856043, 0]
230	[-72.16892086856043, 0]
230	[-72.16892086856043, 0]
230	[-69.65343169997931, -2]
230	[-69.65343169997931, -2]
231	[-72.16892086856043, 0]
231	[-72.16892086856043, 0]
231	[-72.16892086856043, 0]
231	[-69.65343169997931, -2]
231	[-69.65343169997931, -2]
232	[-72.16892086856043, 0]
232	[-72.16892086856043, 0]
232	[-72.16892086856043, 0]
232	[-72.16892086856043, 0]
232	[-69.65343169997931, -2]
232	[-69.65343169997931, -2]
232	[-69.65343169997931, -2]
233	[-72.16892086856043, 0]
233	[-72.16892086856043, 0]
233	[-72.16892086856043, 0]
233	[-72.16892086856043, 0]
233	[-69.65343169997931, -2]
233	[-69.65343169997931, -2]
233	[-69.65343169997931, -2]
233	[-69.65343169997931, -2]
234	[-72.16892086856043, 0]
234	[-72.16892086856043, 0]
234	[-72.16892086856043, 0]
234	[-72.16892086856043, 0]
234	[-72.16892086856043, 0]
234	[-72.16892086856043, 0]
234	[-69.65343169997931, -2]
234	[-69.65343169997931, -2]
234	[-69.65343169997931, -2]
234	[-69.65343169997931, -2]
235	[-72.16892086856043, 0]
235	[-72.16892086856043, 0]
235	[-72.16892086856043, 0]
235	[-72.16892086856043, 0]
235	[-72.16892086856043, 0]
235	[-72.16892086856043, 0]
235	[-72.16892086856043, 0]
235	[-69.65343169997931, -2]
235	[-69.65343169997931, -2]
235	[-69.65343169997931, -2]
235	[-69.65343169997931, -2]
236	[-72.16892086856043, 0]
236	[-72.16892086856043, 0]
236	[-72.16892086856043, 0]
236	[-72.16892086856043, 0]
236	[-72.16892086856043, 0]
236	[-72.16892086856043, 0]
236	[-72.16892086856043, 0]
236	[-72.16892086856043, 0]
236	[-72.16892086856043, 0]
236	[-69.65343169997931, -2]
236	[-69.65343169997931, -2]
236	[-69.65343169997931, -2]
236	[-69.65343169997931, -2]
237	[-72.16892086856043, 0]
237	[-72.16892086856043, 0]
237	[-72.16892086856043, 0]
237	[-72.16892086856043, 0]
237	[-72.16892086856043, 0]
237	[-72.16892086856043, 0]
237	[-72.16892086856043, 0]
237	[-72.16892086856043, 0]
237	[-72.16892086856043, 0]
237	[-72.16892086856043, 0]
237	[-69.65343169997931, -2]
237	[-69.65343169997931, -2]
237	[-69.65343169997931, -2]
237	[-69.65343169997931, -2]
238	[-72.16892086856043, 0]
238	[-72.16892086856043, 0]
238	[-72.16892086856043, 0]
238	[-72.16892086856043, 0]
238	[-72.16892086856043, 0]
238	[-72.16892086856043, 0]
238	[-72.16892086856043, 0]
238	[-72.16892086856043, 0]
238	[-72.16892086856043, 0]
238	[-72.16892086856043, 0]
238	[-69.65343169997931, -2]
238	[-69.65343169997931, -2]
238	[-69.65343169997931, -2]
238	[-69.65343169997931, -2]
239	[-72.16892086856043, 0]
239	[-72.16892086856043, 0]
239	[-72.16892086856043, 0]
239	[-72.16892086856043, 0]
239	[-72.16892086856043, 0]
239	[-72.16892086856043, 0]
239	[-72.16892086856043, 0]
239	[-72.16892086856043, 0]
239	[-72.16892086856043, 0]
239	[-72.16892086856043, 0]
239	[-72.16892086856043, 0]
239	[-72.16892086856043, 0]
239	[-69.6131838971563, -2]
240	[-72.16892086856043, 0]
240	[-72.16892086856043, 0]
240	[-72.16892086856043, 0]
240	[-72.16892086856043, 0]
240	[-72.16892086856043, 0]
240	[-72.16892086856043, 0]
240	[-72.16892086856043, 0]
240	[-72.16892086856043, 0]
240	[-72.16892086856043, 0]
240	[-72.16892086856043, 0]
240	[-72.16892086856043, 0]
240	[-72.16892086856043, 0]
240	[-72.16892086856043, 0]
240	[-69.6131838971563, -2]
241	[-72.16892086856043, 0]
241	[-72.16892086856043, 0]
241	[-72.16892086856043, 0]
241	[-72.16892086856043, 0]
241	[-72.16892086856043, 0]
241	[-72.16892086856043, 0]
241	[-72.16892086856043, 0]
241	[-72.16892086856043, 0]
241	[-72.16892086856043, 0]
241	[-72.16892086856043, 0]
241	[-72.16892086856043, 0]
241	[-72.16892086856043, 0]
241	[-72.16892086856043, 0]
241	[-72.16892086856043, 0]
241	[-72.16892086856043, 0]
241	[-69.6131838971563, -2]
242	[-72.16892086856043, 0]
242	[-72.16892086856043, 0]
242	[-72.16892086856043, 0]
242	[-72.16892086856043, 0]
242	[-72.16892086856043, 0]
242	[-72.16892086856043, 0]
242	[-72.16892086856043, 0]
242	[-72.16892086856043, 0]
242	[-72.16892086856043, 0]
242	[-72.16892086856043, 0]
242	[-72.16892086856043, 0]
242	[-72.16892086856043, 0]
242	[-72.16892086856043, 0]
242	[-72.16892086856043, 0]
242	[-72.16892086856043, 0]
242	[-69.6131838971563, -2]
242	[-69.6131838971563, -2]
243	[-72.16892086856043, 0]
243	[-72.16892086856043, 0]
243	[-72.16892086856043, 0]
243	[-72.16892086856043, 0]
243	[-72.16892086856043, 0]
243	[-72.16892086856043, 0]
243	[-72.16892086856043, 0]
243	[-72.16892086856043, 0]
243	[-72.16892086856043, 0]
243	[-72.16892086856043, 0]
243	[-72.16892086856043, 0]
243	[-72.16892086856043, 0]
243	[-72.16892086856043, 0]
243	[-72.16892086856043, 0]
243	[-72.16892086856043, 0]
243	[-69.6131838971563, -2]
243	[-69.6131838971563, -2]
244	[-72.16892086856043, 0]
244	[-72.16892086856043, 0]
244	[-72.16892086856043, 0]
244	[-72.16892086856043, 0]
244	[-72.16892086856043, 0]
244	[-72.16892086856043, 0]
244	[-72.16892086856043, 0]
244	[-72.16892086856043, 0]
244	[-72.16892086856043, 0]
244	[-72.16892086856043, 0]
244	[-72.16892086856043, 0]
244	[-72.16892086856043, 0]
244	[-72.16892086856043, 0]
244	[-72.16892086856043, 0]
244	[-72.16892086856043, 0]
244	[-72.16892086856043, 0]
244	[-69.6131838971563, -2]
244	[-69.6131838971563, -2]
245	[-72.16892086856043, 0]
245	[-72.16892086856043, 0]
245	[-72.16892086856043, 0]
245	[-72.16892086856043, 0]
245	[-72.16892086856043, 0]
245	[-72.16892086856043, 0]
245	[-72.16892086856043, 0]
245	[-72.16892086856043, 0]
245	[-72.16892086856043, 0]
245	[-72.16892086856043, 0]
245	[-72.16892086856043, 0]
245	[-72.16892086856043, 0]
245	[-72.16892086856043, 0]
245	[-72.16892086856043, 0]
245	[-72.16892086856043, 0]
245	[-72.16892086856043, 0]
245	[-72.16892086856043, 0]
245	[-69.6131838971563, -2]
245	[-69.6131838971563, -2]
246	[-72.16892086856043, 0]
246	[-72.16892086856043, 0]
246	[-72.16892086856043, 0]
246	[-72.16892086856043, 0]
246	[-72.16892086856043, 0]
246	[-72.16892086856043, 0]
246	[-72.16892086856043, 0]
246	[-72.16892086856043, 0]
246	[-72.16892086856043, 0]
246	[-72.16892086856043, 0]
246	[-72.16892086856043, 0]
246	[-72.16892086856043, 0]
246	[-72.16892086856043, 0]
246	[-72.16892086856043, 0]
246	[-72.16892086856043, 0]
246	[-72.16892086856043, 0]
246	[-72.16892086856043, 0]
246	[-72.16892086856043, 0]
246	[-69.6131838971563, -2]
246	[-69.6131838971563, -2]
247	[-72.16892086856043, 0]
247	[-72.16892086856043, 0]
247	[-72.16892086856043, 0]
247	[-72.16892086856043, 0]
247	[-72.16892086856043, 0]
247	[-72.16892086856043, 0]
247	[-72.16892086856043, 0]
247	[-72.16892086856043, 0]
247	[-72.16892086856043, 0]
247	[-72.16892086856043, 0]
247	[-72.16892086856043, 0]
247	[-72.16892086856043, 0]
247	[-72.16892086856043, 0]
247	[-72.16892086856043, 0]
247	[-72.16892086856043, 0]
247	[-72.16892086856043, 0]
247	[-72.16892086856043, 0]
247	[-72.16892086856043, 0]
247	[-72.16892086856043, 0]
247	[-72.16892086856043, 0]
247	[-69.6131838971563, -2]
247	[-69.6131838971563, -2]
248	[-72.16892086856043, 0]
248	[-72.16892086856043, 0]
248	[-72.16892086856043, 0]
248	[-72.16892086856043, 0]
248	[-72.16892086856043, 0]
248	[-72.16892086856043, 0]
248	[-72.16892086856043, 0]
248	[-72.16892086856043, 0]
248	[-72.16892086856043, 0]
248	[-72.16892086856043, 0]
248	[-72.16892086856043, 0]
248	[-72.16892086856043, 0]
248	[-72.16892086856043, 0]
248	[-72.16892086856043, 0]
248	[-72.16892086856043, 0]
248	[-72.16892086856043, 0]
248	[-72.16892086856043, 0]
248	[-72.16892086856043, 0]
248	[-72.16892086856043, 0]
248	[-72.16892086856043, 0]
248	[-72.16892086856043, 0]
248	[-72.16892086856043, 0]
248	[-69.6131838971563, -2]
248	[-69.6131838971563, -2]
249	[-72.16892086856043, 0]
249	[-72.16892086856043, 0]
249	[-72.16892086856043, 0]
249	[-72.16892086856043, 0]
249	[-72.16892086856043, 0]
249	[-72.16892086856043, 0]
249	[-72.16892086856043, 0]
249	[-72.16892086856043, 0]
249	[-72.16892086856043, 0]
249	[-72.16892086856043, 0]
249	[-72.16892086856043, 0]
249	[-72.16892086856043, 0]
249	[-72.16892086856043, 0]
249	[-72.16892086856043, 0]
249	[-72.16892086856043, 0]
249	[-72.16892086856043, 0]
249	[-72.16892086856043, 0]
249	[-72.16892086856043, 0]
249	[-72.16892086856043, 0]
249	[-72.16892086856043, 0]
249	[-72.16892086856043, 0]
249	[-72.16892086856043, 0]
249	[-72.16892086856043, 0]
249	[-69.6131838971563, -2]
249	[-69.6131838971563, -2]
250	[-72.16892086856043, 0]
250	[-72.16892086856043, 0]
250	[-72.16892086856043, 0]
250	[-72.16892086856043, 0]
250	[-72.16892086856043, 0]
250	[-72.16892086856043, 0]
250	[-72.16892086856043, 0]
250	[-72.16892086856043, 0]
250	[-72.16892086856043, 0]
250	[-72.16892086856043, 0]
250	[-72.16892086856043, 0]
250	[-72.16892086856043, 0]
250	[-72.16892086856043, 0]
250	[-72.16892086856043, 0]
250	[-72.16892086856043, 0]
250	[-72.16892086856043, 0]
250	[-72.16892086856043, 0]
250	[-72.16892086856043, 0]
250	[-72.16892086856043, 0]
250	[-72.16892086856043, 0]
250	[-72.16892086856043, 0]
250	[-72.16892086856043, 0]
250	[-72.16892086856043, 0]
250	[-72.16892086856043, 0]
250	[-72.16892086856043, 0]
250	[-69.6131838971563, -2]
250	[-69.6131838971563, -2]
250	[-69.6131838971563, -2]
251	[-72.16892086856043, 0]
251	[-72.16892086856043, 0]
251	[-72.16892086856043, 0]
251	[-72.16892086856043, 0]
251	[-72.16892086856043, 0]
251	[-72.16892086856043, 0]
251	[-72.16892086856043, 0]
251	[-72.16892086856043, 0]
251	[-72.16892086856043, 0]
251	[-72.16892086856043, 0]
251	[-72.16892086856043, 0]
251	[-72.16892086856043, 0]
251	[-72.16892086856043, 0]
251	[-72.16892086856043, 0]
251	[-72.16892086856043, 0]
251	[-72.16892086856043, 0]
251	[-72.16892086856043, 0]
251	[-72.16892086856043, 0]
251	[-72.16892086856043, 0]
251	[-72.16892086856043, 0]
251	[-72.16892086856043, 0]
251	[-72.16892086856043, 0]
251	[-72.16892086856043, 0]
251	[-72.16892086856043, 0]
251	[-72.16892086856043, 0]
251	[-72.16892086856043, 0]
251	[-69.6131838971563, -2]
251	[-69.6131838971563, -2]
251	[-69.6131838971563, -2]
252	[-72.07376129264132, 0]
252	[-69.6131838971563, -2]
252	[-69.6131838971563, -2]
252	[-69.6131838971563, -2]
253	[-72.07376129264132, 0]
253	[-69.6131838971563, -2]
253	[-69.6131838971563, -2]
253	[-69.6131838971563, -2]
253	[-69.6131838971563, -2]
254	[-72.07376129264132, 0]
254	[-69.6131838971563, -2]
254	[-69.6131838971563, -2]
254	[-69.6131838971563, -2]
254	[-69.6131838971563, -2]
255	[-72.07376129264132, 0]
255	[-69.6131838971563, -2]
255	[-69.6131838971563, -2]
255	[-69.6131838971563, -2]
255	[-69.6131838971563, -2]
256	[-72.07376129264132, 0]
256	[-69.61012674119772, -2]
257	[-72.07376129264132, 0]
257	[-72.07376129264132, 0]
257	[-69.61012674119772, -2]
258	[-72.07376129264132, 0]
258	[-72.07376129264132, 0]
258	[-69.61012674119772, -2]
259	[-72.07376129264132, 0]
259	[-72.07376129264132, 0]
259	[-69.59857522934283, -2]
260	[-72.07376129264132, 0]
260	[-72.07376129264132, 0]
260	[-69.59857522934283, -2]
261	[-72.07376129264132, 0]
261	[-72.07376129264132, 0]
261	[-69.59857522934283, -2]
261	[-69.59857522934283, -2]
262	[-72.07376129264132, 0]
262	[-72.07376129264132, 0]
262	[-72.07376129264132, 0]
262	[-69.59857522934283, -2]
262	[-69.59857522934283, -2]
263	[-72.07376129264132, 0]
263	[-72.07376129264132, 0]
263	[-72.07376129264132, 0]
263	[-69.59857522934283, -2]
263	[-69.59857522934283, -2]
264	[-72.07376129264132, 0]
264	[-72.07376129264132, 0]
264	[-72.07376129264132, 0]
264	[-69.59857522934283, -2]
264	[-69.59857522934283, -2]
265	[-72.07376129264132, 0]
265	[-72.07376129264132, 0]
265	[-72.07376129264132, 0]
265	[-69.59857522934283, -2]
265	[-69.59857522934283, -2]
265	[-69.59857522934283, -2]
266	[-72.07376129264132, 0]
266	[-72.07376129264132, 0]
266	[-72.07376129264132, 0]
266	[-69.59857522934283, -2]
266	[-69.59857522934283, -2]
266	[-69.59857522934283, -2]
267	[-72.07376129264132, 0]
267	[-72.07376129264132, 0]
267	[-72.07376129264132, 0]
267	[-69.59857522934283, -2]
267	[-69.59857522934283, -2]
267	[-69.59857522934283, -2]
268	[-72.07376129264132, 0]
268	[-72.07376129264132, 0]
268	[-72.07376129264132, 0]
268	[-72.07376129264132, 0]
268	[-69.59857522934283, -2]
268	[-69.59857522934283, -2]
268	[-69.59857522934283, -2]
268	[-69.59857522934283, -2]
269	[-72.07376129264132, 0]
269	[-72.07376129264132, 0]
269	[-72.07376129264132, 0]
269	[-72.07376129264132, 0]
269	[-69.59857522934283, -2]
269	[-69.59857522934283, -2]
269	[-69.59857522934283, -2]
269	[-69.59857522934283, -2]
270	[-72.07376129264132, 0]
270	[-72.07376129264132, 0]
270	[-72.07376129264132, 0]
270	[-72.07376129264132, 0]
270	[-72.07376129264132, 0]
270	[-69.59857522934283, -2]
270	[-69.59857522934283, -2]
270	[-69.59857522934283, -2]
270	[-69.59857522934283, -2]
270	[-69.59857522934283, -2]
271	[-72.07376129264132, 0]
271	[-72.07376129264132, 0]
271	[-72.07376129264132, 0]
271	[-72.07376129264132, 0]
271	[-72.07376129264132, 0]
271	[-69.59857522934283, -2]
271	[-69.59857522934283, -2]
271	[-69.59857522934283, -2]
271	[-69.59857522934283, -2]
271	[-69.59857522934283, -2]
271	[-69.59857522934283, -2]
272	[-72.07376129264132, 0]
272	[-72.07376129264132, 0]
272	[-72.07376129264132, 0]
272	[-72.07376129264132, 0]
272	[-72.07376129264132, 0]
272	[-69.59857522934283, -2]
272	[-69.59857522934283, -2]
272	[-69.59857522934283, -2]
272	[-69.59857522934283, -2]
272	[-69.59857522934283, -2]
272	[-69.59857522934283, -2]
273	[-72.07376129264132, 0]
273	[-72.07376129264132, 0]
273	[-72.07376129264132, 0]
273	[-72.07376129264132, 0]
273	[-72.07376129264132, 0]
273	[-69.59857522934283, -2]
273	[-69.59857522934283, -2]
273	[-69.59857522934283, -2]
273	[-69.59857522934283, -2]
273	[-69.59857522934283, -2]
273	[-69.59857522934283, -2]
273	[-69.59857522934283, -2]
274	[-72.07376129264132, 0]
274	[-72.07376129264132, 0]
274	[-72.07376129264132, 0]
274	[-72.07376129264132, 0]
274	[-72.07376129264132, 0]
274	[-69.59857522934283, -2]
274	[-69.59857522934283, -2]
274	[-69.59857522934283, -2]
274	[-69.59857522934283, -2]
274	[-69.59857522934283, -2]
274	[-69.59857522934283, -2]
274	[-69.59857522934283, -2]
274	[-69.59857522934283, -2]
275	[-72.07376129264132, 0]
275	[-72.07376129264132, 0]
275	[-72.07376129264132, 0]
275	[-72.07376129264132, 0]
275	[-72.07376129264132, 0]
275	[-69.59857522934283, -2]
275	[-69.59857522934283, -2]
275	[-69.59857522934283, -2]
275	[-69.59857522934283, -2]
275	[-69.59857522934283, -2]
275	[-69.59857522934283, -2]
275	[-69.59857522934283, -2]
275	[-69.59857522934283, -2]
275	[-69.59857522934283, -2]
276	[-72.07376129264132, 0]
276	[-72.07376129264132, 0]
276	[-72.07376129264132, 0]
276	[-72.07376129264132, 0]
276	[-72.07376129264132, 0]
276	[-72.07376129264132, 0]
276	[-69.59857522934283, -2]
276	[-69.59857522934283, -2]
276	[-69.59857522934283, -2]
276	[-69.59857522934283, -2]
276	[-69.59857522934283, -2]
276	[-69.59857522934283, -2]
276	[-69.59857522934283, -2]
276	[-69.59857522934283, -2]
276	[-69.59857522934283, -2]
277	[-72.07376129264132, 0]
277	[-72.07376129264132, 0]
277	[-72.07376129264132, 0]
277	[-72.07376129264132, 0]
277	[-72.07376129264132, 0]
277	[-72.07376129264132, 0]
277	[-69.59857522934283, -2]
277	[-69.59857522934283, -2]
277	[-69.59857522934283, -2]
277	[-69.59857522934283, -2]
277	[-69.59857522934283, -2]
277	[-69.59857522934283, -2]
277	[-69.59857522934283, -2]
277	[-69.59857522934283, -2]
277	[-69.59857522934283, -2]
277	[-69.59857522934283, -2]
278	[-72.07376129264132, 0]
278	[-72.07376129264132, 0]
278	[-72.07376129264132, 0]
278	[-72.07376129264132, 0]
278	[-72.07376129264132, 0]
278	[-72.07376129264132, 0]
278	[-69.56205280464569, -2]
279	[-72.07376129264132, 0]
279	[-72.07376129264132, 0]
279	[-72.07376129264132, 0]
279	[-72.07376129264132, 0]
279	[-72.07376129264132, 0]
279	[-72.07376129264132, 0]
279	[-69.56205280464569, -2]
280	[-72.07376129264132, 0]
280	[-72.07376129264132, 0]
280	[-72.07376129264132, 0]
280	[-72.07376129264132, 0]
280	[-72.07376129264132, 0]
280	[-72.07376129264132, 0]
280	[-69.56205280464569, -2]
281	[-72.07376129264132, 0]
281	[-72.07376129264132, 0]
281	[-72.07376129264132, 0]
281	[-72.07376129264132, 0]
281	[-72.07376129264132, 0]
281	[-72.07376129264132, 0]
281	[-69.56205280464569, -2]
282	[-72.07376129264132, 0]
282	[-72.07376129264132, 0]
282	[-72.07376129264132, 0]
282	[-72.07376129264132, 0]
282	[-72.07376129264132, 0]
282	[-72.07376129264132, 0]
282	[-69.56205280464569, -2]
283	[-72.07376129264132, 0]
283	[-72.07376129264132, 0]
283	[-72.07376129264132, 0]
283	[-72.07376129264132, 0]
283	[-72.07376129264132, 0]
283	[-72.07376129264132, 0]
283	[-69.56205280464569, -2]
284	[-72.07376129264132, 0]
284	[-72.07376129264132, 0]
284	[-72.07376129264132, 0]
284	[-72.07376129264132, 0]
284	[-72.07376129264132, 0]
284	[-72.07376129264132, 0]
284	[-72.07376129264132, 0]
284	[-69.56205280464569, -2]
285	[-72.07376129264132, 0]
285	[-72.07376129264132, 0]
285	[-72.07376129264132, 0]
285	[-72.07376129264132, 0]
285	[-72.07376129264132, 0]
285	[-72.07376129264132, 0]
285	[-72.07376129264132, 0]
285	[-69.56205280464569, -2]
286	[-72.07376129264132, 0]
286	[-72.07376129264132, 0]
286	[-72.07376129264132, 0]
286	[-72.07376129264132, 0]
286	[-72.07376129264132, 0]
286	[-72.07376129264132, 0]
286	[-72.07376129264132, 0]
286	[-69.56205280464569, -2]
287	[-72.07376129264132, 0]
287	[-72.07376129264132, 0]
287	[-72.07376129264132, 0]
287	[-72.07376129264132, 0]
287	[-72.07376129264132, 0]
287	[-72.07376129264132, 0]
287	[-72.07376129264132, 0]
287	[-72.07376129264132, 0]
287	[-69.56205280464569, -2]
288	[-72.07376129264132, 0]
288	[-72.07376129264132, 0]
288	[-72.07376129264132, 0]
288	[-72.07376129264132, 0]
288	[-72.07376129264132, 0]
288	[-72.07376129264132, 0]
288	[-72.07376129264132, 0]
288	[-72.07376129264132, 0]
288	[-69.56205280464569, -2]
288	[-69.56205280464569, -2]
289	[-72.07376129264132, 0]
289	[-72.07376129264132, 0]
289	[-72.07376129264132, 0]
289	[-72.07376129264132, 0]
289	[-72.07376129264132, 0]
289	[-72.07376129264132, 0]
289	[-72.07376129264132, 0]
289	[-72.07376129264132, 0]
289	[-69.56205280464569, -2]
289	[-69.56205280464569, -2]
290	[-72.07376129264132, 0]
290	[-72.07376129264132, 0]
290	[-72.07376129264132, 0]
290	[-72.07376129264132, 0]
290	[-72.07376129264132, 0]
290	[-72.07376129264132, 0]
290	[-72.07376129264132, 0]
290	[-72.07376129264132, 0]
290	[-72.07376129264132, 0]
290	[-69.56205280464569, -2]
290	[-69.56205280464569, -2]
291	[-72.07376129264132, 0]
291	[-72.07376129264132, 0]
291	[-72.07376129264132, 0]
291	[-72.07376129264132, 0]
291	[-72.07376129264132, 0]
291	[-72.07376129264132, 0]
291	[-72.07376129264132, 0]
291	[-72.07376129264132, 0]
291	[-72.07376129264132, 0]
291	[-69.56205280464569, -2]
291	[-69.56205280464569, -2]
292	[-72.07376129264132, 0]
292	[-72.07376129264132, 0]
292	[-72.07376129264132, 0]
292	[-72.07376129264132, 0]
292	[-72.07376129264132, 0]
292	[-72.07376129264132, 0]
292	[-72.07376129264132, 0]
292	[-72.07376129264132, 0]
292	[-72.07376129264132, 0]
292	[-72.07376129264132, 0]
292	[-72.07376129264132, 0]
292	[-69.56205280464569, -2]
292	[-69.56205280464569, -2]
293	[-72.07376129264132, 0]
293	[-72.07376129264132, 0]
293	[-72.07376129264132, 0]
293	[-72.07376129264132, 0]
293	[-72.07376129264132, 0]
293	[-72.07376129264132, 0]
293	[-72.07376129264132, 0]
293	[-72.07376129264132, 0]
293	[-72.07376129264132, 0]
293	[-72.07376129264132, 0]
293	[-72.07376129264132, 0]
293	[-69.56205280464569, -2]
293	[-69.56205280464569, -2]
294	[-72.07376129264132, 0]
294	[-72.07376129264132, 0]
294	[-72.07376129264132, 0]
294	[-72.07376129264132, 0]
294	[-72.07376129264132, 0]
294	[-72.07376129264132, 0]
294	[-72.07376129264132, 0]
294	[-72.07376129264132, 0]
294	[-72.07376129264132, 0]
294	[-72.07376129264132, 0]
294	[-72.07376129264132, 0]
294	[-69.56205280464569, -2]
294	[-69.56205280464569, -2]
295	[-72.07376129264132, 0]
295	[-72.07376129264132, 0]
295	[-72.07376129264132, 0]
295	[-72.07376129264132, 0]
295	[-72.07376129264132, 0]
295	[-72.07376129264132, 0]
295	[-72.07376129264132, 0]
295	[-72.07376129264132, 0]
295	[-72.07376129264132, 0]
295	[-72.07376129264132, 0]
295	[-72.07376129264132, 0]
295	[-72.07376129264132, 0]
295	[-72.07376129264132, 0]
295	[-72.07376129264132, 0]
295	[-72.07376129264132, 0]
295	[-72.07376129264132, 0]
295	[-69.56205280464569, -2]
295	[-69.56205280464569, -2]
295	[-69.56205280464569, -2]
296	[-72.07376129264132, 0]
296	[-72.07376129264132, 0]
296	[-72.07376129264132, 0]
296	[-72.07376129264132, 0]
296	[-72.07376129264132, 0]
296	[-72.07376129264132, 0]
296	[-72.07376129264132, 0]
296	[-72.07376129264132, 0]
296	[-72.07376129264132, 0]
296	[-72.07376129264132, 0]
296	[-72.07376129264132, 0]
296	[-72.07376129264132, 0]
296	[-72.07376129264132, 0]
296	[-72.07376129264132, 0]
296	[-72.07376129264132, 0]
296	[-72.07376129264132, 0]
296	[-72.07376129264132, 0]
296	[-69.56205280464569, -2]
296	[-69.56205280464569, -2]
296	[-69.56205280464569, -2]
297	[-72.07376129264132, 0]
297	[-72.07376129264132, 0]
297	[-72.07376129264132, 0]
297	[-72.07376129264132, 0]
297	[-72.07376129264132, 0]
297	[-72.07376129264132, 0]
297	[-72.07376129264132, 0]
297	[-72.07376129264132, 0]
297	[-72.07376129264132, 0]
297	[-72.07376129264132, 0]
297	[-72.07376129264132, 0]
297	[-72.07376129264132, 0]
297	[-72.07376129264132, 0]
297	[-72.07376129264132, 0]
297	[-72.07376129264132, 0]
297	[-72.07376129264132, 0]
297	[-72.07376129264132, 0]
297	[-72.07376129264132, 0]
297	[-72.07376129264132, 0]
297	[-72.07376129264132, 0]
297	[-72.07376129264132, 0]
297	[-72.07376129264132, 0]
297	[-69.56205280464569, -2]
297	[-69.56205280464569, -2]
297	[-69.56205280464569, -2]
298	[-72.07376129264132, 0]
298	[-72.07376129264132, 0]
298	[-72.07376129264132, 0]
298	[-72.07376129264132, 0]
298	[-72.07376129264132, 0]
298	[-72.07376129264132, 0]
298	[-72.07376129264132, 0]
298	[-72.07376129264132, 0]
298	[-72.07376129264132, 0]
298	[-72.07376129264132, 0]
298	[-72.07376129264132, 0]
298	[-72.07376129264132, 0]
298	[-72.07376129264132, 0]
298	[-72.07376129264132, 0]
298	[-72.07376129264132, 0]
298	[-72.07376129264132, 0]
298	[-72.07376129264132, 0]
298	[-72.07376129264132, 0]
298	[-72.07376129264132, 0]
298	[-72.07376129264132, 0]
298	[-72.07376129264132, 0]
298	[-72.07376129264132, 0]
298	[-72.07376129264132, 0]
298	[-69.56205280464569, -2]
298	[-69.56205280464569, -2]
298	[-69.56205280464569, -2]
299	[-72.07376129264132, 0]
299	[-72.07376129264132, 0]
299	[-72.07376129264132, 0]
299	[-72.07376129264132, 0]
299	[-72.07376129264132, 0]
299	[-72.07376129264132, 0]
299	[-72.07376129264132, 0]
299	[-72.07376129264132, 0]
299	[-72.07376129264132, 0]
299	[-72.07376129264132, 0]
299	[-72.07376129264132, 0]
299	[-72.07376129264132, 0]
299	[-72.07376129264132, 0]
299	[-72.07376129264132, 0]
299	[-72.07376129264132, 0]
299	[-72.07376129264132, 0]
299	[-72.07376129264132, 0]
299	[-72.07376129264132, 0]
299	[-72.07376129264132, 0]
299	[-72.07376129264132, 0]
299	[-72.07376129264132, 0]
299	[-72.07376129264132, 0]
299	[-72.07376129264132, 0]
299	[-72.07376129264132, 0]
299	[-72.07376129264132, 0]
299	[-69.56205280464569, -2]
299	[-69.56205280464569, -2]
299	[-69.56205280464569, -2]
300	[-72.07376129264132, 0]
300	[-72.07376129264132, 0]
300	[-72.07376129264132, 0]
300	[-72.07376129264132, 0]
300	[-72.07376129264132, 0]
300	[-72.07376129264132, 0]
300	[-72.07376129264132, 0]
300	[-72.07376129264132, 0]
300	[-72.07376129264132, 0]
300	[-72.07376129264132, 0]
300	[-72.07376129264132, 0]
300	[-72.07376129264132, 0]
300	[-72.07376129264132, 0]
300	[-72.07376129264132, 0]
300	[-72.07376129264132, 0]
300	[-72.07376129264132, 0]
300	[-72.07376129264132, 0]
300	[-72.07376129264132, 0]
300	[-72.07376129264132, 0]
300	[-72.07376129264132, 0]
300	[-72.07376129264132, 0]
300	[-72.07376129264132, 0]
300	[-72.07376129264132, 0]
300	[-72.07376129264132, 0]
300	[-72.07376129264132, 0]
300	[-72.07376129264132, 0]
300	[-72.07376129264132, 0]
300	[-69.56205280464569, -2]
300	[-69.56205280464569, -2]
300	[-69.56205280464569, -2]
300	[-69.56205280464569, -2]
300	[-72.07376129264132, 0]
300	[-72.07376129264132, 0]
300	[-72.07376129264132, 0]
300	[-72.07376129264132, 0]
300	[-72.07376129264132, 0]
300	[-72.07376129264132, 0]
300	[-72.07376129264132, 0]
300	[-72.07376129264132, 0]
300	[-72.07376129264132, 0]
300	[-72.07376129264132, 0]
300	[-72.07376129264132, 0]
300	[-72.07376129264132, 0]
300	[-72.07376129264132, 0]
300	[-72.07376129264132, 0]
300	[-72.07376129264132, 0]
300	[-72.07376129264132, 0]
300	[-72.07376129264132, 0]
300	[-72.07376129264132, 0]
300	[-72.07376129264132, 0]
300	[-72.07376129264132, 0]
300	[-72.07376129264132, 0]
300	[-72.07376129264132, 0]
300	[-72.07376129264132, 0]
300	[-72.07376129264132, 0]
300	[-72.07376129264132, 0]
300	[-72.07376129264132, 0]
300	[-72.07376129264132, 0]
300	[-69.56205280464569, -2]
300	[-69.56205280464569, -2]
300	[-69.56205280464569, -2]
300	[-69.56205280464569, -2]
