Generation:
398

Phenotype:
3
V1 = uniform([+1.9e0, 5.9e0], 2);
V2 = uniform([+6.4e0, 7.3e0], 2);
V3 = gm([9.8e0, +9.8e0, 2.9e0]);

Pre-processed Program
:C = uniform([1.900000, 7.800000], 2);F = uniform([6.400000, 13.700000], 2);T = gm([1.000000], [9.8], [2.9]);Genotype:
[424, 68, 139, 42, 459, 222, 401, 449, 274, 41, 95, 59, 480, 461, 278, 263, 356, 36, 14, 288, 206, 347, 453, 324, 174, 315, 388, 34, 129, 268, 164, 269, 344, 129, 328, 314, 254, 52, 359, 350, 156, 375, 458, 294, 287, 493, 349, 70, 320, 425, 150, 80, 126, 234, 426, 376, 77, 331, 338, 285, 49, 4, 253, 229, 473, 194, 191, 336, 434, 292, 378, 294, 266, 176, 148, 367, 470, 414, 43, 342, 129, 120, 139, 490, 130, 30, 242, 113, 34, 396, 181, 375, 90, 215, 360]
Tree:
None
Fitness on 5000 data:
-51.461689237485366

Fitness:
-51.461689237485366