Generation:
1500

Phenotype:
3
V1 = uniform([+2.2e0, 5.6e0], 2);
V2 = uniform([+6.4e0, 7.3e0], 2);
V3 = gm([9.4e1, +9.8e0, 3.0e0]);

Pre-processed Program
:C = uniform([2.200000, 7.800000], 2);F = uniform([6.400000, 13.700000], 2);T = gm([1.000000], [9.8], [3]);Genotype:
[424, 68, 139, 367, 105, 208, 102, 392, 274, 41, 95, 186, 178, 461, 258, 466, 342, 36, 14, 0, 45, 347, 453, 252, 248, 315, 476, 58, 129, 334, 139, 249, 182, 129, 458, 312, 398, 103, 20, 100, 156, 375, 458, 294, 287, 493, 349, 70, 320, 425, 150, 80, 126, 234, 426, 376, 77, 331, 338, 285, 49, 4, 253, 229, 473, 194, 191, 336, 434, 292, 378, 294, 266, 176, 148, 367, 470, 414, 43, 342, 129, 120, 139, 490, 130, 30, 242, 113, 34, 396, 181, 375, 90, 215, 360]
Tree:
None
Fitness on 5000 data:
-51.38822467343039

Fitness:
-51.38822467343039