Generation:
798

Phenotype:
6
V1 = gm([7.1e0, +1.5e1, 1.7e1], [9.9e0, +9.9e1, 9.9e1]);
V2 = gm([7.8e0, +8.9e0, 4.0e0], [0.6e0, +0.7e0, 0.7e0]);
V3 = uniform([+6.4e0, 7.2e0], 2);

Pre-processed Program
:P = gm([0.417647, 0.582353], [15, 99], [17, 99]);T = gm([0.928571, 0.071429], [8.9, 0.7], [4, 0.7]);F = uniform([6.400000, 13.600000], 2);Genotype:
[73, 71, 416, 186, 291, 36, 397, 211, 202, 325, 200, 181, 415, 401, 295, 21, 397, 495, 64, 12, 499, 429, 166, 431, 442, 219, 9, 151, 400, 399, 309, 143, 220, 485, 241, 257, 67, 148, 252, 174, 218, 28, 359, 488, 443, 274, 150, 470, 62, 327, 450, 346, 488, 121, 208, 80, 417, 404, 436, 10, 47, 390, 497, 423, 151, 228, 136, 384, 146, 235, 137, 272, 136, 431, 410, 410, 343, 305, 101, 180, 358, 1, 348, 496, 358, 115, 60, 5, 157, 296, 492, 496, 68, 125, 218, 397, 165, 162, 408, 439]
Tree:
None
Fitness on 5000 data:
-86.94379768160405

Fitness:
-86.94379768160405