Generation:
1500

Phenotype:
6
V1 = gm([7.0e0, +1.5e1, 1.6e1], [9.9e0, +9.9e1, 9.9e1]);
V2 = gm([7.8e1, +0.9e1, 4.0e0], [6.6e0, +0.7e0, 0.7e0]);
V3 = uniform([+6.4e0, 7.2e0], 2);

Pre-processed Program
:P = gm([0.414201, 0.585799], [15, 99], [16, 99]);T = gm([0.921986, 0.078014], [9, 0.7], [4, 0.7]);F = uniform([6.400000, 13.600000], 2);Genotype:
[73, 245, 364, 383, 189, 266, 397, 360, 202, 325, 200, 181, 415, 401, 327, 21, 176, 447, 64, 460, 499, 429, 166, 3, 442, 219, 9, 1, 36, 399, 309, 143, 220, 28, 497, 257, 67, 148, 105, 174, 152, 120, 359, 61, 399, 274, 280, 324, 30, 327, 406, 346, 34, 121, 380, 80, 417, 404, 457, 10, 347, 288, 91, 9, 176, 228, 136, 474, 146, 235, 137, 342, 136, 431, 410, 410, 343, 305, 101, 180, 358, 1, 348, 496, 358, 115, 60, 5, 157, 296, 492, 496, 68, 125, 218, 397, 165, 162, 408, 439]
Tree:
None
Fitness on 5000 data:
-86.92158815947461

Fitness:
-86.92158815947461