Generation:
398

Phenotype:
6
V1 = gm([7.4e0, +1.5e1, 1.7e1], [9.4e0, +9.7e1, 9.9e1]);
V2 = gm([8.2e0, +8.8e0, 4.0e0], [0.8e0, +0.9e0, 1.1e0]);
V3 = uniform([+6.4e0, 7.4e0], 2);

Pre-processed Program
:P = gm([0.440476, 0.559524], [15, 97], [17, 99]);T = gm([0.911111, 0.088889], [8.8, 0.9], [4, 1.1]);F = uniform([6.400000, 13.800000], 2);Genotype:
[160, 71, 164, 93, 291, 158, 397, 224, 202, 462, 16, 181, 415, 401, 295, 21, 397, 341, 186, 398, 499, 254, 486, 142, 70, 219, 57, 151, 400, 399, 309, 345, 220, 205, 269, 80, 278, 492, 40, 356, 218, 28, 198, 330, 266, 274, 150, 252, 84, 229, 450, 218, 166, 79, 208, 380, 49, 404, 436, 461, 271, 30, 497, 193, 305, 228, 136, 384, 146, 99, 137, 4, 432, 431, 410, 410, 343, 305, 101, 180, 358, 1, 348, 496, 358, 115, 60, 5, 157, 296, 492, 496, 68, 125, 218, 397, 165, 162, 408, 439]
Tree:
None
Fitness on 5000 data:
-87.12239039599504

Fitness:
-87.12239039599504