Generation:
398

Phenotype:
5
V1 = gm([4.9e0, +9.8e1, 9.9e1]);
V2 = +0.4e0;
V2 = V2 + gm([4.7e0, +9.6e0, 1.9e0]);
V3 = +V2;
V3 = V3 + uniform([-1.9e0, 3.8e0], 2);

Pre-processed Program
:P = gm([1.000000], [98], [99]);F = 0.4;F = F + gm([1.000000], [9.6], [1.9]);T = F;T = T + uniform([-1.900000, 1.900000], 2);Genotype:
[433, 298, 454, 296, 192, 360, 83, 494, 389, 108, 40, 232, 299, 8, 251, 192, 359, 59, 183, 286, 272, 12, 101, 348, 8, 220, 474, 364, 266, 281, 206, 19, 94, 427, 474, 302, 100, 149, 146, 402, 252, 481, 59, 250, 127, 226, 192, 252, 478, 397, 145, 168, 243, 215, 121, 49, 78, 222, 213, 188, 500, 346, 213, 162, 455, 280, 235, 134, 27, 95, 17, 148, 134, 124, 329, 486, 415, 314, 377, 438, 426, 76, 401, 231, 487, 251, 425, 189, 193, 378, 354, 26, 330, 98, 453, 416, 372, 260, 288, 122]
Tree:
None
Fitness on 5000 data:
-78.78625851395442

Fitness:
-78.78625851395442