Generation:
3000

Phenotype:
97
V1 = gm([3.6e1, +9.9e1, 9.9e1]);
V2 = uniform([+6.3e0, 7.2e0], 2);
V3 = uniform([+2.0e0, 5.8e0], 2);
V4 = gm([9.4e1, +5.1e0, 3.0e0]);
V5 = uniform([+7.4e0, 1.5e1], 2);

Pre-processed Program
:P = gm([1.000000], [99], [99]);F = uniform([6.300000, 13.500000], 2);C = uniform([2.000000, 7.800000], 2);W = gm([1.000000], [5.1], [3]);T = uniform([7.400000, 22.400000], 2);Genotype:
[437, 336, 490, 15, 70, 10, 343, 266, 183, 427, 46, 459, 389, 101, 369, 239, 179, 27, 307, 460, 336, 324, 216, 413, 182, 70, 207, 252, 60, 323, 217, 98, 462, 412, 340, 302, 137, 125, 108, 434, 64, 199, 164, 285, 239, 74, 359, 28, 56, 465, 451, 484, 202, 123, 470, 50, 203, 394, 231, 324, 197, 104, 422, 420, 221, 55, 457, 138, 6, 224, 430, 370, 353, 60, 53, 331, 335, 217, 424, 95, 115, 470, 163, 129, 273, 485, 382, 95, 144, 87, 457, 85, 263, 125, 90, 403, 331, 372, 195, 56]
Tree:
None
Fitness on 5000 data:
-163.1887745822229

Fitness:
-163.1887745822229