Generation:
1198

Phenotype:
4
V1 = gm([0.0e1, +5.0e0, 1.1e0], [0.0e1, +3.5e0, 2.0e0]);
V2 = +7.8e0;
V2 = V2 + uniform([-3.4e0, 2.0e1], 2);
V3 = +V1;
V3 = V3 + uniform([+2.9e0, 4.2e0], 2);

Pre-processed Program
:C = gm([1.000000, 1.000000], [5, 3.5], [1.1, 2]);T = 7.8;T = T + uniform([-3.400000, 16.600000], 2);F = C;F = F + uniform([2.900000, 7.100000], 2);Genotype:
[462, 99, 361, 84, 299, 371, 354, 90, 420, 349, 16, 374, 15, 390, 370, 307, 471, 491, 130, 42, 361, 500, 0, 313, 57, 472, 263, 45, 176, 68, 272, 10, 198, 106, 366, 298, 47, 451, 258, 407, 358, 54, 97, 25, 385, 237, 163, 434, 494, 313, 32, 80, 461, 12, 358, 454, 148, 250, 470, 91, 68, 295, 492, 142, 459, 308, 358, 314, 182, 434, 293, 419, 80, 349, 473, 406, 206, 291, 350, 191, 268, 356, 392, 140, 47, 329, 276, 321, 225, 166, 74, 302, 307, 111, 165, 233, 259, 288, 191, 326]
Tree:
None
Fitness on 5000 data:
-5.518026572607844

Fitness:
-5.518026572607844