Generation:
1198

Phenotype:
6
V1 = uniform([+4.0e0, 2.0e1], 2);
V2 = +0.6e0;
V2 = V2 + gm([8.2e1, +4.3e0, 1.5e0]);
V3 = +4.3e0;
V3 = V3 + gm([6.2e1, +5.7e0, 1.9e0]);

Pre-processed Program
:T = uniform([4.000000, 24.000000], 2);C = 0.6;C = C + gm([1.000000], [4.3], [1.5]);F = 4.3;F = F + gm([1.000000], [5.7], [1.9]);Genotype:
[207, 311, 424, 39, 420, 457, 496, 344, 430, 362, 179, 412, 50, 313, 339, 464, 194, 333, 494, 90, 140, 476, 204, 4, 452, 198, 360, 408, 332, 245, 312, 244, 134, 253, 480, 424, 321, 235, 6, 203, 272, 332, 357, 213, 16, 304, 33, 390, 440, 440, 216, 380, 336, 192, 53, 369, 168, 175, 147, 348, 136, 61, 389, 356, 45, 198, 273, 37, 18, 153, 312, 21, 134, 107, 175, 500, 372, 420, 6, 347, 272, 250, 357, 118, 88, 18, 416, 363, 24, 248, 449, 80, 453, 320, 255, 309, 174, 244, 242, 100, 51, 251, 377, 102, 36, 297, 466, 18, 105, 76, 160, 72, 327, 477, 151, 221, 479, 184, 105, 460, 33, 57, 43, 34, 179, 333, 79, 309, 154, 318, 260, 54]
Tree:
None
Fitness on 5000 data:
-53.249081334516816

Fitness:
-53.249081334516816