Generation:
300

Phenotype:
4
V1 = gm([4.37e-0, -3.97e+0, 4.03e-0], [8.64e+3, +9.52e+0, 2.16e+0], [9.20e+1, +5.22e-1, 2.59e-1]);
V2 = -0.53e-1;
V2 = V2 + uniform([+7.05e-1, 2.48e+1], 2);
V3 = +V1;
V3 = V3 + gm([5.60e-3, +2.99e+2, 5.32e+2]);
V4 = -V3 + +V3;
V4 = V4 + gm([6.86e-2, +5.37e+0, 1.83e+0]);

Pre-processed Program
:F = gm([0.000500, 0.988969, 0.010531], [-3.97, 9.52, 0.522], [4.03, 2.16, 0.259]);T = 0;T = T - 0.053;T = T + uniform([0.705000, 25.505000], 2);E = F;E = E + gm([1.000000], [299], [532]);C = 0;C = C - E;C = C + E;C = C + gm([1.000000], [5.37], [1.83]);Genotype:
[368, 303, 338, 338, 30, 345, 56, 244, 383, 297, 333, 28, 148, 225, 483, 209, 17, 174, 44, 301, 394, 200, 123, 425, 328, 335, 32, 458, 186, 74, 40, 371, 306, 158, 89, 15, 122, 54, 92, 141, 132, 351, 216, 58, 176, 424, 265, 149, 22, 300, 350, 209, 472, 406, 335, 122, 152, 117, 365, 149, 342, 395, 69, 251, 425, 262, 146, 392, 91, 82, 159, 360, 185, 343, 335, 217, 383, 180, 113, 354, 287, 450, 95, 219, 265, 247, 272, 124, 48, 226, 425, 488, 440, 148, 52, 166, 92, 56, 25, 50, 343, 255, 386, 350, 45, 451, 336, 238, 382, 289, 69, 232, 190, 120, 295, 133, 82, 336, 218, 376, 19, 14, 174, 272, 57, 335, 190, 132, 470, 278, 119, 66, 421, 496, 154, 346, 288, 96, 199, 254, 320, 498, 85, 483, 387, 458, 36, 209, 61, 388, 163, 344]
Tree:
None
Fitness on 5000 data:
-124.15706141056457

Fitness:
-124.15706141056457