Generation:
1198

Phenotype:
69
V1 = gm([3.0e0, +0.3e1, 1.7e0], [5.8e0, +0.9e1, 0.9e0], [2.0e1, +5.0e0, 2.3e0], [0.6e1, +1.5e0, 0.8e0], [0.0e1, +9.4e1, 0.9e1], [2.0e0, +0.8e0, 0.8e0]);
V2 = gm([0.0e0, +3.3e0, 7.8e1], [8.2e1, +9.9e1, 9.8e1], [0.1e1, -0.4e1, 3.6e1]);
V3 = gm([6.6e1, +5.0e0, 1.6e0]);
V4 = gm([9.4e1, +9.9e0, 2.0e0]);
V5 = uniform([+4.8e0, 2.0e1], 2);

Pre-processed Program
:W = gm([0.081522, 0.157609, 0.543478, 0.163043, 0.000000, 0.054348], [3, 9, 5, 1.5, 94, 0.8], [1.7, 0.9, 2.3, 0.8, 9, 0.8]);P = gm([0.000000, 0.987952, 0.012048], [3.3, 99, -4], [78, 98, 36]);C = gm([1.000000], [5], [1.6]);F = gm([1.000000], [9.9], [2]);T = uniform([4.800000, 24.800000], 2);Genotype:
[230, 188, 452, 360, 419, 119, 103, 480, 50, 242, 266, 460, 133, 233, 38, 91, 487, 368, 393, 291, 255, 348, 112, 213, 278, 220, 329, 209, 451, 190, 119, 278, 279, 42, 22, 330, 131, 239, 124, 15, 80, 324, 369, 412, 363, 86, 155, 164, 330, 36, 369, 316, 196, 81, 495, 98, 5, 250, 188, 394, 21, 26, 150, 360, 359, 156, 418, 89, 374, 485, 116, 460, 219, 299, 220, 321, 402, 430, 444, 67, 86, 280, 48, 404, 458]
Tree:
None
Fitness on 5000 data:
-162.5007482647318

Fitness:
-162.5007482647318