Generation:
1500

Phenotype:
69
V1 = gm([3.0e0, +0.5e1, 1.2e0], [8.9e0, +0.9e1, 0.9e0], [2.0e1, +5.0e0, 2.1e0], [0.6e1, +1.7e0, 0.8e0], [0.0e1, -1.9e1, 0.9e1], [2.0e0, +0.8e0, 0.8e0]);
V2 = gm([0.0e0, +5.7e0, 2.8e1], [9.2e1, +9.9e1, 9.8e1], [0.1e0, -0.2e1, 1.6e1]);
V3 = gm([6.6e1, +5.0e0, 1.6e0]);
V4 = gm([1.9e1, +9.9e0, 2.0e0]);
V5 = uniform([+4.8e0, 2.0e1], 2);

Pre-processed Program
:W = gm([0.075188, 0.223058, 0.501253, 0.150376, 0.000000, 0.050125], [5, 9, 5, 1.7, -19, 0.8], [1.2, 0.9, 2.1, 0.8, 9, 0.8]);P = gm([0.000000, 0.998914, 0.001086], [5.7, 99, -2], [28, 98, 16]);C = gm([1.000000], [5], [1.6]);F = gm([1.000000], [9.9], [2]);T = uniform([4.800000, 24.800000], 2);Genotype:
[230, 188, 452, 360, 419, 315, 383, 480, 50, 460, 208, 460, 45, 437, 38, 91, 322, 368, 393, 239, 218, 479, 112, 213, 278, 240, 329, 209, 261, 190, 119, 278, 279, 42, 22, 330, 131, 468, 442, 15, 80, 72, 369, 412, 211, 86, 155, 164, 330, 36, 23, 316, 196, 81, 457, 214, 5, 250, 188, 394, 21, 26, 150, 360, 269, 156, 47, 71, 229, 97, 116, 460, 219, 299, 220, 321, 402, 380, 186, 67, 86, 280, 48, 404, 458]
Tree:
None
Fitness on 5000 data:
-162.35362327654514

Fitness:
-162.35362327654514