Generation:
398

Phenotype:
69
V1 = gm([6.0e0, +2.3e0, 3.4e0], [7.8e0, +0.9e1, 0.9e0], [8.2e1, +5.0e0, 2.5e0], [0.6e0, +8.5e0, 2.0e0], [0.4e0, +5.4e0, 0.9e1], [1.8e0, +9.8e0, 2.8e0]);
V2 = gm([0.2e0, +3.4e0, 4.4e1], [8.2e1, +9.9e1, 9.8e1], [2.7e0, -0.6e1, 5.8e1]);
V3 = gm([9.4e0, +5.2e0, 1.7e0]);
V4 = gm([5.4e0, +9.9e0, 1.8e0]);
V5 = uniform([+2.4e0, 2.0e1], 2);

Pre-processed Program
:W = gm([0.060852, 0.079108, 0.831643, 0.006085, 0.004057, 0.018256], [2.3, 9, 5, 8.5, 5.4, 9.8], [3.4, 0.9, 2.5, 2, 9, 2.8]);P = gm([0.002356, 0.965842, 0.031802], [3.4, 99, -6], [44, 98, 58]);C = gm([1.000000], [5.2], [1.7]);F = gm([1.000000], [9.9], [1.8]);T = uniform([2.400000, 22.400000], 2);Genotype:
[342, 188, 432, 360, 333, 119, 346, 480, 182, 394, 266, 412, 133, 144, 296, 283, 24, 444, 393, 141, 377, 368, 162, 123, 40, 220, 329, 209, 287, 190, 119, 278, 307, 292, 388, 262, 227, 210, 168, 15, 200, 206, 467, 412, 365, 168, 155, 348, 330, 156, 216, 199, 144, 228, 355, 348, 5, 42, 320, 130, 21, 97, 150, 24, 10, 56, 318, 315, 434, 92, 119, 460, 219, 279, 236, 180, 21, 188, 354, 365, 420, 469, 48, 302, 324]
Tree:
None
Fitness on 5000 data:
-164.24655394445855

Fitness:
-164.24655394445855