Generation:
798

Phenotype:
69
V1 = gm([2.0e0, +0.3e1, 1.7e0], [5.9e0, +0.9e1, 0.9e0], [2.0e1, +5.0e0, 2.5e0], [0.6e0, -3.7e0, 2.0e1], [0.0e1, +0.4e1, 0.9e1], [2.0e0, +0.8e0, 0.8e0]);
V2 = gm([0.2e0, +3.3e0, 7.8e1], [9.2e1, +9.9e1, 9.8e1], [0.1e1, -0.8e1, 5.6e1]);
V3 = gm([6.5e1, +5.2e0, 1.6e0]);
V4 = gm([0.4e1, +9.9e0, 2.0e0]);
V5 = uniform([+4.6e0, 2.0e1], 2);

Pre-processed Program
:W = gm([0.065574, 0.193443, 0.655738, 0.019672, 0.000000, 0.065574], [3, 9, 5, -3.7, 4, 0.8], [1.7, 0.9, 2.5, 20, 9, 0.8]);P = gm([0.002146, 0.987124, 0.010730], [3.3, 99, -8], [78, 98, 56]);C = gm([1.000000], [5.2], [1.6]);F = gm([1.000000], [9.9], [2]);T = uniform([4.600000, 24.600000], 2);Genotype:
[230, 188, 452, 360, 361, 119, 362, 480, 182, 136, 266, 460, 133, 233, 38, 91, 487, 368, 393, 291, 355, 179, 162, 213, 278, 220, 329, 209, 397, 190, 119, 278, 279, 292, 22, 330, 131, 279, 124, 15, 80, 148, 369, 412, 365, 86, 155, 164, 330, 36, 474, 316, 265, 93, 477, 98, 5, 42, 320, 179, 21, 26, 150, 360, 359, 156, 472, 500, 374, 485, 134, 460, 219, 219, 220, 321, 402, 430, 354, 67, 278, 280, 48, 404, 396]
Tree:
None
Fitness on 5000 data:
-162.87665480218948

Fitness:
-162.87665480218948