Generation:
798

Phenotype:
3
V1 = gm([9.0e1, +9.9e0, 2.7e0]);
V2 = +0.3e0;
V2 = V2 + uniform([+0.6e1, 7.5e0], 2);
V3 = +V1 * +V1;
V3 = V3 + uniform([-1.2e1, 1.9e1], 2);

Pre-processed Program
:T = gm([1.000000], [9.9], [2.7]);F = 0.3;F = F + uniform([6.000000, 13.500000], 2);TEMP0 = T * T;P = TEMP0;P = P + uniform([-12.000000, 7.000000], 2);Genotype:
[164, 134, 65, 38, 352, 224, 115, 219, 30, 147, 237, 232, 499, 79, 370, 427, 452, 387, 154, 140, 380, 32, 91, 389, 336, 60, 293, 352, 31, 281, 238, 488, 380, 496, 373, 302, 37, 345, 50, 475, 280, 85, 256, 110, 484, 116, 228, 96, 202, 311, 248, 250, 257, 91, 122, 429, 391, 131, 399, 141, 297, 87, 15, 373, 296, 411, 133, 490, 457, 119, 27, 389, 232, 200, 475, 334, 55, 223, 392, 37, 373, 150, 203, 346, 142, 10, 342, 117, 73, 43, 281, 333, 79, 347, 42, 402, 462, 341, 363, 46, 32, 168, 203, 42, 201, 133, 229, 101, 264, 64, 58, 162, 258, 14, 220, 298]
Tree:
None
Fitness on 5000 data:
-8.378245465160553

Fitness:
-8.378245465160553