Generation:
398

Phenotype:
3
V1 = gm([0.5e1, +9.9e0, 2.7e0]);
V2 = -1.0e0;
V2 = V2 + uniform([+0.6e1, 1.0e1], 2);
V3 = +V1 * +V1;
V3 = V3 + uniform([-9.9e0, 1.5e1], 2);

Pre-processed Program
:T = gm([1.000000], [9.9], [2.7]);F = 0;F = F - 1;F = F + uniform([6.000000, 16.000000], 2);TEMP0 = T * T;P = TEMP0;P = P + uniform([-9.900000, 5.100000], 2);Genotype:
[63, 500, 494, 300, 332, 182, 353, 500, 335, 497, 244, 434, 409, 379, 26, 485, 302, 207, 456, 61, 162, 152, 445, 394, 147, 381, 120, 52, 483, 170, 197, 72, 380, 496, 265, 130, 61, 360, 493, 305, 230, 293, 256, 26, 476, 402, 422, 96, 88, 411, 355, 451, 221, 389, 219, 488, 158, 491, 465, 17, 297, 87, 15, 373, 296, 411, 133, 490, 457, 119, 27, 389, 232, 200, 475, 334, 55, 223, 392, 37, 373, 150, 203, 346, 142, 10, 342, 117, 73, 43, 281, 333, 79, 347, 42, 402, 462, 341, 363, 46, 32, 168, 203, 42, 201, 133, 229, 101, 264, 64, 58, 162, 258, 14, 220, 298]
Tree:
None
Fitness on 5000 data:
-8.53995814324741

Fitness:
-8.53995814324741