0	[-183.33199059637712, -1]
1	[-150.1074181179804, -1]
2	[-243.73871424905252, 0]
2	[-150.1074181179804, -1]
2	[-126.58949190788013, -3]
3	[-243.28242423441557, 0]
3	[-150.1074181179804, -1]
3	[-142.5751741529367, -2]
3	[-93.24347334632832, -3]
4	[-243.1968696212075, 0]
4	[-124.15764933410878, -1]
4	[-93.24347334632832, -3]
5	[-127.18797408089364, 0]
5	[-122.74369581342451, -1]
5	[-93.24347334632832, -3]
6	[-127.18797408089364, 0]
6	[-111.5536625075941, -1]
6	[-110.79111390219096, -2]
6	[-93.24347334632832, -3]
7	[-127.18797408089364, 0]
7	[-111.5536625075941, -1]
7	[-110.79111390219096, -2]
7	[-93.24347334632832, -3]
8	[-127.18797408089364, 0]
8	[-127.18797408089364, 0]
8	[-111.5536625075941, -1]
8	[-110.79111390219096, -2]
8	[-93.24347334632832, -3]
9	[-127.18797408089364, 0]
9	[-127.18797408089364, 0]
9	[-111.3026296574887, -1]
9	[-110.79111390219096, -2]
9	[-88.19594640975848, -3]
10	[-126.96598984721464, 0]
10	[-111.3026296574887, -1]
10	[-110.79111390219096, -2]
10	[-88.19594640975848, -3]
11	[-126.96598984721464, 0]
11	[-110.88346067229037, -1]
11	[-110.79111390219096, -2]
11	[-88.19594640975848, -3]
12	[-126.96598984721464, 0]
12	[-107.16411158655444, -1]
12	[-88.17217239463966, -3]
13	[-125.2530106728668, 0]
13	[-107.16411158655444, -1]
13	[-88.17217239463966, -3]
14	[-125.2530106728668, 0]
14	[-107.05611323969549, -1]
14	[-88.17217239463966, -3]
15	[-123.26196345810203, 0]
15	[-107.05611323969549, -1]
15	[-86.2639907317633, -3]
16	[-123.26196345810203, 0]
16	[-123.26196345810203, 0]
16	[-107.05611323969549, -1]
16	[-101.37257495650488, -2]
16	[-86.2639907317633, -3]
17	[-114.84926309629489, 0]
17	[-107.05611323969549, -1]
17	[-101.37257495650488, -2]
17	[-86.2639907317633, -3]
18	[-101.91879002758404, 0]
18	[-101.37257495650488, -2]
18	[-85.3954753311504, -3]
19	[-101.91879002758404, 0]
19	[-101.37257495650488, -2]
19	[-85.3954753311504, -3]
20	[-101.91879002758404, 0]
20	[-101.37257495650488, -2]
20	[-85.3954753311504, -3]
21	[-101.91879002758404, 0]
21	[-91.49995595284256, -2]
21	[-85.3954753311504, -3]
22	[-101.91879002758404, 0]
22	[-91.49995595284256, -2]
22	[-85.37211836276703, -3]
23	[-101.91879002758404, 0]
23	[-91.49995595284256, -2]
23	[-85.25300605849262, -3]
24	[-101.83742763705914, 0]
24	[-91.49995595284256, -2]
24	[-85.25300605849262, -3]
25	[-101.11159966655002, 0]
25	[-90.31058712181152, -2]
25	[-85.25300605849262, -3]
26	[-101.11159966655002, 0]
26	[-90.31058712181152, -2]
26	[-85.24859512148923, -3]
27	[-101.11159966655002, 0]
27	[-90.31058712181152, -2]
27	[-84.38340676104949, -3]
28	[-98.97374881258288, 0]
28	[-90.31058712181152, -2]
28	[-84.38340676104949, -3]
29	[-98.97374881258288, 0]
29	[-90.31058712181152, -2]
29	[-84.38340676104949, -3]
30	[-98.97374881258288, 0]
30	[-90.31058712181152, -2]
30	[-84.38340676104949, -3]
31	[-97.29533094262327, 0]
31	[-90.31058712181152, -2]
31	[-84.38340676104949, -3]
32	[-92.81612616516013, 0]
32	[-90.31058712181152, -2]
32	[-83.6671034037663, -3]
33	[-92.81612616516013, 0]
33	[-90.31058712181152, -2]
33	[-83.6671034037663, -3]
34	[-92.81612616516013, 0]
34	[-88.8657994702389, -2]
34	[-83.6671034037663, -3]
35	[-92.81612616516013, 0]
35	[-88.8657994702389, -2]
35	[-83.6671034037663, -3]
36	[-92.14574354833846, 0]
36	[-88.8657994702389, -2]
36	[-83.6671034037663, -3]
37	[-90.87865672298328, 0]
37	[-88.8657994702389, -2]
37	[-83.6671034037663, -3]
38	[-90.87865672298328, 0]
38	[-87.15249881248626, -2]
38	[-83.66516204329177, -3]
39	[-90.87865672298328, 0]
39	[-87.15249881248626, -2]
39	[-83.66516204329177, -3]
40	[-90.87865672298328, 0]
40	[-87.15249881248626, -2]
40	[-83.66516204329177, -3]
41	[-90.87865672298328, 0]
41	[-83.57620080551078, -2]
42	[-90.87865672298328, 0]
42	[-83.57620080551078, -2]
43	[-90.87865672298328, 0]
43	[-83.57620080551078, -2]
43	[-81.26829110174559, -3]
44	[-90.83010570294003, 0]
44	[-83.57620080551078, -2]
44	[-81.26829110174559, -3]
45	[-90.74010642282376, 0]
45	[-83.57620080551078, -2]
45	[-81.26829110174559, -3]
46	[-90.16639212980613, 0]
46	[-83.54332974189947, -2]
46	[-81.26829110174559, -3]
47	[-90.16639212980613, 0]
47	[-83.54332974189947, -2]
47	[-81.26829110174559, -3]
48	[-90.16639212980613, 0]
48	[-83.54332974189947, -2]
48	[-81.26829110174559, -3]
48	[-81.26829110174559, -3]
49	[-90.16639212980613, 0]
49	[-83.54332974189947, -2]
49	[-81.26829110174559, -3]
49	[-81.26829110174559, -3]
50	[-87.4403608998926, 0]
50	[-83.54332974189947, -2]
50	[-81.26829110174559, -3]
50	[-81.26829110174559, -3]
51	[-87.4403608998926, 0]
51	[-83.54332974189947, -2]
51	[-81.26829110174559, -3]
51	[-81.26829110174559, -3]
52	[-87.4403608998926, 0]
52	[-83.54332974189947, -2]
52	[-81.26829110174559, -3]
52	[-81.26829110174559, -3]
53	[-87.4403608998926, 0]
53	[-83.29685329063881, -2]
53	[-81.26829110174559, -3]
53	[-81.26829110174559, -3]
54	[-87.4403608998926, 0]
54	[-83.29685329063881, -2]
54	[-81.26829110174559, -3]
54	[-81.26829110174559, -3]
55	[-86.53148805802941, 0]
55	[-83.29685329063881, -2]
55	[-81.26829110174559, -3]
55	[-81.26829110174559, -3]
56	[-86.46987907147872, 0]
56	[-83.29685329063881, -2]
56	[-81.26829110174559, -3]
56	[-81.26829110174559, -3]
57	[-86.46987907147872, 0]
57	[-83.29685329063881, -2]
57	[-81.26829110174559, -3]
57	[-81.26829110174559, -3]
58	[-85.71114793125538, 0]
58	[-83.29685329063881, -2]
58	[-81.26829110174559, -3]
58	[-81.26829110174559, -3]
59	[-85.71114793125538, 0]
59	[-83.29685329063881, -2]
59	[-81.26829110174559, -3]
59	[-81.26829110174559, -3]
60	[-85.71114793125538, 0]
60	[-83.29685329063881, -2]
60	[-81.26829110174559, -3]
60	[-81.26829110174559, -3]
61	[-85.13649278072569, 0]
61	[-83.29685329063881, -2]
61	[-81.26829110174559, -3]
61	[-81.26829110174559, -3]
62	[-85.13649278072569, 0]
62	[-83.29685329063881, -2]
62	[-81.26829110174559, -3]
62	[-81.26829110174559, -3]
63	[-85.09690897362086, 0]
63	[-83.29685329063881, -2]
63	[-81.26829110174559, -3]
63	[-81.26829110174559, -3]
64	[-84.27873650044744, 0]
64	[-80.98172196066511, -2]
65	[-84.27873650044744, 0]
65	[-84.19011318062664, -1]
65	[-80.98172196066511, -2]
66	[-82.00869559556703, 0]
66	[-80.98172196066511, -2]
67	[-82.00869559556703, 0]
67	[-80.98172196066511, -2]
68	[-82.00869559556703, 0]
68	[-80.98172196066511, -2]
69	[-81.98524547605453, 0]
69	[-80.98172196066511, -2]
70	[-81.98524547605453, 0]
70	[-80.5949219496466, -1]
70	[-79.8159318988767, -2]
71	[-81.98524547605453, 0]
71	[-80.5949219496466, -1]
71	[-79.8159318988767, -2]
72	[-81.98524547605453, 0]
72	[-77.94847426871925, -1]
73	[-81.98524547605453, 0]
73	[-77.94847426871925, -1]
74	[-81.98524547605453, 0]
74	[-77.94847426871925, -1]
75	[-81.98524547605453, 0]
75	[-77.94847426871925, -1]
76	[-80.02684827381641, 0]
76	[-76.07803463327521, -1]
77	[-80.02684827381641, 0]
77	[-76.07803463327521, -1]
78	[-80.02684827381641, 0]
78	[-76.07803463327521, -1]
79	[-80.02684827381641, 0]
79	[-76.07803463327521, -1]
80	[-80.02684827381641, 0]
80	[-76.07803463327521, -1]
81	[-80.02684827381641, 0]
81	[-76.07803463327521, -1]
82	[-80.02684827381641, 0]
82	[-76.07803463327521, -1]
83	[-79.96854211578744, 0]
83	[-76.07803463327521, -1]
84	[-79.96854211578744, 0]
84	[-76.07803463327521, -1]
85	[-79.96854211578744, 0]
85	[-76.07803463327521, -1]
86	[-79.96854211578744, 0]
86	[-76.07803463327521, -1]
87	[-79.96854211578744, 0]
87	[-76.07803463327521, -1]
88	[-79.9336854978005, 0]
88	[-76.07803463327521, -1]
89	[-79.9336854978005, 0]
89	[-76.07803463327521, -1]
90	[-79.85837534715593, 0]
90	[-76.07803463327521, -1]
91	[-79.85837534715593, 0]
91	[-76.07803463327521, -1]
92	[-79.85837534715593, 0]
92	[-76.07803463327521, -1]
93	[-79.85837534715593, 0]
93	[-76.07803463327521, -1]
94	[-79.85837534715593, 0]
94	[-79.85837534715593, 0]
94	[-76.07803463327521, -1]
95	[-79.6665029812047, 0]
95	[-76.07803463327521, -1]
96	[-79.6665029812047, 0]
96	[-76.07803463327521, -1]
97	[-79.6665029812047, 0]
97	[-76.07803463327521, -1]
98	[-79.6665029812047, 0]
98	[-76.07803463327521, -1]
98	[-76.07803463327521, -1]
99	[-79.6665029812047, 0]
99	[-75.20072899826715, -1]
100	[-79.6665029812047, 0]
100	[-70.44639593569357, -1]
101	[-79.6665029812047, 0]
101	[-70.44639593569357, -1]
102	[-78.74087180361187, 0]
102	[-70.44639593569357, -1]
103	[-78.74087180361187, 0]
103	[-70.44639593569357, -1]
104	[-78.74087180361187, 0]
104	[-70.44639593569357, -1]
105	[-78.74087180361187, 0]
105	[-70.44639593569357, -1]
106	[-78.74087180361187, 0]
106	[-70.44639593569357, -1]
107	[-78.74087180361187, 0]
107	[-70.44639593569357, -1]
108	[-77.17534226435612, 0]
108	[-70.44639593569357, -1]
109	[-77.17534226435612, 0]
109	[-70.44639593569357, -1]
110	[-77.05145385253812, 0]
110	[-70.44639593569357, -1]
111	[-76.97844646378049, 0]
111	[-70.44639593569357, -1]
112	[-76.97844646378049, 0]
112	[-70.44639593569357, -1]
113	[-76.97844646378049, 0]
113	[-70.44639593569357, -1]
114	[-76.97844646378049, 0]
114	[-70.44639593569357, -1]
115	[-76.95541861712695, 0]
115	[-70.44639593569357, -1]
116	[-76.86014175180883, 0]
116	[-70.44639593569357, -1]
117	[-76.86014175180883, 0]
117	[-69.39739452500524, -1]
118	[-76.86014175180883, 0]
118	[-69.39739452500524, -1]
119	[-76.82334364310942, 0]
119	[-68.61967019899116, -1]
120	[-76.547565625297, 0]
120	[-68.61967019899116, -1]
121	[-76.547565625297, 0]
121	[-68.61967019899116, -1]
122	[-76.547565625297, 0]
122	[-68.61967019899116, -1]
123	[-76.547565625297, 0]
123	[-68.61967019899116, -1]
124	[-76.547565625297, 0]
124	[-68.61967019899116, -1]
125	[-76.547565625297, 0]
125	[-68.61967019899116, -1]
126	[-76.547565625297, 0]
126	[-68.61967019899116, -1]
127	[-76.547565625297, 0]
127	[-68.61967019899116, -1]
128	[-76.547565625297, 0]
128	[-68.61967019899116, -1]
129	[-76.547565625297, 0]
129	[-68.61967019899116, -1]
130	[-76.19306515147946, 0]
130	[-68.61967019899116, -1]
131	[-76.19306515147946, 0]
131	[-68.61967019899116, -1]
132	[-76.19306515147946, 0]
132	[-68.61967019899116, -1]
133	[-76.19306515147946, 0]
133	[-68.61967019899116, -1]
134	[-76.19306515147946, 0]
134	[-68.61967019899116, -1]
135	[-76.19306515147946, 0]
135	[-68.61967019899116, -1]
136	[-76.19306515147946, 0]
136	[-76.19306515147946, 0]
136	[-68.61967019899116, -1]
137	[-76.19306515147946, 0]
137	[-76.19306515147946, 0]
137	[-68.61967019899116, -1]
138	[-76.19306515147946, 0]
138	[-76.19306515147946, 0]
138	[-68.61967019899116, -1]
139	[-76.19306515147946, 0]
139	[-76.19306515147946, 0]
139	[-68.61967019899116, -1]
140	[-76.19306515147946, 0]
140	[-76.19306515147946, 0]
140	[-68.61967019899116, -1]
141	[-76.19306515147946, 0]
141	[-76.19306515147946, 0]
141	[-68.61967019899116, -1]
142	[-76.19306515147946, 0]
142	[-76.19306515147946, 0]
142	[-68.61967019899116, -1]
143	[-76.19306515147946, 0]
143	[-76.19306515147946, 0]
143	[-68.61967019899116, -1]
144	[-76.17889724247925, 0]
144	[-68.39269548471374, -1]
145	[-76.17889724247925, 0]
145	[-68.39269548471374, -1]
146	[-76.17889724247925, 0]
146	[-68.39269548471374, -1]
147	[-73.44646617394896, 0]
147	[-68.39269548471374, -1]
148	[-73.44646617394896, 0]
148	[-68.39269548471374, -1]
149	[-73.44646617394896, 0]
149	[-68.39269548471374, -1]
150	[-73.44646617394896, 0]
150	[-68.39269548471374, -1]
151	[-73.44646617394896, 0]
151	[-68.39269548471374, -1]
152	[-73.32439168392416, 0]
152	[-68.39269548471374, -1]
153	[-73.32439168392416, 0]
153	[-68.39269548471374, -1]
154	[-73.32439168392416, 0]
154	[-68.39269548471374, -1]
155	[-73.32439168392416, 0]
155	[-68.39269548471374, -1]
156	[-73.32439168392416, 0]
156	[-68.39269548471374, -1]
157	[-73.32439168392416, 0]
157	[-68.39269548471374, -1]
158	[-73.32439168392416, 0]
158	[-68.39269548471374, -1]
159	[-73.32439168392416, 0]
159	[-68.39269548471374, -1]
160	[-73.32439168392416, 0]
160	[-68.39269548471374, -1]
161	[-73.32439168392416, 0]
161	[-68.39269548471374, -1]
162	[-72.75773894717923, 0]
162	[-68.39269548471374, -1]
163	[-72.75773894717923, 0]
163	[-68.39269548471374, -1]
164	[-72.75773894717923, 0]
164	[-68.39269548471374, -1]
165	[-72.75773894717923, 0]
165	[-68.39269548471374, -1]
166	[-72.75773894717923, 0]
166	[-68.39269548471374, -1]
167	[-72.75773894717923, 0]
167	[-67.43793975500328, -1]
168	[-72.75773894717923, 0]
168	[-67.43793975500328, -1]
169	[-72.75773894717923, 0]
169	[-67.43793975500328, -1]
170	[-72.0463917989973, 0]
170	[-67.43793975500328, -1]
171	[-70.77995143058764, 0]
171	[-67.43793975500328, -1]
172	[-70.77995143058764, 0]
172	[-67.43793975500328, -1]
173	[-70.77995143058764, 0]
173	[-67.43793975500328, -1]
174	[-70.77995143058764, 0]
174	[-67.43793975500328, -1]
175	[-70.77995143058764, 0]
175	[-67.43793975500328, -1]
176	[-70.77995143058764, 0]
176	[-64.33897200456491, -1]
177	[-70.77995143058764, 0]
177	[-70.77995143058764, 0]
177	[-64.33897200456491, -1]
178	[-70.77995143058764, 0]
178	[-70.77995143058764, 0]
178	[-64.33897200456491, -1]
179	[-70.77995143058764, 0]
179	[-70.77995143058764, 0]
179	[-64.33897200456491, -1]
180	[-70.77995143058764, 0]
180	[-70.77995143058764, 0]
180	[-64.33897200456491, -1]
181	[-70.77995143058764, 0]
181	[-70.77995143058764, 0]
181	[-64.33897200456491, -1]
182	[-70.77995143058764, 0]
182	[-70.77995143058764, 0]
182	[-64.33897200456491, -1]
183	[-70.77995143058764, 0]
183	[-70.77995143058764, 0]
183	[-64.33897200456491, -1]
184	[-70.77995143058764, 0]
184	[-70.77995143058764, 0]
184	[-64.33897200456491, -1]
185	[-70.77995143058764, 0]
185	[-70.77995143058764, 0]
185	[-64.33897200456491, -1]
186	[-70.77995143058764, 0]
186	[-70.77995143058764, 0]
186	[-64.33897200456491, -1]
187	[-70.74499325151399, 0]
187	[-64.33897200456491, -1]
188	[-70.74499325151399, 0]
188	[-64.33897200456491, -1]
189	[-70.74499325151399, 0]
189	[-64.33897200456491, -1]
190	[-70.74499325151399, 0]
190	[-64.33897200456491, -1]
191	[-70.74499325151399, 0]
191	[-64.33897200456491, -1]
192	[-70.74499325151399, 0]
192	[-64.33897200456491, -1]
193	[-70.74499325151399, 0]
193	[-64.33897200456491, -1]
194	[-70.35505378753582, 0]
194	[-64.33897200456491, -1]
195	[-70.35505378753582, 0]
195	[-64.33897200456491, -1]
196	[-70.19036880979269, 0]
196	[-64.33897200456491, -1]
197	[-70.19036880979269, 0]
197	[-64.33897200456491, -1]
198	[-70.19036880979269, 0]
198	[-64.33897200456491, -1]
199	[-70.19036880979269, 0]
199	[-64.33897200456491, -1]
200	[-70.19036880979269, 0]
200	[-64.33897200456491, -1]
201	[-70.19036880979269, 0]
201	[-64.33897200456491, -1]
202	[-70.19036880979269, 0]
202	[-64.33897200456491, -1]
203	[-70.19036880979269, 0]
203	[-64.33897200456491, -1]
204	[-70.19036880979269, 0]
204	[-64.33897200456491, -1]
205	[-70.19036880979269, 0]
205	[-64.33897200456491, -1]
206	[-70.19036880979269, 0]
206	[-64.33897200456491, -1]
207	[-70.19036880979269, 0]
207	[-64.33897200456491, -1]
208	[-70.19036880979269, 0]
208	[-64.33897200456491, -1]
209	[-70.19036880979269, 0]
209	[-64.28120051271556, -1]
210	[-70.19036880979269, 0]
210	[-64.28120051271556, -1]
211	[-70.16455508491794, 0]
211	[-64.28120051271556, -1]
212	[-70.16455508491794, 0]
212	[-64.28120051271556, -1]
213	[-70.16455508491794, 0]
213	[-64.28120051271556, -1]
214	[-70.16455508491794, 0]
214	[-64.28120051271556, -1]
215	[-70.16455508491794, 0]
215	[-64.28120051271556, -1]
216	[-70.16455508491794, 0]
216	[-64.28120051271556, -1]
217	[-70.16455508491794, 0]
217	[-64.28120051271556, -1]
218	[-70.0886422311747, 0]
218	[-64.28120051271556, -1]
219	[-70.0886422311747, 0]
219	[-64.28120051271556, -1]
220	[-70.0886422311747, 0]
220	[-64.28120051271556, -1]
221	[-70.0886422311747, 0]
221	[-64.28120051271556, -1]
222	[-70.0886422311747, 0]
222	[-64.28120051271556, -1]
223	[-70.0886422311747, 0]
223	[-63.06048464789208, -1]
224	[-70.0886422311747, 0]
224	[-63.06048464789208, -1]
225	[-70.0886422311747, 0]
225	[-70.0886422311747, 0]
225	[-63.06048464789208, -1]
226	[-70.0886422311747, 0]
226	[-70.0886422311747, 0]
226	[-63.06048464789208, -1]
227	[-70.0886422311747, 0]
227	[-70.0886422311747, 0]
227	[-63.06048464789208, -1]
228	[-70.0886422311747, 0]
228	[-70.0886422311747, 0]
228	[-63.06048464789208, -1]
229	[-70.0886422311747, 0]
229	[-70.0886422311747, 0]
229	[-70.0886422311747, 0]
229	[-63.06048464789208, -1]
230	[-70.0886422311747, 0]
230	[-70.0886422311747, 0]
230	[-70.0886422311747, 0]
230	[-63.06048464789208, -1]
231	[-70.0886422311747, 0]
231	[-70.0886422311747, 0]
231	[-70.0886422311747, 0]
231	[-70.0886422311747, 0]
231	[-63.06048464789208, -1]
232	[-70.07352194737958, 0]
232	[-63.06048464789208, -1]
233	[-70.07352194737958, 0]
233	[-63.06048464789208, -1]
234	[-70.07352194737958, 0]
234	[-62.97105885035315, -1]
235	[-70.07352194737958, 0]
235	[-62.97105885035315, -1]
236	[-70.07352194737958, 0]
236	[-70.07352194737958, 0]
236	[-62.97105885035315, -1]
237	[-70.07352194737958, 0]
237	[-70.07352194737958, 0]
237	[-62.97105885035315, -1]
238	[-70.07352194737958, 0]
238	[-70.07352194737958, 0]
238	[-62.97105885035315, -1]
239	[-70.07352194737958, 0]
239	[-70.07352194737958, 0]
239	[-62.97105885035315, -1]
240	[-69.96579556551708, 0]
240	[-62.97105885035315, -1]
241	[-69.96579556551708, 0]
241	[-62.97105885035315, -1]
242	[-69.96579556551708, 0]
242	[-62.97105885035315, -1]
243	[-69.96579556551708, 0]
243	[-62.97105885035315, -1]
244	[-69.96579556551708, 0]
244	[-62.97105885035315, -1]
245	[-69.23918201073293, 0]
245	[-62.97105885035315, -1]
246	[-69.23918201073293, 0]
246	[-62.97105885035315, -1]
247	[-69.23918201073293, 0]
247	[-62.97105885035315, -1]
248	[-69.23918201073293, 0]
248	[-62.97105885035315, -1]
249	[-69.23918201073293, 0]
249	[-62.97105885035315, -1]
250	[-69.23918201073293, 0]
250	[-62.97105885035315, -1]
251	[-69.23918201073293, 0]
251	[-62.97105885035315, -1]
252	[-69.23918201073293, 0]
252	[-69.23918201073293, 0]
252	[-62.97105885035315, -1]
253	[-69.04681615892616, 0]
253	[-62.97105885035315, -1]
254	[-69.04681615892616, 0]
254	[-62.97105885035315, -1]
255	[-69.04681615892616, 0]
255	[-62.97105885035315, -1]
256	[-68.93172821171216, 0]
256	[-62.97105885035315, -1]
257	[-68.93172821171216, 0]
257	[-62.97105885035315, -1]
258	[-68.93172821171216, 0]
258	[-62.72546956219972, -1]
259	[-68.93172821171216, 0]
259	[-62.72546956219972, -1]
260	[-68.93172821171216, 0]
260	[-62.72546956219972, -1]
261	[-68.93172821171216, 0]
261	[-62.72546956219972, -1]
262	[-68.93172821171216, 0]
262	[-62.72546956219972, -1]
263	[-68.93172821171216, 0]
263	[-62.626376160864254, -1]
264	[-68.85340559158617, 0]
264	[-62.626376160864254, -1]
265	[-68.81134671616717, 0]
265	[-62.626376160864254, -1]
266	[-68.79534839523639, 0]
266	[-62.38069678294114, -1]
267	[-68.79534839523639, 0]
267	[-62.38069678294114, -1]
268	[-68.79534839523639, 0]
268	[-62.38069678294114, -1]
269	[-68.79534839523639, 0]
269	[-62.38069678294114, -1]
270	[-68.79534839523639, 0]
270	[-62.38069678294114, -1]
271	[-68.79534839523639, 0]
271	[-62.38069678294114, -1]
272	[-68.79534839523639, 0]
272	[-62.38069678294114, -1]
273	[-68.55119778819103, 0]
273	[-62.38069678294114, -1]
274	[-68.55119778819103, 0]
274	[-62.38069678294114, -1]
275	[-68.55119778819103, 0]
275	[-68.55119778819103, 0]
275	[-62.38069678294114, -1]
276	[-68.55119778819103, 0]
276	[-68.55119778819103, 0]
276	[-62.38069678294114, -1]
277	[-68.55119778819103, 0]
277	[-68.55119778819103, 0]
277	[-62.38069678294114, -1]
278	[-68.55119778819103, 0]
278	[-68.55119778819103, 0]
278	[-62.38069678294114, -1]
279	[-68.55119778819103, 0]
279	[-68.55119778819103, 0]
279	[-62.38069678294114, -1]
280	[-68.55119778819103, 0]
280	[-68.55119778819103, 0]
280	[-62.38069678294114, -1]
281	[-68.55119778819103, 0]
281	[-68.55119778819103, 0]
281	[-62.38069678294114, -1]
282	[-68.55119778819103, 0]
282	[-68.55119778819103, 0]
282	[-62.38069678294114, -1]
283	[-68.55119778819103, 0]
283	[-68.55119778819103, 0]
283	[-62.38069678294114, -1]
284	[-68.55119778819103, 0]
284	[-68.55119778819103, 0]
284	[-62.38069678294114, -1]
285	[-68.55119778819103, 0]
285	[-68.55119778819103, 0]
285	[-62.38069678294114, -1]
286	[-68.55119778819103, 0]
286	[-68.55119778819103, 0]
286	[-62.38069678294114, -1]
287	[-68.55119778819103, 0]
287	[-68.55119778819103, 0]
287	[-62.38069678294114, -1]
288	[-68.55119778819103, 0]
288	[-68.55119778819103, 0]
288	[-68.55119778819103, 0]
288	[-62.38069678294114, -1]
289	[-68.55119778819103, 0]
289	[-68.55119778819103, 0]
289	[-68.55119778819103, 0]
289	[-62.38069678294114, -1]
290	[-68.55119778819103, 0]
290	[-68.55119778819103, 0]
290	[-68.55119778819103, 0]
290	[-62.38069678294114, -1]
291	[-68.55119778819103, 0]
291	[-68.55119778819103, 0]
291	[-68.55119778819103, 0]
291	[-62.38069678294114, -1]
292	[-68.55119778819103, 0]
292	[-68.55119778819103, 0]
292	[-68.55119778819103, 0]
292	[-62.38069678294114, -1]
293	[-68.55119778819103, 0]
293	[-68.55119778819103, 0]
293	[-68.55119778819103, 0]
293	[-62.38069678294114, -1]
294	[-68.55119778819103, 0]
294	[-68.55119778819103, 0]
294	[-68.55119778819103, 0]
294	[-62.38069678294114, -1]
295	[-68.55119778819103, 0]
295	[-68.55119778819103, 0]
295	[-68.55119778819103, 0]
295	[-62.38069678294114, -1]
296	[-68.54689898257618, 0]
296	[-62.38069678294114, -1]
297	[-68.54689898257618, 0]
297	[-62.38069678294114, -1]
298	[-68.54689898257618, 0]
298	[-62.38069678294114, -1]
299	[-68.54689898257618, 0]
299	[-62.38069678294114, -1]
300	[-68.54689898257618, 0]
300	[-62.38069678294114, -1]
300	[-68.54689898257618, 0]
300	[-62.38069678294114, -1]
