Generation:
798

Phenotype:
5
V1 = uniform([+8.5e0, 1.3e1], 2);
V2 = -1.7e0;
V2 = V2 + uniform([+8.0e0, 7.5e0], 2);
V3 = +V1;
V3 = V3 + uniform([-1.4e1, 8.2e0], 2);

Pre-processed Program
:T = uniform([8.500000, 21.500000], 2);F = 0;F = F - 1.7;F = F + uniform([8.000000, 15.500000], 2);W = T;W = W + uniform([-14.000000, -5.800000], 2);Genotype:
[303, 280, 157, 181, 468, 356, 60, 458, 375, 166, 402, 361, 143, 29, 279, 446, 122, 281, 360, 347, 61, 67, 184, 207, 202, 368, 486, 228, 330, 22, 473, 147, 205, 48, 415, 88, 28, 36, 120, 20, 325, 77, 42, 383, 401, 114, 117, 424, 458, 432, 216, 133, 411, 34, 29, 52, 167, 69, 418, 210, 255, 469, 345, 492, 62, 3, 173, 274, 140, 9, 136, 332, 81, 67, 341, 348, 465, 304, 412, 288, 109, 207, 108, 124, 225, 248, 180, 451, 467, 340, 110, 216, 406, 236, 165, 262, 114, 3, 244, 45]
Tree:
None
Fitness on 5000 data:
-7.40874070854919

Fitness:
-7.40874070854919