0 -165.53805377622766 -193.30566185160242 -165.52296620871397
1 -193.30566185160242 -206.53472516129068 -161.8508301125981
2 -161.8508301125981 -177.63064653894907 -132.56814112627742
3 -159.55555856113563 -160.81618523760764 -122.83208240861177
4 -159.55405999070686 -159.87131779821695 -117.90456716258319
5 -138.72896800271405 -160.50027928327526 -117.90295231744958
6 -132.2190869436667 -153.40074054219198 -117.90144375040859
7 -131.87278432536675 -153.227589233042 -117.90144375040859
8 -131.87278432536675 -152.53651902630403 -117.90144375040859
9 -131.87278432536675 -148.90700779676033 -117.90144375040859
10 -117.90214489488278 -128.7394933556111 -117.23289181524807
11 -121.91370130243448 -128.03593444420488 -117.40020508515674
12 -121.91370130243448 -127.27073240067736 -117.40020508515674
13 -121.57907476261713 -127.27073240067736 -114.77061753704372
14 -118.36262377572021 -127.7192239642411 -113.94985944430894
15 -116.15624161001458 -125.65595374187173 -112.0018354923584
16 -113.94985944430894 -116.15624161001458 -110.05381154040786
17 -111.43485171186006 -113.45731106895448 -109.82506335189238
18 -111.43485171186006 -113.45731106895448 -109.82506335189238
19 -111.43485171186006 -113.45731106895448 -109.82506335189238
20 -111.43485171186006 -113.32701194229958 -109.82506335189238
21 -111.04749659035424 -111.43485171186006 -108.60263011343051
22 -111.43485171186006 -116.91784814889598 -109.82506335189238
23 -110.85411472942272 -111.33816078139431 -108.50593918296475
24 -111.33816078139431 -112.70719405805261 -109.68002695619373
25 -111.16735170626494 -112.70719405805261 -109.42381334349969
26 -110.51249657916398 -112.93732615563837 -108.33513010783538
27 -109.78133858943158 -110.14691758429778 -107.96955111296919
28 -109.69718081398861 -110.1048386965763 -107.9274722252477
29 -109.69718081398861 -110.1048386965763 -107.9274722252477
30 -108.82595807768463 -109.26156944583661 -107.4918608570957
31 -108.82595807768463 -109.26156944583661 -107.4918608570957
32 -106.15776363650679 -107.9274722252477 -103.70371927601425
33 -106.15776363650679 -107.9274722252477 -103.70371927601425
34 -106.15776363650679 -107.9274722252477 -103.70371927601425
35 -103.70371927601425 -104.93074145626052 -102.476697095768
36 -103.56772297122833 -104.72674699908163 -102.40869894337504
37 -96.5680511039453 -101.22691106544012 -91.90919114245048
38 -105.88577102693493 -107.15007888716782 -96.5680511039453
39 -96.5680511039453 -101.22691106544012 -91.90919114245048
40 -94.14194488660371 -100.01385795676933 -88.2700318164381
41 -94.14194488660371 -100.01385795676933 -88.2700318164381
42 -93.92105719284494 -99.68252641613117 -88.15958796955871
43 -82.3981187462725 -82.3981187462725 -82.3981187462725
44 -82.3981187462725 -82.3981187462725 -82.3981187462725
45 -82.23262061619528 -82.23262061619528 -82.23262061619528
46 -82.23262061619528 -82.23262061619528 -82.23262061619528
47 -93.14237568031524 -98.59725321237521 -87.68749814825526
48 -93.06589613531932 -98.48253389488136 -87.6492583757573
49 -94.31178507467288 -98.9527196809478 -88.2170733595228
50 -94.31178507467288 -98.9527196809478 -88.2170733595228
51 -94.31178507467288 -98.94555997300452 -88.02659422097996
52 -94.31178507467288 -98.94555997300452 -88.02659422097996
53 -94.28157937345193 -98.41428028860693 -88.01149137036948
54 -94.28157937345193 -98.41428028860693 -88.01149137036948
55 -98.41428028860693 -102.68607748334685 -91.14653537191072
56 -98.11245172752223 -102.68607748334685 -90.69379253028366
57 -98.11245172752223 -102.68607748334685 -90.69379253028366
58 -98.11245172752223 -102.68607748334685 -90.69379253028366
59 -98.11245172752223 -102.68607748334685 -90.69379253028366
60 -97.93131817557045 -102.41437715541919 -90.69379253028366
61 -97.93131817557045 -102.41437715541919 -90.69379253028366
62 -97.93131817557045 -102.41437715541919 -90.69379253028366
63 -97.93131817557045 -102.41437715541919 -90.40623096710237
64 -97.93131817557045 -102.41437715541919 -90.40623096710237
65 -97.35966058816612 -102.41437715541919 -89.54874458599588
66 -96.77659635978657 -102.41437715541919 -88.67395931765245
67 -91.36847861971475 -96.68561016958974 -85.97944001559014
68 -91.36847861971475 -96.68561016958974 -85.97944001559014
69 -91.36847861971475 -96.68561016958974 -85.97944001559014
70 -96.68561016958974 -102.12555752555848 -88.67395931765245
71 -96.68561016958974 -102.12555752555848 -88.67395931765245
72 -96.68561016958974 -102.12555752555848 -88.67395931765245
73 -96.68561016958974 -102.12555752555848 -88.67395931765245
74 -96.68561016958974 -102.12555752555848 -88.67395931765245
75 -96.68561016958974 -102.08645389695303 -88.58406826629357
76 -96.68561016958974 -102.08645389695303 -88.58406826629357
77 -96.68561016958974 -102.08645389695303 -88.58406826629357
78 -96.68561016958974 -102.08645389695303 -88.58406826629357
79 -96.49215617863346 -101.79627291051862 -88.58406826629357
80 -96.49215617863346 -101.79627291051862 -88.58406826629357
81 -94.69639864388752 -98.92219743543326 -88.58406826629357
82 -94.11276532095388 -98.61251434362268 -87.70861828189312
83 -94.11276532095388 -98.61251434362268 -87.70861828189312
84 -94.11276532095388 -98.61251434362268 -87.70861828189312
85 -91.91157553821512 -95.3107296695145 -87.70861828189312
86 -91.91157553821512 -95.3107296695145 -87.70861828189312
87 -91.82673801676123 -95.3107296695145 -87.5813619997123
88 -91.82673801676123 -95.3107296695145 -87.5813619997123
89 -91.82673801676123 -95.3107296695145 -87.5813619997123
90 -91.82673801676123 -95.3107296695145 -87.5813619997123
91 -91.53688645513749 -93.18716176014712 -87.52938962239494
92 -91.53688645513749 -93.18716176014712 -87.52938962239494
93 -91.53688645513749 -93.18716176014712 -87.52938962239494
94 -91.53688645513749 -93.18716176014712 -87.52938962239494
95 -91.53688645513749 -93.18716176014712 -87.52938962239494
96 -91.53686151955489 -93.18716176014712 -87.52935221902106
97 -91.37704592981879 -93.18716176014712 -87.2896288344169
98 -91.37704592981879 -93.18716176014712 -87.26945899016773
99 -89.41603592528695 -90.54445090506057 -86.56296575363478
100 -89.22561643137695 -90.25882166419558 -86.56296575363478
101 -89.22561643137695 -90.25882166419558 -86.56296575363478
102 -89.22561643137695 -90.25882166419558 -86.56296575363478
103 -89.22561643137695 -89.8972675225887 -86.56296575363478
104 -89.22561643137695 -89.8972675225887 -86.56296575363478
105 -88.86732672912544 -89.8872924910464 -86.02553120025752
106 -88.86732672912544 -89.8872924910464 -86.02553120025752
107 -88.66895176562124 -89.5897300457901 -86.02553120025752
108 -88.66895176562124 -89.4320518384406 -86.02553120025752
109 -88.66840201773348 -89.4320518384406 -86.02470657842589
110 -88.66840201773348 -89.4320518384406 -86.02470657842589
111 -88.66840201773348 -89.4320518384406 -86.02470657842589
112 -88.66840201773348 -89.4320518384406 -86.02470657842589
113 -88.66840201773348 -89.4320518384406 -86.02470657842589
114 -87.00022044419961 -89.4320518384406 -83.52243421812506
115 -86.48966310795205 -89.4320518384406 -82.75659821375373
116 -86.48966310795205 -89.4320518384406 -82.75659821375373
117 -86.48966310795205 -89.4320518384406 -82.75659821375373
118 -86.41267675075707 -89.31657230264814 -82.75659821375373
119 -86.41267675075707 -89.31657230264814 -82.75659821375373
120 -86.41267675075707 -89.31657230264814 -82.75659821375373
121 -86.41267675075707 -89.31657230264814 -82.75659821375373
122 -86.41267675075707 -89.31657230264814 -82.75659821375373
123 -86.41267675075707 -89.10180234502855 -82.75659821375373
124 -86.31718944257241 -89.10180234502855 -82.61336725147675
125 -86.31718944257241 -88.86040990095854 -82.61336725147675
126 -86.31718944257241 -88.86040990095854 -82.61336725147675
127 -86.31718944257241 -88.86040990095854 -82.61336725147675
128 -85.72191573959283 -87.96749934648918 -82.61336725147675
129 -85.71128663976617 -87.95155569674918 -82.61336725147675
130 -85.71128663976617 -87.95155569674918 -82.61336725147675
131 -85.11080206772252 -87.95155569674918 -81.71264039341126
132 -85.11080206772252 -87.95155569674918 -81.71264039341126
133 -85.10962809838311 -87.94979474274007 -81.71264039341126
134 -85.09954252834234 -87.93466638767892 -81.71264039341126
135 -85.09949980270684 -87.93460229922567 -81.71264039341126
136 -85.09949980270684 -87.93460229922567 -81.71264039341126
137 -85.09949980270684 -87.93460229922567 -81.71264039341126
138 -85.09949980270684 -87.93460229922567 -81.71264039341126
139 -85.09949980270684 -87.93460229922567 -81.71264039341126
140 -85.09949980270684 -87.93460229922567 -81.71264039341126
141 -85.09949980270684 -87.93460229922567 -81.71264039341126
142 -84.56909782112731 -87.13899932685638 -81.71264039341126
143 -84.56909782112731 -87.13899932685638 -81.27340793683854
144 -84.56909782112731 -87.13899932685638 -81.27340793683854
145 -84.56909782112731 -87.13899932685638 -81.27340793683854
146 -83.89544397564188 -86.12851855862822 -81.27340793683854
147 -83.89544397564188 -86.12851855862822 -81.27340793683854
148 -83.89544397564188 -86.12851855862822 -81.27340793683854
149 -83.89544397564188 -86.12580826555862 -81.27340793683854
150 -83.89544397564188 -86.12580826555862 -81.27340793683854
151 -83.89544397564188 -86.12580826555862 -81.27340793683854
152 -83.89219544156938 -86.12580826555862 -81.2685351357298
153 -83.89219544156938 -86.12580826555862 -81.2685351357298
154 -83.89219544156938 -86.12580826555862 -81.2685351357298
155 -83.77246211238287 -86.12580826555862 -81.08893514195002
156 -83.77246211238287 -86.12580826555862 -81.08893514195002
157 -83.64184562170526 -85.92988352954221 -81.08893514195002
158 -82.4071517634555 -83.64184562170526 -79.77071852044455
159 -82.4071517634555 -83.64184562170526 -79.77071852044455
160 -82.4071517634555 -83.64184562170526 -79.77071852044455
161 -82.4071517634555 -83.64184562170526 -79.77071852044455
162 -82.4071517634555 -83.64184562170526 -79.77071852044455
163 -82.4071517634555 -83.64184562170526 -79.77071852044455
164 -82.4071517634555 -83.64184562170526 -79.77071852044455
165 -82.30999261070548 -83.58045086401367 -79.72213894406953
166 -82.30999261070548 -83.58045086401367 -79.72213894406953
167 -82.30999261070548 -83.58045086401367 -79.72213894406953
168 -82.30999261070548 -82.50863560497588 -79.72213894406953
169 -82.30999261070548 -82.50863560497588 -79.72213894406953
170 -82.30999261070548 -82.50863560497588 -79.72213894406953
171 -82.27246059492775 -82.48986959708702 -79.70337293618067
172 -82.20457254336048 -82.45592557130338 -79.66942891039703
173 -82.20457254336048 -82.45592557130338 -79.66942891039703
174 -82.20457254336048 -82.45592557130338 -79.66942891039703
175 -82.20457254336048 -82.45592557130338 -79.66942891039703
176 -82.20457254336048 -82.45592557130338 -79.66942891039703
177 -82.20457254336048 -82.45592557130338 -79.66942891039703
178 -82.20457254336048 -82.45592557130338 -79.66942891039703
179 -82.20457254336048 -82.45592557130338 -79.61310545274235
180 -81.97972331226023 -82.34350095575326 -79.50068083719222
181 -81.97972331226023 -82.34350095575326 -79.50068083719222
182 -81.97972331226023 -82.34350095575326 -79.50068083719222
183 -81.97972331226023 -82.34153863025902 -79.50068083719222
184 -81.97972331226023 -82.34153863025902 -79.50068083719222
185 -81.97972331226023 -82.34153863025902 -79.50068083719222
186 -81.97972331226023 -82.34153863025902 -79.50068083719222
187 -81.97972331226023 -82.34153863025902 -79.50068083719222
188 -80.28962154257466 -81.49506265978047 -78.65562995234944
189 -80.28962154257466 -81.49506265978047 -78.65562995234944
190 -80.28962154257466 -81.49506265978047 -78.65562995234944
191 -80.28962154257466 -81.49506265978047 -78.65562995234944
192 -80.28962154257466 -81.48435826882388 -78.65562995234944
193 -80.28962154257466 -81.48435826882388 -78.65562995234944
194 -80.28962154257466 -81.48435826882388 -78.65562995234944
195 -80.28962154257466 -81.48435826882388 -78.65562995234944
196 -80.28962154257466 -81.48435826882388 -78.65562995234944
197 -80.28962154257466 -81.48435826882388 -78.65562995234944
198 -80.28962154257466 -81.48435826882388 -78.65562995234944
199 -80.28962154257466 -81.48435826882388 -78.65562995234944
200 -80.28962154257466 -81.48435826882388 -78.65562995234944
201 -80.28962154257466 -81.48435826882388 -78.65562995234944
202 -80.28962154257466 -81.48435826882388 -78.65562995234944
203 -80.28962154257466 -81.46349528433846 -78.56984508502643
204 -80.28962154257466 -81.46349528433846 -78.56984508502643
205 -80.28962154257466 -81.29741800779661 -78.56984508502643
206 -80.28962154257466 -81.29741800779661 -78.56984508502643
207 -80.28962154257466 -81.29741800779661 -78.56984508502643
208 -80.28962154257466 -81.29741800779661 -78.56984508502643
209 -80.28962154257466 -81.29741800779661 -78.56984508502643
210 -80.28962154257466 -81.29741800779661 -78.56984508502643
211 -80.28962154257466 -81.29741800779661 -78.56984508502643
212 -80.28962154257466 -81.29741800779661 -78.56984508502643
213 -80.20788473491098 -81.25654960396476 -78.52897668119458
214 -80.20788473491098 -81.25654960396476 -78.52897668119458
215 -80.20788473491098 -81.25654960396476 -78.52897668119458
216 -80.20788473491098 -81.25654960396476 -78.52897668119458
217 -80.20788473491098 -81.25654960396476 -78.52897668119458
218 -80.20788473491098 -81.25654960396476 -78.52897668119458
219 -80.20788473491098 -81.25654960396476 -78.52897668119458
220 -80.20788473491098 -81.25654960396476 -78.52897668119458
221 -80.20788473491098 -81.25654960396476 -78.52897668119458
222 -80.16254204833099 -81.23387826067477 -78.50630533790459
223 -80.16254204833099 -81.2255727641529 -78.50630533790459
224 -80.16254204833099 -81.2255727641529 -78.50630533790459
225 -80.16254204833099 -81.2255727641529 -78.50630533790459
226 -80.16254204833099 -81.22363252960744 -78.50630533790459
227 -80.16254204833099 -81.22363252960744 -78.50630533790459
228 -80.16254204833099 -81.21375775278838 -78.50630533790459
229 -80.16254204833099 -81.21375775278838 -78.50630533790459
230 -80.16254204833099 -81.21375775278838 -78.50630533790459
231 -80.16254204833099 -81.21375775278838 -78.50630533790459
232 -80.16254204833099 -81.21375775278838 -78.50630533790459
233 -80.16254204833099 -81.21375775278838 -78.50630533790459
234 -80.16254204833099 -81.21375775278838 -78.50630533790459
235 -80.16254204833099 -81.21375775278838 -78.50630533790459
236 -80.16254204833099 -81.21375775278838 -78.50630533790459
237 -80.16254204833099 -81.21375775278838 -78.50630533790459
238 -80.16254204833099 -81.21375775278838 -78.50630533790459
239 -80.11029228453663 -81.1876328708912 -78.4801804560074
240 -80.11029228453663 -81.1876328708912 -78.4801804560074
241 -80.11029228453663 -81.1876328708912 -78.4801804560074
242 -80.11029228453663 -81.1876328708912 -78.4801804560074
243 -80.1006230894668 -81.1827982733563 -78.47534585847248
244 -80.1006230894668 -81.1827982733563 -78.47534585847248
245 -79.13355776085179 -80.69926560904878 -77.99181319416499
246 -79.13355776085179 -80.69926560904878 -77.99181319416499
247 -79.13355776085179 -80.69926560904878 -77.99181319416499
248 -79.13355776085179 -80.69926560904878 -77.99181319416499
249 -79.13355776085179 -80.69926560904878 -77.99181319416499
250 -79.13355776085179 -80.69926560904878 -77.99181319416499
251 -79.13355776085179 -80.69926560904878 -77.99181319416499
252 -79.13355776085179 -80.69926560904878 -77.99181319416499
253 -79.13355776085179 -80.69926560904878 -77.99181319416499
254 -79.13355776085179 -80.69926560904878 -77.99181319416499
255 -79.13355776085179 -80.69926560904878 -77.99181319416499
256 -79.13355776085179 -80.69926560904878 -77.99181319416499
257 -79.13355776085179 -80.69926560904878 -77.99181319416499
258 -79.13355776085179 -80.69926560904878 -77.99181319416499
259 -79.13355776085179 -80.69926560904878 -77.99181319416499
260 -79.13355776085179 -80.69926560904878 -77.99181319416499
261 -79.13355776085179 -80.69926560904878 -77.99181319416499
262 -79.13355776085179 -80.69926560904878 -77.99181319416499
263 -79.13355776085179 -80.69926560904878 -77.99181319416499
264 -79.13355776085179 -80.69697504059914 -77.99181319416499
265 -79.13355776085179 -80.69697504059914 -77.99181319416499
266 -79.13355776085179 -80.69697504059914 -77.99181319416499
267 -79.13355776085179 -80.69697504059914 -77.99181319416499
268 -79.13355776085179 -80.69697504059914 -77.99181319416499
269 -79.13355776085179 -80.69697504059914 -77.99181319416499
270 -79.13355776085179 -80.69697504059914 -77.99181319416499
271 -79.13355776085179 -80.69697504059914 -77.99181319416499
272 -79.13355776085179 -80.69697504059914 -77.99181319416499
273 -79.13355776085179 -80.69697504059914 -77.6766309415082
274 -79.13355776085179 -80.69697504059914 -77.6766309415082
275 -79.13355776085179 -80.69697504059914 -77.6766309415082
276 -79.13355776085179 -80.69427227856298 -77.6766309415082
277 -79.13355776085179 -80.69427227856298 -77.6766309415082
278 -79.13355776085179 -80.69427227856298 -77.6766309415082
279 -79.13355776085179 -80.69427227856298 -77.6766309415082
280 -79.13355776085179 -80.69002365726419 -77.6766309415082
281 -79.13355776085179 -80.69002365726419 -77.6766309415082
282 -79.13355776085179 -80.69002365726419 -77.6766309415082
283 -79.13355776085179 -80.69002365726419 -77.6766309415082
284 -79.13355776085179 -80.69002365726419 -77.6766309415082
285 -79.13355776085179 -80.69002365726419 -77.6766309415082
286 -79.13355776085179 -80.69002365726419 -77.6766309415082
287 -79.13355776085179 -80.69002365726419 -77.6766309415082
288 -79.13355776085179 -80.69002365726419 -77.6766309415082
289 -79.13355776085179 -80.68146005701382 -77.6766309415082
290 -79.13355776085179 -80.68146005701382 -77.6766309415082
291 -79.13355776085179 -80.68146005701382 -77.6766309415082
292 -79.13355776085179 -80.68146005701382 -77.6766309415082
293 -79.13355776085179 -80.68146005701382 -77.6766309415082
294 -79.13355776085179 -80.68146005701382 -77.6766309415082
295 -79.13355776085179 -80.68146005701382 -77.6766309415082
296 -79.13355776085179 -80.68146005701382 -77.6766309415082
297 -79.13355776085179 -80.68146005701382 -77.6766309415082
298 -79.13355776085179 -80.68146005701382 -77.6766309415082
299 -79.13355776085179 -80.68146005701382 -77.6766309415082
300 -79.13355776085179 -80.43671250200387 -77.6766309415082
