generation median_fitness fitness_25perc fitness_75perc
0 -256.41 -1811.54 -247.47
1 -256.41 -1811.54 -247.38
2 -254.59 -288.18 -246.32
3 -201.29 -223.84 -201.29
4 -201.28 -201.29 -164.41
5 -147.27 -168.99 -128.45
6 -151.15 -166.96 -128.45
7 -142.76 -156.14 -128.44
8 -142.76 -156.14 -128.44
9 -134.69 -147.72 -128.00
10 -128.45 -148.75 -126.85
11 -127.03 -145.58 -122.65
12 -126.15 -150.22 -122.92
13 -126.15 -135.36 -123.28
14 -118.93 -122.20 -113.47
15 -118.93 -122.20 -113.47
16 -120.99 -123.26 -114.51
17 -118.11 -123.04 -113.29
18 -113.29 -116.42 -112.06
19 -114.42 -117.60 -111.77
20 -114.42 -117.60 -111.77
21 -112.03 -115.75 -111.21
22 -112.03 -115.75 -109.19
23 -112.85 -116.23 -108.61
24 -112.85 -116.23 -108.61
25 -112.85 -116.23 -108.61
26 -107.46 -115.38 -105.94
27 -107.46 -115.38 -105.94
28 -106.91 -112.07 -105.63
29 -107.25 -113.68 -106.57
30 -107.25 -112.34 -106.57
31 -107.25 -112.34 -106.57
32 -107.25 -112.34 -106.57
33 -106.57 -111.57 -104.81
34 -106.57 -111.57 -104.75
35 -106.57 -111.57 -104.75
36 -106.57 -111.57 -104.75
37 -105.66 -107.82 -104.46
38 -105.66 -107.82 -104.46
39 -105.48 -107.54 -104.46
40 -105.48 -107.54 -104.46
41 -105.48 -107.54 -104.46
42 -105.48 -107.54 -104.46
43 -104.75 -108.16 -104.17
44 -104.17 -106.46 -102.92
45 -104.75 -108.16 -104.17
46 -104.17 -106.46 -103.29
47 -104.75 -111.57 -103.59
48 -104.23 -111.57 -103.35
49 -104.17 -111.57 -103.35
50 -104.17 -111.57 -103.35
51 -102.87 -103.96 -102.39
52 -102.39 -103.56 -102.39
53 -102.39 -103.56 -102.39
54 -102.39 -103.76 -102.39
55 -103.35 -104.33 -101.21
56 -103.35 -104.33 -100.87
57 -103.35 -104.21 -100.20
58 -102.08 -104.08 -99.59
59 -100.81 -103.94 -99.59
60 -103.35 -104.21 -98.03
61 -102.08 -103.79 -96.63
62 -100.81 -103.64 -94.85
63 -100.81 -104.50 -95.04
64 -100.81 -104.50 -95.04
65 -99.85 -104.06 -95.01
66 -98.28 -102.38 -95.19
67 -99.85 -102.63 -94.75
68 -99.85 -102.63 -94.73
69 -99.85 -102.63 -94.72
70 -98.28 -101.26 -92.95
71 -95.90 -100.67 -92.37
72 -98.44 -100.72 -94.72
73 -98.44 -100.72 -94.72
74 -95.90 -99.31 -91.99
75 -92.76 -98.53 -91.99
76 -91.99 -98.28 -91.99
77 -91.99 -97.08 -91.99
78 -98.44 -100.72 -94.67
79 -98.11 -100.72 -94.25
80 -97.60 -100.01 -95.37
81 -97.60 -100.01 -95.27
82 -97.60 -100.01 -95.27
83 -97.60 -99.31 -92.93
84 -97.60 -98.61 -92.93
85 -97.60 -98.61 -92.93
86 -97.60 -98.61 -92.93
87 -97.58 -99.66 -92.93
88 -95.26 -99.12 -92.59
89 -92.93 -98.58 -92.93
90 -94.65 -98.37 -91.55
91 -92.83 -97.58 -91.55
92 -96.46 -99.16 -94.29
93 -96.46 -99.16 -94.29
94 -96.46 -99.15 -94.29
95 -96.46 -99.15 -94.29
96 -96.46 -98.37 -95.02
97 -96.46 -98.16 -95.02
98 -96.46 -97.58 -92.83
99 -96.10 -98.16 -92.11
100 -95.76 -97.58 -90.11
101 -94.27 -97.29 -90.11
102 -92.78 -96.89 -90.11
103 -90.11 -96.08 -90.11
104 -96.19 -98.17 -93.66
105 -96.19 -98.10 -93.66
106 -96.19 -97.42 -94.71
107 -96.19 -97.42 -94.59
108 -96.19 -97.42 -94.59
109 -96.19 -97.42 -94.09
110 -95.99 -98.10 -93.10
111 -95.99 -98.01 -93.05
112 -95.99 -98.01 -93.05
113 -95.99 -96.45 -92.51
114 -95.99 -96.19 -92.51
115 -95.99 -96.19 -92.51
116 -95.99 -96.19 -92.15
117 -94.01 -96.08 -90.62
118 -93.30 -95.99 -89.48
119 -92.15 -95.99 -89.48
120 -95.36 -96.08 -92.73
121 -95.36 -96.08 -92.22
122 -95.36 -95.99 -91.37
123 -94.72 -95.99 -90.95
124 -94.72 -95.99 -90.95
125 -94.72 -95.99 -90.95
126 -95.99 -95.99 -92.65
127 -93.69 -96.07 -88.91
128 -93.69 -96.07 -88.91
129 -94.72 -96.16 -91.34
130 -94.72 -96.16 -91.34
131 -93.69 -95.67 -90.68
132 -93.69 -95.64 -90.39
133 -94.72 -95.94 -90.88
134 -94.40 -95.94 -90.88
135 -94.40 -95.94 -90.88
136 -94.40 -95.94 -90.88
137 -94.40 -95.94 -89.89
138 -94.40 -95.94 -89.89
139 -94.40 -95.94 -89.89
140 -94.40 -95.94 -89.85
141 -91.29 -95.94 -85.13
142 -86.78 -94.79 -85.13
143 -85.13 -93.58 -85.13
144 -85.13 -90.17 -85.13
145 -92.57 -95.37 -88.14
146 -91.12 -95.82 -86.97
147 -89.13 -95.82 -85.33
148 -87.13 -95.82 -84.84
149 -89.11 -95.82 -84.84
150 -89.11 -95.82 -84.84
151 -89.02 -95.82 -84.84
152 -91.73 -95.82 -87.97
153 -91.12 -92.31 -86.89
154 -91.12 -92.31 -86.92
155 -91.12 -92.01 -86.92
156 -89.02 -91.87 -86.82
157 -91.12 -92.10 -84.75
158 -86.50 -92.26 -84.75
159 -91.73 -94.92 -86.29
160 -86.92 -94.06 -84.74
161 -86.49 -93.20 -84.74
162 -86.49 -93.20 -84.74
163 -91.44 -95.78 -86.06
164 -91.44 -95.78 -86.06
165 -86.92 -94.06 -84.88
166 -89.16 -94.92 -83.96
167 -88.47 -94.92 -83.96
168 -85.50 -92.34 -84.46
169 -88.47 -94.92 -84.54
170 -85.50 -94.06 -84.48
171 -85.50 -94.06 -84.48
172 -84.51 -85.50 -83.74
173 -84.10 -86.24 -83.68
174 -84.10 -86.24 -83.68
175 -84.10 -86.24 -83.68
176 -84.10 -86.24 -83.68
177 -83.71 -87.95 -83.68
178 -83.68 -84.25 -83.48
179 -83.68 -83.70 -83.48
180 -83.48 -83.68 -83.48
181 -83.48 -83.67 -83.48
182 -83.65 -86.01 -83.22
183 -83.65 -86.01 -83.22
184 -83.52 -84.46 -83.11
185 -83.32 -84.26 -83.11
186 -83.11 -83.67 -83.11
187 -83.46 -86.01 -82.94
188 -83.25 -84.46 -82.43
189 -83.46 -86.01 -82.94
190 -83.67 -90.67 -83.10
191 -83.67 -90.67 -83.05
192 -83.67 -90.67 -83.05
193 -83.67 -90.67 -82.43
194 -83.36 -89.12 -82.59
195 -83.05 -88.92 -82.44
196 -83.05 -88.92 -82.44
197 -83.05 -85.42 -82.52
198 -83.05 -85.42 -82.52
199 -83.05 -83.66 -82.56
200 -83.05 -83.51 -82.68
201 -83.05 -83.66 -82.80
202 -83.05 -83.49 -82.68
203 -83.05 -83.34 -82.80
204 -83.05 -83.05 -82.56
205 -83.05 -83.05 -83.05
206 -83.05 -83.05 -82.80
207 -83.05 -83.05 -82.80
208 -83.05 -83.05 -83.05
209 -83.05 -83.05 -83.05
210 -83.05 -83.05 -83.05
211 -83.05 -83.05 -83.05
212 -83.05 -83.05 -83.05
213 -83.05 -83.05 -83.05
214 -82.56 -85.87 -81.29
215 -82.39 -85.31 -81.49
216 -82.39 -84.19 -81.88
217 -82.23 -83.64 -82.08
218 -83.64 -86.93 -82.18
219 -83.64 -86.93 -82.18
220 -83.64 -85.87 -82.05
221 -83.64 -85.87 -82.05
222 -82.51 -87.99 -81.64
223 -82.23 -85.87 -81.24
224 -82.92 -89.05 -82.10
225 -83.49 -87.99 -82.14
226 -82.86 -86.93 -82.05
227 -82.23 -84.68 -82.05
228 -82.09 -84.08 -81.83
229 -82.05 -83.49 -82.05
230 -82.05 -83.49 -82.05
231 -82.05 -83.49 -82.05
232 -82.05 -82.09 -82.05
233 -82.05 -82.05 -82.05
234 -81.91 -84.57 -81.15
235 -81.91 -83.92 -81.15
236 -81.91 -83.27 -81.15
237 -81.46 -83.27 -81.15
238 -81.75 -83.27 -81.15
239 -82.14 -83.27 -81.15
240 -82.50 -83.27 -81.15
241 -82.50 -83.27 -81.15
242 -83.27 -83.27 -81.15
243 -83.27 -83.27 -81.15
244 -83.27 -83.27 -81.15
245 -83.27 -83.27 -81.15
246 -81.72 -82.49 -81.15
247 -81.72 -81.72 -81.15
248 -81.72 -81.72 -81.15
249 -81.72 -81.72 -81.15
250 -81.15 -85.21 -81.15
251 -81.15 -84.56 -81.15
252 -81.15 -84.56 -81.15
253 -81.15 -84.56 -81.15
254 -81.15 -83.25 -81.15
255 -81.15 -83.25 -81.15
256 -81.15 -82.85 -81.15
257 -81.15 -82.85 -81.15
258 -81.15 -82.43 -81.15
259 -81.15 -83.23 -81.15
260 -81.15 -83.23 -81.15
261 -81.15 -83.23 -81.15
262 -81.15 -83.23 -81.15
263 -81.15 -83.23 -81.15
264 -81.15 -83.23 -81.15
265 -83.23 -85.29 -81.07
266 -81.60 -86.37 -80.72
267 -81.60 -83.92 -81.07
268 -81.60 -83.92 -81.07
269 -81.60 -84.47 -81.20
270 -81.60 -82.56 -81.60
271 -82.08 -89.61 -80.68
272 -82.08 -89.61 -80.68
273 -81.60 -89.61 -81.07
274 -81.07 -83.83 -80.29
275 -81.07 -83.83 -80.29
276 -81.07 -82.55 -81.07
277 -81.07 -82.55 -81.07
278 -81.07 -82.55 -81.07
279 -81.07 -83.19 -80.68
280 -81.07 -83.19 -80.68
281 -81.07 -82.55 -81.07
282 -81.56 -85.10 -79.51
283 -81.56 -85.10 -79.51
284 -81.56 -85.10 -79.51
285 -81.56 -84.46 -79.88
286 -81.56 -83.83 -80.26
287 -81.56 -82.55 -81.00
288 -81.56 -82.30 -81.14
289 -81.56 -81.81 -81.42
290 -81.56 -82.55 -81.56
291 -81.56 -82.55 -81.56
292 -81.56 -81.56 -81.56
293 -81.56 -81.56 -81.56
294 -81.56 -81.56 -81.56
295 -81.56 -81.56 -81.56
296 -81.56 -81.56 -81.56
297 -81.56 -81.56 -81.56
298 -81.56 -81.56 -81.56
299 -81.56 -81.56 -81.56
300 -81.55 -88.21 -81.00
