generation median_fitness fitness_25perc fitness_75perc
0 -165.54 -193.31 -165.52
1 -193.31 -206.53 -161.85
2 -161.85 -177.63 -132.57
3 -159.56 -160.82 -122.83
4 -159.55 -159.87 -117.90
5 -138.73 -160.50 -117.90
6 -132.22 -153.40 -117.90
7 -131.87 -153.23 -117.90
8 -131.87 -152.54 -117.90
9 -145.84 -152.35 -117.90
10 -117.90 -128.74 -117.23
11 -121.91 -128.04 -117.40
12 -121.91 -127.27 -117.40
13 -121.58 -127.27 -114.77
14 -118.36 -127.72 -113.95
15 -116.16 -125.66 -112.00
16 -113.95 -116.16 -110.05
17 -111.43 -113.46 -109.83
18 -111.43 -113.46 -109.83
19 -111.43 -113.46 -109.83
20 -111.43 -113.33 -109.83
21 -111.05 -111.43 -108.60
22 -111.43 -116.92 -109.83
23 -110.85 -111.34 -108.51
24 -111.34 -112.71 -109.68
25 -111.17 -112.71 -109.42
26 -110.51 -112.94 -108.34
27 -109.78 -110.15 -107.97
28 -109.70 -110.10 -107.93
29 -109.70 -109.90 -108.81
30 -109.26 -109.70 -108.16
31 -109.26 -109.70 -108.16
32 -107.93 -109.70 -104.93
33 -107.93 -109.70 -104.93
34 -107.93 -109.70 -104.93
35 -103.70 -104.93 -102.48
36 -103.57 -104.73 -102.41
37 -96.57 -101.23 -91.91
38 -105.89 -107.15 -96.57
39 -96.57 -101.23 -91.91
40 -94.14 -100.01 -88.27
41 -94.14 -100.01 -88.27
42 -93.92 -99.68 -88.16
43 -82.40 -82.40 -82.40
44 -82.40 -82.40 -82.40
45 -82.23 -82.23 -82.23
46 -82.23 -82.23 -82.23
47 -93.14 -98.60 -87.69
48 -93.07 -98.48 -87.65
49 -94.31 -98.95 -88.22
50 -94.31 -98.95 -88.22
51 -94.31 -98.95 -88.03
52 -94.31 -96.63 -91.17
53 -94.28 -98.41 -88.01
54 -94.28 -98.41 -88.01
55 -94.28 -102.55 -94.28
56 -98.11 -102.69 -90.69
57 -98.11 -102.69 -90.69
58 -98.11 -102.69 -90.69
59 -98.11 -102.69 -90.69
60 -97.93 -102.41 -90.69
61 -97.93 -102.41 -90.69
62 -97.93 -102.41 -90.69
63 -97.93 -102.41 -90.41
64 -97.93 -102.41 -90.41
65 -97.36 -102.41 -89.55
66 -96.78 -102.41 -88.67
67 -91.37 -96.69 -85.98
68 -91.37 -96.69 -85.98
69 -91.37 -96.69 -85.98
70 -96.69 -102.13 -88.67
71 -96.69 -102.13 -88.67
72 -96.69 -102.13 -88.67
73 -96.69 -102.13 -88.67
74 -96.69 -102.13 -88.67
75 -96.69 -102.09 -88.58
76 -96.69 -102.09 -88.58
77 -96.69 -102.09 -88.58
78 -91.37 -102.00 -80.23
79 -91.37 -101.62 -80.23
80 -91.37 -101.62 -80.23
81 -91.37 -98.02 -80.23
82 -90.20 -98.02 -80.23
83 -90.20 -98.02 -80.23
84 -90.20 -98.02 -80.23
85 -90.20 -93.62 -80.23
86 -90.20 -93.62 -80.23
87 -90.03 -93.62 -80.23
88 -90.03 -92.72 -82.68
89 -90.03 -92.72 -82.68
90 -90.03 -92.72 -82.68
91 -90.03 -93.04 -90.03
92 -90.03 -93.04 -90.03
93 -90.03 -93.04 -90.03
94 -90.03 -93.04 -90.03
95 -90.03 -93.04 -90.03
96 -91.54 -93.19 -87.53
97 -91.38 -93.19 -87.29
98 -91.38 -93.19 -87.27
99 -89.42 -90.54 -86.56
100 -89.23 -90.26 -86.56
101 -89.23 -90.26 -86.56
102 -89.23 -90.26 -86.56
103 -89.23 -89.90 -86.56
104 -89.23 -89.90 -86.56
105 -88.87 -89.89 -86.03
106 -88.87 -89.89 -86.03
107 -88.67 -89.59 -86.03
108 -88.67 -89.43 -86.03
109 -88.67 -89.43 -86.02
110 -88.67 -89.43 -86.02
111 -88.67 -89.43 -86.02
112 -88.67 -89.43 -86.02
113 -88.67 -89.43 -86.02
114 -87.00 -89.43 -83.52
115 -86.49 -89.43 -82.76
116 -86.49 -89.43 -82.76
117 -88.93 -88.93 -84.05
118 -86.41 -89.32 -82.76
119 -86.41 -89.32 -82.76
120 -86.41 -89.32 -82.76
121 -86.41 -89.32 -82.76
122 -86.41 -89.32 -82.76
123 -86.41 -89.10 -82.76
124 -86.32 -89.10 -82.61
125 -88.78 -88.78 -83.85
126 -88.78 -88.78 -83.85
127 -88.78 -88.78 -83.85
128 -83.85 -87.59 -83.85
129 -83.85 -87.57 -83.85
130 -83.85 -87.57 -83.85
131 -85.11 -87.95 -81.71
132 -85.11 -87.95 -81.71
133 -85.11 -87.95 -81.71
134 -85.10 -87.93 -81.71
135 -85.10 -87.93 -81.71
136 -85.10 -87.93 -81.71
137 -85.10 -87.93 -81.71
138 -85.10 -87.93 -81.71
139 -85.10 -87.93 -81.71
140 -85.10 -87.93 -81.71
141 -85.10 -87.93 -81.71
142 -84.57 -87.14 -81.71
143 -84.57 -87.14 -81.27
144 -84.57 -87.14 -81.27
145 -84.57 -87.14 -81.27
146 -83.90 -86.13 -81.27
147 -83.90 -86.13 -81.27
148 -85.14 -85.14 -82.65
149 -85.14 -85.14 -82.65
150 -85.14 -85.14 -82.65
151 -85.14 -85.14 -82.65
152 -85.14 -85.14 -82.65
153 -85.14 -85.14 -82.65
154 -85.14 -85.14 -82.65
155 -85.14 -85.14 -82.41
156 -85.14 -85.14 -83.09
157 -83.64 -85.93 -81.09
158 -82.41 -83.64 -79.77
159 -82.41 -83.02 -81.09
160 -82.41 -83.02 -81.09
161 -82.41 -84.26 -82.41
162 -83.64 -84.88 -82.41
163 -83.64 -84.88 -82.41
164 -84.88 -84.88 -82.41
165 -82.31 -83.58 -79.72
166 -83.58 -84.85 -81.02
167 -83.58 -84.85 -81.02
168 -82.31 -82.51 -79.72
169 -82.31 -82.51 -79.72
170 -82.31 -82.71 -82.31
171 -82.49 -82.71 -80.99
172 -82.71 -82.71 -82.20
173 -82.71 -82.71 -82.33
174 -82.71 -82.71 -82.46
175 -82.71 -82.71 -82.58
176 -82.71 -82.71 -82.71
177 -82.71 -82.71 -82.71
178 -82.71 -82.71 -82.71
179 -82.71 -82.71 -82.71
180 -82.71 -82.71 -82.71
181 -82.71 -82.71 -82.71
182 -82.71 -82.71 -82.71
183 -81.98 -82.34 -79.50
184 -81.98 -82.34 -79.50
185 -82.34 -82.70 -80.74
186 -82.70 -82.70 -81.98
187 -82.70 -82.70 -81.98
188 -78.66 -80.89 -77.02
189 -78.66 -80.89 -77.02
190 -78.66 -80.89 -77.02
191 -78.66 -80.89 -77.02
192 -78.66 -80.89 -77.02
193 -78.66 -80.89 -77.02
194 -78.66 -80.89 -77.02
195 -78.66 -80.89 -77.02
196 -81.48 -82.68 -77.84
197 -81.48 -82.68 -77.84
198 -82.68 -82.68 -78.66
199 -82.68 -82.68 -77.02
200 -82.68 -82.68 -77.84
201 -82.68 -82.68 -77.84
202 -82.68 -82.68 -78.66
203 -80.29 -81.46 -78.57
204 -80.29 -81.46 -78.57
205 -80.29 -81.30 -78.57
206 -80.29 -81.30 -78.57
207 -80.29 -81.30 -78.57
208 -80.29 -81.30 -78.57
209 -80.29 -81.30 -78.57
210 -80.29 -81.30 -78.57
211 -80.29 -81.30 -78.57
212 -80.29 -81.30 -78.57
213 -80.21 -81.26 -78.53
214 -80.21 -81.26 -78.53
215 -80.21 -81.26 -78.53
216 -80.21 -81.26 -78.53
217 -80.21 -81.26 -78.53
218 -80.21 -81.26 -78.53
219 -80.21 -81.26 -78.53
220 -81.26 -82.31 -79.37
221 -82.31 -82.31 -80.21
222 -82.31 -82.31 -80.70
223 -80.16 -81.23 -78.51
224 -80.16 -81.23 -78.51
225 -80.16 -81.23 -78.51
226 -80.16 -81.22 -78.51
227 -80.16 -81.22 -78.51
228 -80.16 -81.21 -78.51
229 -80.16 -81.21 -78.51
230 -80.16 -81.21 -78.51
231 -80.16 -81.21 -78.51
232 -80.16 -81.21 -78.51
233 -80.16 -81.21 -78.51
234 -80.16 -81.21 -78.51
235 -80.16 -81.21 -78.51
236 -80.16 -81.21 -78.51
237 -80.16 -81.21 -78.51
238 -80.16 -81.21 -78.51
239 -80.11 -81.19 -78.48
240 -80.11 -81.19 -78.48
241 -80.11 -81.19 -78.48
242 -80.11 -81.19 -78.48
243 -80.10 -81.18 -78.48
244 -80.10 -81.18 -78.48
245 -79.13 -80.70 -77.99
246 -79.13 -80.70 -77.99
247 -79.13 -80.70 -77.99
248 -79.13 -80.70 -77.99
249 -80.70 -82.26 -78.56
250 -82.26 -82.26 -79.13
251 -82.26 -82.26 -79.13
252 -82.26 -82.26 -79.13
253 -82.26 -82.26 -79.13
254 -82.26 -82.26 -79.13
255 -82.26 -82.26 -79.13
256 -82.26 -82.26 -79.92
257 -82.26 -82.26 -79.92
258 -82.26 -82.26 -81.48
259 -82.26 -82.26 -82.26
260 -82.26 -82.26 -82.26
261 -82.26 -82.26 -82.26
262 -82.26 -82.26 -82.26
263 -82.26 -82.26 -82.26
264 -79.13 -80.70 -77.99
265 -79.13 -80.70 -77.99
266 -79.13 -80.70 -77.99
267 -79.13 -80.70 -77.99
268 -80.70 -82.26 -78.56
269 -80.70 -82.26 -78.56
270 -82.26 -82.26 -79.13
271 -82.26 -82.26 -79.13
272 -80.70 -82.26 -79.13
273 -80.70 -82.26 -79.13
274 -80.70 -82.26 -79.13
275 -80.70 -82.26 -79.13
276 -79.13 -79.91 -78.41
277 -79.13 -79.91 -78.41
278 -79.13 -79.91 -78.41
279 -79.13 -79.91 -78.41
280 -79.13 -79.91 -78.41
281 -79.13 -79.91 -78.41
282 -79.13 -79.91 -78.41
283 -79.13 -79.91 -78.41
284 -79.13 -79.91 -78.41
285 -79.13 -79.91 -78.41
286 -79.13 -79.91 -78.41
287 -79.13 -79.91 -78.41
288 -79.13 -79.91 -78.41
289 -79.13 -79.91 -78.41
290 -79.13 -79.91 -78.41
291 -79.13 -79.91 -78.41
292 -79.13 -79.91 -78.41
293 -79.13 -79.91 -78.41
294 -79.13 -79.13 -79.13
295 -79.13 -79.13 -79.13
296 -79.13 -79.13 -79.13
297 -79.13 -79.13 -79.13
298 -79.13 -79.13 -79.13
299 -79.13 -79.13 -79.13
300 -79.13 -79.13 -79.13
