Generation:
798

Phenotype:
1
V1 = uniform([+6.4e0, 0.7e1], 2);
V2 = +1.9e0;
V2 = V2 + uniform([+0.1e1, 4.2e0], 2);
V3 = +V1;
V3 = V3 + gm([5.0e0, +0.0e0, 0.1e1]);

Pre-processed Program
:F = uniform([6.400000, 13.400000], 2);C = 1.9;C = C + uniform([1.000000, 5.200000], 2);T = F;T = T + gm([1.000000], [0], [1]);Genotype:
[380, 480, 72, 197, 426, 241, 342, 416, 54, 68, 311, 400, 457, 57, 497, 324, 266, 13, 194, 140, 61, 349, 196, 489, 196, 166, 180, 10, 11, 241, 64, 34, 52, 158, 222, 482, 306, 436, 360, 286, 52, 143, 436, 61, 185, 340, 160, 388, 104, 440, 60, 182, 70, 400, 241, 25, 271, 462, 11, 181, 290, 92, 29, 253, 439, 28, 251, 393, 91, 353, 49, 499, 42, 96, 197, 264, 390, 193, 499, 301, 230, 2, 62, 185, 52, 283, 82, 112, 411, 243, 241, 281, 165, 59, 258, 430, 66, 250, 424, 100, 314, 167, 451, 152, 491, 62, 366, 345]
Tree:
None
Fitness on 5000 data:
-5.31872598547413

Fitness:
-5.31872598547413