Generation:
398

Phenotype:
1
V1 = uniform([+6.9e0, 0.8e1], 2);
V2 = +1.6e0;
V2 = V2 + uniform([+0.9e0, 4.6e0], 2);
V3 = +V1;
V3 = V3 + gm([5.4e1, +0.1e0, 0.1e1]);

Pre-processed Program
:F = uniform([6.900000, 14.900000], 2);C = 1.6;C = C + uniform([0.900000, 5.500000], 2);T = F;T = T + gm([1.000000], [0.1], [1]);Genotype:
[31, 54, 344, 155, 385, 474, 26, 416, 269, 64, 57, 310, 28, 57, 16, 180, 354, 13, 247, 426, 61, 476, 196, 137, 66, 63, 500, 10, 89, 346, 22, 94, 116, 298, 324, 236, 320, 336, 76, 420, 52, 194, 136, 162, 195, 104, 303, 438, 500, 430, 391, 238, 101, 400, 241, 429, 271, 462, 11, 181, 290, 92, 29, 253, 439, 28, 251, 393, 91, 353, 49, 499, 42, 96, 197, 264, 390, 193, 499, 301, 230, 2, 62, 185, 52, 283, 82, 112, 411, 243, 241, 281, 165, 59, 258, 430, 66, 250, 424, 100, 314, 167, 451, 152, 491, 62, 366, 345]
Tree:
None
Fitness on 5000 data:
-5.43971192090858

Fitness:
-5.43971192090858