Generation:
300

Phenotype:
1
V1 = gm([45, 11, 3], [1, 26, 9]);
V2 = 11.3;
V2 = V2 + gm([21.6, 4.9, 5]);
V3 = V2;
V3 = V3 + 8.7 * gm([18, 44, 4.6], [3.4, 6.7, 4]);

Pre-processed Program
:F = gm([0.978261, 0.021739], [11, 26], [3, 9]);T = 11.3;T = T;T = T + gm([1.000000], [4.9], [5]);P = T;P = P;P = P + 8.7 * gm([0.841121, 0.158879], [44, 6.7], [4.6, 4]);Genotype:
[101, 384, 323, 164, 401, 488, 37, 405, 292, 249, 432, 164, 438, 411, 280, 304, 256, 232, 485, 22, 417, 102, 122, 112, 277, 201, 317, 209, 242, 323, 470, 495, 358, 317, 72, 392, 377, 106, 458, 264, 107, 442, 210, 364, 352, 241, 168, 6, 213, 467, 87, 354, 386, 133, 260, 477, 466, 452, 463, 208, 266, 470, 391, 258, 300, 293, 210, 375, 116, 55, 94, 454, 435, 259, 139, 181, 393, 3, 42, 1, 79, 132, 361, 434, 348, 149, 9, 280, 468, 342, 435, 259, 455, 484, 432, 1, 294, 217, 303, 98, 275, 310, 259, 438, 118, 490, 178, 383, 201, 259, 468, 152, 418]
Tree:
None
Fitness on 5000 data:
-10.889452364579817

Fitness:
[-10.84614371812626, -1]