0	[-992.9363376359881, 0]
0	[-190.0206310774419, -2]
1	[-243.963575163383, 0]
1	[-170.69108574345984, -2]
2	[-164.354519162755, 0]
2	[-131.40463532718644, -2]
3	[-148.79957886857048, 0]
3	[-131.40463532718644, -2]
4	[-136.67865790651194, 0]
4	[-126.20157415807272, -1]
4	[-125.60299137259376, -2]
5	[-136.67865790651194, 0]
5	[-118.49152948250929, -1]
5	[-115.53394805379217, -3]
6	[-129.20312364737146, 0]
6	[-110.28025425542829, -1]
7	[-129.20312364737146, 0]
7	[-110.28025425542829, -1]
8	[-129.20312364737146, 0]
8	[-102.33326132259604, -1]
9	[-128.2848887832199, 0]
9	[-102.33326132259604, -1]
10	[-128.2848887832199, 0]
10	[-128.2848887832199, 0]
10	[-101.34537026750071, -1]
11	[-125.38126081567617, 0]
11	[-101.34537026750071, -1]
12	[-125.38126081567617, 0]
12	[-101.34537026750071, -1]
13	[-125.38126081567617, 0]
13	[-101.34537026750071, -1]
14	[-113.76654744837562, 0]
14	[-101.34537026750071, -1]
15	[-113.76654744837562, 0]
15	[-101.34537026750071, -1]
16	[-113.76654744837562, 0]
16	[-84.94179883349628, -1]
17	[-113.76654744837562, 0]
17	[-84.94179883349628, -1]
18	[-113.76654744837562, 0]
18	[-84.94179883349628, -1]
19	[-113.76654744837562, 0]
19	[-84.94179883349628, -1]
20	[-113.13628735976997, 0]
20	[-84.94179883349628, -1]
21	[-113.13628735976997, 0]
21	[-84.80645996345729, -1]
22	[-110.09869886351586, 0]
22	[-84.80645996345729, -1]
23	[-101.57527169683377, 0]
23	[-84.80645996345729, -1]
24	[-98.93063447985651, 0]
24	[-84.717213613936, -1]
25	[-98.93063447985651, 0]
25	[-84.717213613936, -1]
26	[-98.93063447985651, 0]
26	[-84.717213613936, -1]
27	[-98.93063447985651, 0]
27	[-84.53639450918484, -1]
28	[-98.93063447985651, 0]
28	[-83.02719096982356, -1]
29	[-96.25556890560637, 0]
29	[-83.02719096982356, -1]
30	[-96.25556890560637, 0]
30	[-81.21374262560784, -1]
31	[-96.25556890560637, 0]
31	[-81.21374262560784, -1]
32	[-96.25556890560637, 0]
32	[-79.51724877770435, -1]
33	[-96.23108387455719, 0]
33	[-79.51724877770435, -1]
34	[-91.28479893544531, 0]
34	[-79.51724877770435, -1]
35	[-91.28479893544531, 0]
35	[-79.51724877770435, -1]
36	[-91.16003878444445, 0]
36	[-79.51724877770435, -1]
37	[-91.16003878444445, 0]
37	[-79.51724877770435, -1]
38	[-91.16003878444445, 0]
38	[-79.51724877770435, -1]
39	[-90.27565363993156, 0]
39	[-79.51724877770435, -1]
40	[-88.42730613096617, 0]
40	[-79.51724877770435, -1]
41	[-88.42730613096617, 0]
41	[-78.18380324755852, -1]
42	[-88.42730613096617, 0]
42	[-78.18380324755852, -1]
43	[-88.42730613096617, 0]
43	[-78.18380324755852, -1]
44	[-88.42730613096617, 0]
44	[-77.85617144883432, -1]
45	[-80.09004694410918, 0]
45	[-77.85617144883432, -1]
46	[-80.09004694410918, 0]
46	[-77.85617144883432, -1]
47	[-80.09004694410918, 0]
47	[-77.85617144883432, -1]
48	[-80.09004694410918, 0]
48	[-76.60832384294126, -1]
49	[-80.09004694410918, 0]
49	[-76.60832384294126, -1]
50	[-80.09004694410918, 0]
50	[-76.60832384294126, -1]
51	[-80.09004694410918, 0]
51	[-76.60832384294126, -1]
52	[-80.09004694410918, 0]
52	[-76.60832384294126, -1]
53	[-80.09004694410918, 0]
53	[-75.88447029921183, -1]
54	[-80.09004694410918, 0]
54	[-80.09004694410918, 0]
54	[-74.613877313439, -1]
55	[-80.09004694410918, 0]
55	[-80.09004694410918, 0]
55	[-74.613877313439, -1]
56	[-80.09004694410918, 0]
56	[-80.09004694410918, 0]
56	[-74.613877313439, -1]
57	[-80.09004694410918, 0]
57	[-80.09004694410918, 0]
57	[-74.613877313439, -1]
58	[-79.9720855476949, 0]
58	[-74.613877313439, -1]
59	[-79.9720855476949, 0]
59	[-74.613877313439, -1]
60	[-74.1712719537708, 0]
61	[-72.53342823230032, 0]
62	[-72.53342823230032, 0]
63	[-72.53342823230032, 0]
64	[-72.53342823230032, 0]
64	[-72.53342823230032, 0]
65	[-70.76143988770713, 0]
66	[-70.76143988770713, 0]
67	[-70.76143988770713, 0]
68	[-70.76143988770713, 0]
69	[-70.76143988770713, 0]
70	[-70.76143988770713, 0]
71	[-70.76143988770713, 0]
72	[-70.44793887763576, 0]
73	[-70.44793887763576, 0]
74	[-70.44793887763576, 0]
75	[-70.44793887763576, 0]
76	[-68.13299002270628, 0]
77	[-68.13115792112036, 0]
78	[-67.68159879421921, 0]
79	[-67.68159879421921, 0]
80	[-67.68159879421921, 0]
81	[-67.68159879421921, 0]
82	[-67.68159879421921, 0]
83	[-67.68159879421921, 0]
84	[-67.68159879421921, 0]
85	[-67.43793710298071, 0]
86	[-67.43793710298071, 0]
87	[-67.43793710298071, 0]
88	[-67.43793710298071, 0]
89	[-67.43793710298071, 0]
90	[-67.43793710298071, 0]
90	[-67.43793710298071, 0]
90	[-67.43793710298071, 0]
91	[-67.11834625925006, 0]
92	[-67.11834625925006, 0]
93	[-67.11834625925006, 0]
94	[-67.02969546038416, 0]
95	[-67.02969546038416, 0]
96	[-67.02969546038416, 0]
97	[-67.02969546038416, 0]
98	[-67.02969546038416, 0]
99	[-67.02969546038416, 0]
99	[-67.02969546038416, 0]
100	[-67.02969546038416, 0]
100	[-67.02969546038416, 0]
100	[-67.02969546038416, 0]
101	[-67.02969546038416, 0]
101	[-67.02969546038416, 0]
101	[-67.02969546038416, 0]
102	[-67.02969546038416, 0]
102	[-67.02969546038416, 0]
102	[-67.02969546038416, 0]
103	[-66.79752567438183, 0]
104	[-66.79752567438183, 0]
105	[-66.79752567438183, 0]
106	[-66.79752567438183, 0]
107	[-66.79752567438183, 0]
108	[-66.79752567438183, 0]
109	[-66.79752567438183, 0]
109	[-66.79752567438183, 0]
110	[-66.79752567438183, 0]
110	[-66.79752567438183, 0]
111	[-66.79752567438183, 0]
111	[-66.79752567438183, 0]
112	[-66.79752567438183, 0]
112	[-66.79752567438183, 0]
113	[-66.79752567438183, 0]
113	[-66.79752567438183, 0]
114	[-66.79752567438183, 0]
114	[-66.79752567438183, 0]
115	[-66.67737207324845, 0]
116	[-66.67737207324845, 0]
117	[-66.67737207324845, 0]
118	[-66.66965252744254, 0]
119	[-66.66965252744254, 0]
120	[-66.66965252744254, 0]
121	[-66.66965252744254, 0]
122	[-66.66338984973765, 0]
123	[-66.66219440511223, 0]
124	[-66.66219440511223, 0]
125	[-66.66219440511223, 0]
126	[-66.14824437283882, 0]
127	[-66.14824437283882, 0]
128	[-66.14824437283882, 0]
129	[-66.14824437283882, 0]
130	[-66.14824437283882, 0]
131	[-66.14824437283882, 0]
132	[-66.14824437283882, 0]
133	[-66.14824437283882, 0]
134	[-65.6583741499179, 0]
135	[-65.6583741499179, 0]
136	[-65.55049842427377, 0]
137	[-65.55049842427377, 0]
138	[-65.55049842427377, 0]
139	[-65.55049842427377, 0]
140	[-65.55049842427377, 0]
141	[-65.55049842427377, 0]
142	[-65.55049842427377, 0]
143	[-65.55049842427377, 0]
144	[-65.55049842427377, 0]
144	[-65.55049842427377, 0]
145	[-64.84381065449081, 0]
146	[-64.84381065449081, 0]
147	[-64.84381065449081, 0]
148	[-64.84381065449081, 0]
149	[-64.84381065449081, 0]
150	[-64.84381065449081, 0]
151	[-64.84381065449081, 0]
152	[-64.84381065449081, 0]
153	[-64.84381065449081, 0]
154	[-64.73865447448314, 0]
155	[-64.31489879038602, 0]
156	[-64.31489879038602, 0]
157	[-64.31489879038602, 0]
158	[-64.31489879038602, 0]
159	[-64.31489879038602, 0]
160	[-64.31489879038602, 0]
161	[-64.31489879038602, 0]
162	[-64.31489879038602, 0]
163	[-64.31489879038602, 0]
163	[-64.31489879038602, 0]
164	[-64.31489879038602, 0]
164	[-64.31489879038602, 0]
164	[-64.31489879038602, 0]
165	[-64.31220077165707, 0]
166	[-64.31220077165707, 0]
167	[-64.11447950963544, 0]
168	[-64.08010937997929, 0]
169	[-64.08010937997929, 0]
170	[-64.08010937997929, 0]
171	[-64.08010937997929, 0]
172	[-64.08010937997929, 0]
173	[-64.08010937997929, 0]
174	[-64.08010937997929, 0]
175	[-64.08010937997929, 0]
176	[-64.08010937997929, 0]
177	[-64.07022370651656, 0]
178	[-64.07022370651656, 0]
179	[-64.07022370651656, 0]
180	[-64.07022370651656, 0]
181	[-64.07022370651656, 0]
182	[-64.07022370651656, 0]
183	[-63.996224322403705, 0]
184	[-63.996224322403705, 0]
185	[-63.996224322403705, 0]
186	[-63.996224322403705, 0]
187	[-63.996224322403705, 0]
188	[-63.996224322403705, 0]
189	[-63.996224322403705, 0]
190	[-63.8612510483484, 0]
191	[-63.8612510483484, 0]
192	[-63.8612510483484, 0]
193	[-63.31939219940017, 0]
194	[-63.31939219940017, 0]
195	[-63.31939219940017, 0]
196	[-63.31939219940017, 0]
197	[-63.31939219940017, 0]
198	[-63.31939219940017, 0]
199	[-63.31939219940017, 0]
200	[-63.31939219940017, 0]
201	[-63.31939219940017, 0]
202	[-63.31939219940017, 0]
203	[-63.31939219940017, 0]
204	[-63.31939219940017, 0]
205	[-63.31939219940017, 0]
206	[-63.25276392492851, 0]
207	[-63.25276392492851, 0]
208	[-63.25276392492851, 0]
209	[-63.25276392492851, 0]
210	[-63.25276392492851, 0]
211	[-63.25276392492851, 0]
212	[-63.25276392492851, 0]
213	[-63.25276392492851, 0]
213	[-63.25276392492851, 0]
214	[-63.25276392492851, 0]
214	[-63.25276392492851, 0]
215	[-63.25276392492851, 0]
215	[-63.25276392492851, 0]
216	[-63.25276392492851, 0]
216	[-63.25276392492851, 0]
217	[-63.25276392492851, 0]
217	[-63.25276392492851, 0]
218	[-63.25276392492851, 0]
218	[-63.25276392492851, 0]
219	[-63.25276392492851, 0]
219	[-63.25276392492851, 0]
220	[-63.181244717969406, 0]
221	[-63.181244717969406, 0]
222	[-63.02681762018159, 0]
223	[-63.02681762018159, 0]
224	[-63.02681762018159, 0]
225	[-63.02681762018159, 0]
226	[-63.02681762018159, 0]
227	[-63.02681762018159, 0]
228	[-63.008621207185705, 0]
229	[-63.008621207185705, 0]
230	[-63.008621207185705, 0]
231	[-63.008621207185705, 0]
232	[-63.008621207185705, 0]
233	[-63.008621207185705, 0]
234	[-62.97785641608543, 0]
235	[-62.97785641608543, 0]
236	[-62.97785641608543, 0]
237	[-62.97785641608543, 0]
238	[-62.97785641608543, 0]
239	[-62.97785641608543, 0]
240	[-62.97785641608543, 0]
241	[-62.97785641608543, 0]
242	[-62.927686837845485, 0]
243	[-62.927686837845485, 0]
244	[-62.927686837845485, 0]
245	[-62.927686837845485, 0]
245	[-62.927686837845485, 0]
246	[-62.927686837845485, 0]
246	[-62.927686837845485, 0]
247	[-62.927686837845485, 0]
247	[-62.927686837845485, 0]
248	[-62.927686837845485, 0]
248	[-62.927686837845485, 0]
249	[-62.927686837845485, 0]
249	[-62.927686837845485, 0]
250	[-62.927686837845485, 0]
250	[-62.927686837845485, 0]
251	[-62.927686837845485, 0]
251	[-62.927686837845485, 0]
252	[-62.927686837845485, 0]
252	[-62.927686837845485, 0]
253	[-62.927686837845485, 0]
253	[-62.927686837845485, 0]
254	[-62.927686837845485, 0]
254	[-62.927686837845485, 0]
255	[-62.927686837845485, 0]
255	[-62.927686837845485, 0]
256	[-62.927686837845485, 0]
256	[-62.927686837845485, 0]
257	[-62.927686837845485, 0]
257	[-62.927686837845485, 0]
258	[-62.927686837845485, 0]
258	[-62.927686837845485, 0]
259	[-62.927686837845485, 0]
259	[-62.927686837845485, 0]
260	[-62.8960461470974, 0]
261	[-62.8960461470974, 0]
262	[-62.885688596686244, 0]
263	[-62.885688596686244, 0]
264	[-62.885688596686244, 0]
265	[-62.885688596686244, 0]
266	[-62.885688596686244, 0]
266	[-62.885688596686244, 0]
267	[-62.885688596686244, 0]
267	[-62.885688596686244, 0]
268	[-62.885688596686244, 0]
268	[-62.885688596686244, 0]
269	[-62.885688596686244, 0]
269	[-62.885688596686244, 0]
270	[-62.87574135820282, 0]
271	[-62.87574135820282, 0]
272	[-62.87574135820282, 0]
273	[-62.87574135820282, 0]
274	[-62.87574135820282, 0]
275	[-62.87574135820282, 0]
276	[-62.87574135820282, 0]
277	[-62.87574135820282, 0]
278	[-62.87574135820282, 0]
279	[-62.87574135820282, 0]
280	[-62.87574135820282, 0]
281	[-62.863600895209395, 0]
282	[-62.863600895209395, 0]
283	[-62.863600895209395, 0]
284	[-62.863600895209395, 0]
285	[-62.863600895209395, 0]
286	[-62.863600895209395, 0]
287	[-62.863600895209395, 0]
288	[-62.863600895209395, 0]
289	[-62.863600895209395, 0]
290	[-62.863600895209395, 0]
291	[-62.863600895209395, 0]
292	[-62.863600895209395, 0]
293	[-62.863600895209395, 0]
294	[-62.863600895209395, 0]
295	[-62.863600895209395, 0]
296	[-62.863600895209395, 0]
297	[-62.863600895209395, 0]
298	[-62.863600895209395, 0]
299	[-62.863600895209395, 0]
300	[-62.863600895209395, 0]
300	[-62.863600895209395, 0]
