Generation:
798

Phenotype:
1
V1 = uniform([+6.2e0, 7.5e0], 2);
V2 = -8.9e0 - -V1;
V2 = V2 + gm([5.5e1, +4.1e0, 1.5e0], [2.6e0, +1.2e0, 0.5e0]);
V3 = +V1;
V3 = V3 + gm([0.0e1, +6.9e0, 6.8e0], [4.1e1, +0.0e0, 1.0e0]);

Pre-processed Program
:F = uniform([6.200000, 13.700000], 2);C = 0;C = C - 8.9;C = C + F;C = C + gm([0.954861, 0.045139], [4.1, 1.2], [1.5, 0.5]);T = F;T = T + gm([0.000000, 1.000000], [6.9, 0], [6.8, 1]);Genotype:
[269, 126, 476, 125, 331, 241, 396, 256, 112, 362, 345, 157, 415, 160, 328, 183, 70, 444, 215, 208, 249, 478, 19, 74, 493, 278, 228, 287, 96, 420, 272, 463, 85, 115, 85, 143, 28, 246, 224, 271, 152, 118, 201, 95, 66, 248, 175, 222, 356, 168, 109, 100, 61, 72, 342, 337, 60, 195, 260, 65, 500, 62, 76, 266, 496, 482, 295, 27, 323, 370, 250, 245, 194, 226, 36, 29, 64, 353, 196, 298, 54, 330, 172, 194, 41, 415, 260, 306, 350, 370, 146, 393, 471, 180, 454, 87, 180, 311, 5, 474]
Tree:
None
Fitness on 5000 data:
-40.66730941849714

Fitness:
-40.66730941849714