Generation:
1500

Phenotype:
1
V1 = uniform([+6.2e0, 7.5e0], 2);
V2 = -8.9e0 - -V1;
V2 = V2 + gm([4.6e1, +4.1e0, 1.4e0], [1.9e0, +1.0e0, 0.3e0]);
V3 = +V1;
V3 = V3 + gm([0.0e0, +0.3e0, 1.1e0], [0.0e1, -0.0e1, 1.0e0]);

Pre-processed Program
:F = uniform([6.200000, 13.700000], 2);C = 0;C = C - 8.9;C = C + F;C = C + gm([0.960334, 0.039666], [4.1, 1], [1.4, 0.3]);T = F;T = T + gm([1.000000, 1.000000], [0.3, 0], [1.1, 1]);Genotype:
[224, 378, 477, 125, 377, 166, 190, 256, 112, 358, 432, 487, 415, 100, 262, 183, 476, 444, 215, 454, 249, 478, 19, 264, 493, 278, 36, 355, 162, 222, 291, 375, 57, 394, 276, 267, 464, 246, 224, 271, 214, 220, 201, 254, 402, 378, 71, 271, 159, 228, 109, 106, 61, 460, 218, 388, 430, 43, 58, 433, 444, 62, 76, 142, 278, 482, 162, 469, 174, 370, 250, 424, 164, 312, 470, 83, 392, 277, 211, 51, 262, 184, 487, 200, 160, 139, 224, 85, 350, 370, 13, 423, 471, 180, 230, 87, 180, 311, 5, 474]
Tree:
None
Fitness on 5000 data:
-34.5235288783266

Fitness:
-34.5235288783266