Generation:
398

Phenotype:
1
V1 = uniform([+6.2e0, 7.5e0], 2);
V2 = -8.9e0 - -V1;
V2 = V2 + gm([9.8e1, +4.0e0, 1.5e0], [0.1e0, +1.2e0, 8.4e0]);
V3 = +V1;
V3 = V3 + gm([0.0e1, +5.9e0, 6.7e0], [9.7e1, +0.0e0, 1.0e0]);

Pre-processed Program
:F = uniform([6.200000, 13.700000], 2);C = 0;C = C - 8.9;C = C + F;C = C + gm([0.998981, 0.001019], [4, 1.2], [1.5, 8.4]);T = F;T = T + gm([0.000000, 1.000000], [5.9, 0], [6.7, 1]);Genotype:
[371, 18, 275, 125, 403, 223, 406, 256, 342, 348, 161, 157, 415, 160, 294, 209, 298, 254, 215, 302, 149, 478, 19, 272, 493, 278, 42, 239, 96, 482, 479, 295, 298, 369, 238, 143, 177, 246, 224, 50, 152, 118, 201, 95, 122, 52, 175, 20, 291, 168, 52, 216, 61, 72, 342, 296, 68, 164, 180, 402, 500, 62, 160, 12, 46, 136, 295, 493, 124, 290, 250, 245, 386, 226, 475, 239, 52, 257, 196, 187, 326, 356, 172, 439, 57, 493, 46, 306, 350, 290, 146, 328, 471, 180, 454, 87, 180, 311, 5, 474]
Tree:
None
Fitness on 5000 data:
-40.75925078378565

Fitness:
-40.75925078378565