Generation:
3000

Phenotype:
76
V1 = gm([0.0e0, +1.5e1, 4.0e0], [0.0e1, +1.5e1, 4.2e0]);
V2 = uniform([+0.6e1, 8.0e0], 2);
V3 = gm([0.9e0, +4.9e0, 2.9e0]);
V4 = gm([0.2e0, +5.5e1, 0.6e1], [8.7e1, +9.9e1, 9.9e1], [1.5e0, +4.5e1, 2.9e0], [0.0e0, -5.6e1, 5.2e1], [0.1e0, +3.1e1, 3.8e0]);
V5 = gm([8.4e1, +4.8e0, 1.6e0]);

Pre-processed Program
:T = gm([1.000000, 1.000000], [15, 15], [4, 4.2]);F = uniform([6.000000, 14.000000], 2);W = gm([1.000000], [4.9], [2.9]);P = gm([0.002252, 0.979730, 0.016892, 0.000000, 0.001126], [55, 99, 45, -56, 31], [6, 99, 2.9, 52, 3.8]);C = gm([1.000000], [4.8], [1.6]);Genotype:
[269, 315, 98, 27, 143, 109, 330, 70, 372, 180, 262, 291, 235, 285, 478, 144, 100, 384, 300, 163, 480, 360, 89, 439, 58, 271, 125, 461, 103, 304, 112, 146, 221, 397, 235, 294, 500, 446, 357, 400, 218, 120, 118, 490, 35, 46, 278, 470, 239, 366, 34, 364, 454, 149, 418, 428, 442, 19, 182, 330, 411, 59, 301, 100, 102, 76, 423, 322, 335, 155, 333, 52, 100, 196, 75, 289, 273, 468, 457, 43, 220, 264, 39, 49, 397, 79, 439, 9, 177, 33, 337, 491, 225, 396, 301, 80, 174, 445, 447, 489, 42, 219, 0, 1, 39, 360, 280, 210, 198, 319, 95, 126, 369, 2, 255, 252, 71, 208, 142, 350, 121, 450, 185, 324, 13, 461, 255, 396, 293, 188, 478, 158, 89, 128, 427, 8, 34, 297, 448, 264, 474, 8, 278, 485, 131, 86, 76, 412, 264, 290, 252, 10, 335, 111, 151, 271, 223, 365, 368, 420, 237, 132, 250, 498, 90, 116, 465, 372, 255, 272, 392, 492]
Tree:
None
Fitness on 5000 data:
-155.73653870116513

Fitness:
-155.73653870116513