Generation:
1798

Phenotype:
76
V1 = gm([0.0e0, +1.5e1, 4.5e0], [0.0e0, +1.5e1, 4.2e0]);
V2 = uniform([+0.6e1, 8.1e0], 2);
V3 = gm([0.0e0, +4.9e0, 2.8e0]);
V4 = gm([0.2e0, +3.6e1, 5.8e1], [9.9e1, +9.9e1, 9.9e1], [1.7e0, +8.6e1, 7.4e0], [0.5e0, +8.6e1, 3.0e0], [0.0e1, -2.1e1, 8.1e0]);
V5 = gm([5.4e1, +4.7e0, 1.6e0]);

Pre-processed Program
:T = gm([1.000000, 1.000000], [15, 15], [4.5, 4.2]);F = uniform([6.000000, 14.100000], 2);W = gm([1.000000], [4.9], [2.8]);P = gm([0.001972, 0.976331, 0.016765, 0.004931, 0.000000], [36, 99, 86, 86, -21], [58, 99, 7.4, 3, 8.1]);C = gm([1.000000], [4.7], [1.6]);Genotype:
[247, 315, 98, 322, 143, 311, 330, 70, 364, 92, 262, 291, 235, 311, 218, 144, 185, 490, 300, 288, 380, 360, 180, 422, 58, 271, 125, 371, 51, 304, 112, 162, 221, 334, 283, 294, 500, 446, 393, 289, 218, 401, 118, 344, 35, 374, 213, 470, 60, 482, 34, 210, 34, 149, 418, 325, 252, 18, 182, 330, 428, 59, 301, 380, 102, 168, 423, 496, 73, 276, 333, 52, 405, 368, 337, 289, 192, 59, 479, 193, 346, 264, 119, 439, 211, 79, 9, 9, 179, 275, 17, 121, 57, 378, 74, 80, 68, 106, 447, 461, 207, 284, 310, 29, 189, 360, 105, 150, 198, 370, 228, 126, 35, 81, 33, 80, 388, 208, 463, 350, 310, 493, 281, 101, 52, 461, 255, 391, 378, 171, 478, 158, 337, 158, 107, 485, 34, 261, 448, 264, 474, 297, 334, 225, 441, 86, 76, 412, 264, 290, 252, 10, 335, 111, 151, 271, 223, 365, 368, 420, 237, 132, 250, 498, 90, 116, 465, 372, 255, 272, 392, 492]
Tree:
None
Fitness on 5000 data:
-156.0728313606527

Fitness:
-156.0728313606527