Generation:
798

Phenotype:
9
V1 = gm([0.2e0, +0.4e1, 7.7e0], [5.4e1, +4.9e0, 1.5e0]);
V2 = +V1;
V2 = V2 + gm([2.2e1, +9.4e0, 5.9e0]);
V3 = +V1;
V3 = V3 + gm([1.6e0, +5.7e1, 4.0e0], [2.1e0, -6.0e0, 3.9e1], [7.0e1, +3.8e0, 2.8e0], [6.0e1, +5.3e0, 0.8e0]);
V4 = +V1 * -V2 * -5.3e0;
V4 = V4 + gm([3.1e1, +9.8e1, 9.3e1]);

Pre-processed Program
:C = gm([0.003690, 0.996310], [4, 4.9], [7.7, 1.5]);T = C;T = T + gm([1.000000], [9.4], [5.9]);F = C;F = F + gm([0.011967, 0.015707, 0.523560, 0.448766], [57, -6, 3.8, 5.3], [4, 39, 2.8, 0.8]);TEMP0 = 5.3 * C;TEMP0 = TEMP0 * T;E = TEMP0;E = E + gm([1.000000], [98], [93]);Genotype:
[61, 368, 124, 250, 113, 395, 484, 340, 412, 50, 302, 166, 110, 454, 201, 13, 307, 117, 302, 106, 275, 465, 174, 383, 449, 422, 314, 99, 174, 427, 101, 245, 186, 468, 136, 458, 436, 260, 227, 162, 54, 134, 359, 222, 492, 239, 489, 46, 69, 484, 52, 74, 475, 349, 318, 291, 188, 136, 192, 478, 166, 468, 243, 479, 215, 251, 326, 468, 103, 32, 375, 197, 329, 159, 484, 310, 114, 273, 274, 182, 81, 226, 264, 321, 386, 230, 376, 324, 163, 279, 317, 105, 456, 287, 460, 127, 92, 456, 293, 28, 384, 442, 342, 68, 384, 238, 378, 296, 330, 159, 492, 490, 115, 233, 374, 72, 20, 388, 174, 362, 364, 243, 163, 494, 354, 262, 87, 132, 259, 31, 407, 353, 383, 285, 483, 2, 434, 220, 498, 146, 173, 241, 225, 379, 28, 9, 68, 297, 230, 79, 3, 19, 324, 15, 10, 474, 81, 360, 289, 468, 476, 459, 133, 372, 252, 177, 42, 78, 489, 79, 106, 183, 324, 369, 10, 41, 389, 207, 90, 142, 183, 324, 496, 229, 474, 389, 207]
Tree:
None
Fitness on 5000 data:
-111.70861118145983

Fitness:
-111.70861118145983