Generation:
398

Phenotype:
3
V1 = uniform([-2.4e0, 3.0e1], 2);
V2 = +V1;
V2 = V2 + gm([5.5e1, -8.7e0, 1.7e0], [2.2e1, -1.8e0, 4.5e0], [0.0e0, +0.2e1, 7.2e1]);
V3 = -V1 * -V1 - +V1;
V3 = V3 + uniform([-0.3e0, 2.4e0], 2);

Pre-processed Program
:T = uniform([-2.400000, 27.600000], 2);F = T;F = F + gm([0.714286, 0.285714, 0.000000], [-8.7, -1.8, 2], [1.7, 4.5, 72]);TEMP0 = T * T;P = TEMP0;P = P - T;P = P + uniform([-0.300000, 2.100000], 2);Genotype:
[263, 62, 451, 435, 210, 332, 489, 102, 344, 480, 196, 313, 220, 33, 6, 174, 162, 112, 16, 268, 206, 10, 211, 496, 205, 395, 247, 351, 183, 348, 37, 266, 90, 81, 427, 212, 241, 230, 152, 202, 389, 414, 477, 411, 38, 196, 357, 484, 285, 334, 22, 42, 390, 380, 54, 270, 32, 350, 202, 263, 111, 257, 472, 169, 385, 353, 334, 131, 282, 484, 217, 162, 470, 173, 160, 491, 304, 404, 496, 382, 297, 347, 344, 209, 20, 313, 220, 398, 272, 174, 162, 358, 16, 145, 104, 449, 211, 460, 205, 395, 89, 25, 317, 81, 182, 456, 291, 39, 374, 330, 308, 35, 133, 429, 61, 415, 295, 323, 478, 122, 232, 444, 356, 293, 482, 454, 213, 164, 232, 129, 388, 209, 185, 39]
Tree:
None
Fitness on 5000 data:
-10.05438069943369

Fitness:
-10.05438069943369