Generation:
1198

Phenotype:
3
V1 = uniform([+2.9e0, 2.2e1], 2);
V2 = +V1;
V2 = V2 + gm([7.4e1, -8.9e0, 1.8e0], [2.2e1, -0.0e0, 1.0e0], [0.0e0, +8.7e0, 5.5e1]);
V3 = +V1 * +V1 - +V2;
V3 = V3 + gm([2.7e0, +1.7e0, 0.0e0]);

Pre-processed Program
:T = uniform([2.900000, 24.900000], 2);F = T;F = F + gm([0.770833, 0.229167, 0.000000], [-8.9, 0, 8.7], [1.8, 1, 55]);TEMP0 = T * T;P = TEMP0;P = P - F;P = P + gm([1.000000], [1.7], [0]);Genotype:
[15, 62, 65, 435, 358, 302, 152, 102, 369, 224, 9, 342, 72, 321, 79, 146, 8, 58, 286, 126, 450, 304, 63, 156, 387, 284, 11, 288, 305, 348, 319, 188, 183, 71, 188, 116, 37, 397, 152, 312, 43, 274, 299, 320, 140, 56, 59, 231, 170, 254, 308, 302, 390, 250, 312, 39, 174, 118, 437, 180, 465, 275, 185, 17, 442, 193, 56, 285, 54, 40, 38, 234, 98, 272, 276, 443, 152, 24, 124, 207, 348, 398, 228, 307, 382, 477, 274, 397, 152, 111, 27, 198, 294, 320, 140, 424, 470, 231, 151, 254, 386, 302, 281, 400, 233, 17, 266, 456, 358, 16, 145, 104, 449, 211, 460, 205, 395, 89, 25, 317, 81, 182, 456, 291, 39, 374, 330, 308, 35, 133, 429, 61, 415, 295, 323, 478, 122, 232, 444, 356, 293, 482, 454, 213, 164, 232, 129, 388, 209, 185, 39]
Tree:
None
Fitness on 5000 data:
-9.113563660362692

Fitness:
-9.113563660362692