Generation:
798

Phenotype:
3
V1 = uniform([+2.9e0, 2.2e1], 2);
V2 = +V1;
V2 = V2 + gm([6.8e1, -8.9e0, 1.9e0], [2.0e1, +0.0e0, 1.1e0], [0.0e0, -0.7e1, 9.6e1]);
V3 = +V1 * +V1 - +V2;
V3 = V3 + gm([6.7e0, +1.8e0, 0.0e0]);

Pre-processed Program
:T = uniform([2.900000, 24.900000], 2);F = T;F = F + gm([0.772727, 0.227273, 0.000000], [-8.9, 0, -7], [1.9, 1.1, 96]);TEMP0 = T * T;P = TEMP0;P = P - F;P = P + gm([1.000000], [1.8], [0]);Genotype:
[463, 62, 117, 435, 263, 185, 102, 102, 369, 110, 220, 342, 72, 479, 79, 36, 8, 198, 390, 281, 450, 304, 63, 494, 146, 248, 87, 272, 305, 348, 319, 266, 329, 81, 219, 470, 37, 397, 152, 20, 43, 372, 258, 110, 140, 56, 470, 231, 151, 254, 354, 302, 390, 230, 110, 237, 421, 460, 497, 489, 132, 439, 16, 85, 442, 177, 496, 131, 316, 40, 38, 198, 98, 272, 160, 443, 152, 68, 124, 305, 348, 319, 228, 407, 436, 477, 408, 397, 152, 111, 38, 452, 459, 320, 140, 56, 470, 231, 151, 254, 386, 302, 281, 400, 233, 17, 266, 456, 358, 16, 145, 104, 449, 211, 460, 205, 395, 89, 25, 317, 81, 182, 456, 291, 39, 374, 330, 308, 35, 133, 429, 61, 415, 295, 323, 478, 122, 232, 444, 356, 293, 482, 454, 213, 164, 232, 129, 388, 209, 185, 39]
Tree:
None
Fitness on 5000 data:
-9.117278306541818

Fitness:
-9.117278306541818