Generation:
398

Phenotype:
1
V1 = uniform([+5.9e-0, 8.0e+0], 2);
V2 = -V1 * +0.0e-2;
V2 = V2 + uniform([+7.6e-2, 9.9e-0], 2);
V3 = +5.3e-0;
V3 = V3 + uniform([-2.6e-0, 2.9e+1], 2);

Pre-processed Program
:F = uniform([5.900000, 13.900000], 2);TEMP0 = 0 * F;W = TEMP0;W = W + uniform([0.076000, 9.976000], 2);T = 5.3;T = T + uniform([-2.600000, 26.400000], 2);Genotype:
[385, 228, 146, 273, 364, 144, 426, 105, 109, 39, 438, 20, 48, 290, 238, 357, 366, 40, 153, 148, 414, 439, 214, 391, 282, 408, 170, 190, 407, 320, 147, 317, 0, 352, 117, 56, 313, 371, 419, 449, 349, 135, 120, 330, 280, 290, 395, 109, 104, 455, 113, 425, 459, 133, 481, 157, 381, 142, 166, 29, 378, 40, 112, 479, 348, 439, 477, 270, 408, 25, 393, 438, 451, 137, 116, 253, 220, 468, 141, 226, 80, 24, 343, 18, 114, 69, 86, 139, 158, 64, 151, 222, 424, 14, 100, 204, 150, 215, 160, 292, 416, 62, 4, 395, 4, 180, 209, 59, 16, 396, 258, 229]
Tree:
None
Fitness on 5000 data:
-62.132861076177335

Fitness:
-62.132861076177335