Generation:
398

Phenotype:
3
V1 = uniform([+1.8e0, 6.8e0], 2);
V2 = -1.6e0 * -V1;
V2 = V2 + gm([6.1e1, +0.8e0, 0.3e1], [2.2e1, +2.9e0, 1.3e0], [0.4e1, +6.9e0, 1.9e0], [1.6e0, +0.8e1, 5.9e0], [5.9e0, +0.8e1, 0.2e1], [0.1e1, +2.1e0, 8.6e0]);
V3 = -1.6e0 * -V2 + +1.1e0;
V3 = V3 + gm([6.0e1, -1.2e0, 4.4e0]);

Pre-processed Program
:C = uniform([1.800000, 8.600000], 2);TEMP0 = 1.6 * C;F = TEMP0;F = F + gm([0.638743, 0.230366, 0.041885, 0.016754, 0.061780, 0.010471], [0.8, 2.9, 6.9, 8, 8, 2.1], [3, 1.3, 1.9, 5.9, 2, 8.6]);TEMP1 = 1.6 * F;T = TEMP1;T = T + 1.1;T = T + gm([1.000000], [-1.2], [4.4]);Genotype:
[320, 50, 421, 177, 289, 158, 452, 111, 108, 308, 428, 226, 478, 352, 141, 348, 489, 130, 81, 373, 127, 211, 136, 316, 4, 21, 123, 318, 306, 265, 263, 46, 51, 31, 112, 24, 500, 18, 464, 296, 220, 423, 211, 69, 451, 312, 92, 463, 364, 164, 132, 479, 14, 454, 331, 483, 486, 245, 74, 250, 114, 229, 243, 188, 276, 199, 110, 496, 301, 19, 358, 473, 26, 311, 226, 268, 405, 188, 350, 108, 43, 377, 195, 19, 148, 95, 419, 5, 309, 286, 463, 274, 140, 248, 181, 471, 190, 392, 123, 376]
Tree:
None
Fitness on 5000 data:
-56.791561035581964

Fitness:
-56.791561035581964