Generation:
1198

Phenotype:
3
V1 = uniform([+1.9e0, 5.9e0], 2);
V2 = -1.6e0 * -V1;
V2 = V2 + gm([4.1e1, +0.4e0, 0.3e1], [4.8e1, +2.2e0, 1.1e0], [6.1e0, +6.1e0, 3.6e0], [4.8e0, -0.1e0, 4.5e0], [7.1e0, +0.8e1, 0.1e1], [0.0e1, +2.1e1, 9.5e1]);
V3 = -1.6e0 * -V2 + +1.7e0;
V3 = V3 + gm([5.0e1, -1.4e0, 4.2e0]);

Pre-processed Program
:C = uniform([1.900000, 7.800000], 2);TEMP0 = 1.6 * C;F = TEMP0;F = F + gm([0.383178, 0.448598, 0.057009, 0.044860, 0.066355, 0.000000], [0.4, 2.2, 6.1, -0.1, 8, 21], [3, 1.1, 3.6, 4.5, 1, 95]);TEMP1 = 1.6 * F;T = TEMP1;T = T + 1.7;T = T + gm([1.000000], [-1.4], [4.2]);Genotype:
[58, 50, 220, 409, 159, 350, 292, 221, 209, 442, 359, 485, 449, 50, 383, 264, 489, 448, 299, 441, 459, 211, 136, 110, 106, 397, 61, 298, 268, 389, 263, 14, 101, 47, 112, 154, 500, 454, 326, 285, 220, 183, 221, 69, 21, 74, 38, 127, 364, 282, 132, 2, 146, 153, 331, 21, 56, 451, 348, 276, 91, 98, 31, 188, 66, 81, 294, 414, 373, 106, 116, 225, 469, 24, 8, 216, 375, 163, 170, 341, 492, 467, 314, 265, 242, 347, 21, 217, 31, 140, 258, 500, 140, 248, 469, 128, 190, 271, 141, 376]
Tree:
None
Fitness on 5000 data:
-55.954625827530066

Fitness:
-55.954625827530066