Generation:
798

Phenotype:
3
V1 = uniform([+1.9e0, 5.9e0], 2);
V2 = -1.6e0 * -V1;
V2 = V2 + gm([6.1e1, +0.8e0, 0.3e1], [2.2e1, +2.4e0, 1.1e0], [6.4e0, +6.9e0, 1.9e0], [1.9e0, -0.2e0, 4.4e0], [5.1e0, +0.8e1, 0.1e1], [0.0e1, -2.1e1, 3.5e1]);
V3 = -1.6e0 * -V2 + +1.1e0;
V3 = V3 + gm([5.0e1, -1.2e0, 4.4e0]);

Pre-processed Program
:C = uniform([1.900000, 7.800000], 2);TEMP0 = 1.6 * C;F = TEMP0;F = F + gm([0.632780, 0.228216, 0.066390, 0.019710, 0.052905, 0.000000], [0.8, 2.4, 6.9, -0.2, 8, -21], [3, 1.1, 1.9, 4.4, 1, 35]);TEMP1 = 1.6 * F;T = TEMP1;T = T + 1.1;T = T + gm([1.000000], [-1.2], [4.4]);Genotype:
[58, 50, 220, 177, 493, 293, 452, 241, 389, 102, 273, 485, 369, 292, 383, 264, 489, 428, 15, 441, 127, 211, 136, 84, 106, 21, 61, 318, 206, 159, 263, 46, 51, 31, 338, 24, 500, 18, 282, 285, 220, 423, 211, 69, 21, 312, 92, 255, 364, 164, 132, 214, 146, 340, 331, 21, 486, 451, 210, 276, 224, 98, 31, 388, 276, 199, 206, 33, 301, 19, 358, 51, 99, 311, 349, 296, 405, 37, 40, 322, 296, 467, 314, 74, 148, 347, 10, 5, 191, 286, 463, 406, 140, 248, 181, 471, 190, 271, 123, 376]
Tree:
None
Fitness on 5000 data:
-56.16545788595128

Fitness:
-56.16545788595128