Generation:
1500

Phenotype:
3
V1 = uniform([+1.9e0, 5.9e0], 2);
V2 = -1.6e0 * -V1;
V2 = V2 + gm([4.1e1, +0.4e0, 0.4e1], [5.6e1, +2.0e0, 1.1e0], [6.8e0, +6.9e0, 1.9e0], [1.8e0, -0.1e0, 4.4e0], [6.0e0, +0.8e1, 0.1e1], [0.0e1, +2.1e1, 9.5e1]);
V3 = -1.6e0 * -V2 + +1.9e0;
V3 = V3 + gm([6.0e0, -1.5e0, 4.2e0]);

Pre-processed Program
:C = uniform([1.900000, 7.800000], 2);TEMP0 = 1.6 * C;F = TEMP0;F = F + gm([0.367384, 0.501792, 0.060932, 0.016129, 0.053763, 0.000000], [0.4, 2, 6.9, -0.1, 8, 21], [4, 1.1, 1.9, 4.4, 1, 95]);TEMP1 = 1.6 * F;T = TEMP1;T = T + 1.9;T = T + gm([1.000000], [-1.5], [4.2]);Genotype:
[58, 50, 220, 409, 159, 396, 412, 221, 209, 114, 359, 485, 449, 310, 497, 264, 489, 28, 299, 291, 107, 211, 136, 70, 106, 397, 61, 298, 268, 389, 261, 14, 101, 279, 378, 154, 500, 394, 194, 276, 220, 114, 221, 69, 21, 495, 226, 127, 364, 282, 132, 390, 146, 153, 331, 21, 56, 455, 62, 276, 48, 98, 150, 188, 66, 99, 358, 440, 281, 229, 116, 225, 259, 461, 8, 474, 328, 93, 170, 341, 478, 467, 314, 194, 242, 347, 37, 16, 40, 102, 403, 500, 140, 228, 469, 152, 190, 271, 141, 376]
Tree:
None
Fitness on 5000 data:
-55.88668732469626

Fitness:
-55.88668732469626