Generation:
1198

Phenotype:
4
V1 = gm([7.6e0, +1.1e1, 3.0e0], [2.7e0, +3.1e0, 2.3e0]);
V2 = +V1 * +V1;
V2 = V2 + uniform([-2.0e1, 4.0e1], 2);
V3 = +0.2e1;
V3 = V3 + gm([0.2e0, +9.7e0, 3.2e0], [5.9e1, +8.0e0, 2.0e0]);

Pre-processed Program
:T = gm([0.737864, 0.262136], [11, 3.1], [3, 2.3]);TEMP0 = T * T;P = TEMP0;P = P + uniform([-20.000000, 20.000000], 2);F = 2;F = F + gm([0.003378, 0.996622], [9.7, 8], [3.2, 2]);Genotype:
[236, 201, 481, 392, 475, 173, 241, 307, 376, 500, 211, 316, 441, 371, 167, 444, 3, 80, 394, 144, 109, 172, 497, 408, 134, 272, 93, 281, 484, 184, 92, 333, 12, 409, 58, 317, 180, 318, 36, 323, 128, 216, 160, 191, 313, 82, 263, 42, 240, 143, 55, 84, 70, 61, 303, 258, 308, 65, 374, 262, 110, 382, 203, 422, 66, 247, 19, 170, 252, 148, 416, 252, 339, 477, 180, 258, 153, 172, 244, 336, 484, 265, 159, 107, 177, 488, 28, 310, 54, 224, 442, 60, 210, 387, 47, 456, 248, 242, 220, 20]
Tree:
None
Fitness on 5000 data:
-69.2553676472372

Fitness:
-69.2553676472372