Generation:
398

Phenotype:
4
V1 = gm([2.8e1, +1.0e1, 3.1e0], [8.7e0, +2.7e0, 2.5e0]);
V2 = +V1 * +V1;
V2 = V2 + uniform([-3.1e1, 5.9e1], 2);
V3 = +0.2e1;
V3 = V3 + gm([7.0e0, +1.0e1, 3.5e0], [8.4e1, +8.6e0, 2.3e0]);

Pre-processed Program
:T = gm([0.762943, 0.237057], [10, 2.7], [3.1, 2.5]);TEMP0 = T * T;P = TEMP0;P = P + uniform([-31.000000, 28.000000], 2);F = 2;F = F + gm([0.076923, 0.923077], [10, 8.6], [3.5, 2.3]);Genotype:
[371, 459, 467, 394, 110, 437, 401, 272, 98, 15, 468, 98, 191, 40, 473, 423, 473, 11, 188, 214, 405, 368, 257, 330, 421, 92, 422, 357, 104, 20, 92, 125, 182, 479, 288, 317, 252, 64, 434, 481, 132, 442, 106, 267, 385, 270, 175, 463, 21, 209, 477, 205, 409, 41, 267, 258, 248, 231, 452, 48, 90, 232, 125, 14, 259, 289, 442, 107, 350, 148, 303, 216, 201, 430, 427, 17, 243, 305, 94, 474, 22, 398, 424, 21, 454, 348, 98, 26, 220, 334, 442, 323, 410, 387, 47, 456, 248, 242, 220, 20]
Tree:
None
Fitness on 5000 data:
-71.72326138088344

Fitness:
-71.72326138088344