Generation:
1500

Phenotype:
4
V1 = gm([7.8e0, +1.1e1, 3.0e0], [2.7e0, +3.1e0, 2.3e0]);
V2 = +V1 * +V1;
V2 = V2 + uniform([-2.0e1, 4.0e1], 2);
V3 = +0.2e1;
V3 = V3 + gm([0.2e0, +9.8e0, 3.3e0], [5.9e1, +8.0e0, 2.0e0]);

Pre-processed Program
:T = gm([0.742857, 0.257143], [11, 3.1], [3, 2.3]);TEMP0 = T * T;P = TEMP0;P = P + uniform([-20.000000, 20.000000], 2);F = 2;F = F + gm([0.003378, 0.996622], [9.8, 8], [3.3, 2]);Genotype:
[236, 201, 481, 392, 299, 487, 241, 307, 318, 124, 211, 112, 331, 371, 167, 54, 3, 80, 394, 144, 109, 172, 497, 408, 134, 272, 93, 281, 484, 184, 92, 333, 12, 333, 58, 149, 180, 318, 426, 323, 362, 216, 311, 191, 313, 82, 479, 42, 240, 143, 55, 84, 70, 91, 303, 258, 308, 65, 374, 262, 110, 382, 203, 422, 66, 95, 19, 170, 252, 148, 435, 26, 339, 18, 362, 314, 153, 13, 244, 336, 484, 265, 159, 107, 469, 488, 28, 310, 54, 224, 442, 60, 210, 387, 47, 456, 248, 242, 220, 20]
Tree:
None
Fitness on 5000 data:
-69.25519693437795

Fitness:
-69.25519693437795