Generation:
398

Phenotype:
8
V1 = gm([9.9e0, +5.1e0, 1.2e0]);
V2 = +V1;
V2 = V2 + uniform([+2.9e0, 4.1e0], 2);
V3 = +V1 * +8.1e1;
V3 = V3 + gm([2.8e1, -5.0e1, 3.0e1], [2.0e0, -5.0e0, 2.9e1]);
V4 = -3.8e0;
V4 = V4 + gm([1.1e1, +1.4e1, 2.2e0]);

Pre-processed Program
:C = gm([1.000000], [5.1], [1.2]);F = C;F = F + uniform([2.900000, 7.000000], 2);TEMP0 = 81 * C;E = TEMP0;E = E + gm([0.933333, 0.066667], [-50, -5], [30, 29]);T = 0;T = T - 3.8;T = T + gm([1.000000], [14], [2.2]);Genotype:
[340, 367, 428, 260, 468, 84, 74, 99, 379, 74, 438, 152, 75, 441, 406, 171, 261, 162, 340, 148, 198, 374, 314, 40, 464, 439, 17, 212, 244, 282, 489, 482, 493, 334, 291, 280, 84, 66, 239, 86, 240, 286, 78, 341, 490, 24, 118, 161, 285, 82, 229, 353, 222, 122, 228, 225, 399, 357, 85, 180, 181, 223, 113, 450, 249, 38, 29, 182, 410, 328, 92, 269, 395, 90, 308, 58, 322, 169, 109, 459, 476, 226, 261, 110, 251, 443, 408, 296, 302, 384, 90, 417, 221, 211, 377, 321, 302, 81, 264, 199, 192, 402, 322, 96, 444, 186, 318, 471, 22, 377, 332, 113, 228, 258, 302, 437, 421, 121, 172, 125, 9, 26, 26, 463, 92, 323, 424, 378, 41, 405, 440, 92, 265, 485, 404, 390, 355, 91, 413, 172, 100, 172, 252, 327, 171, 395, 168, 168, 267, 38, 46, 149, 303, 397, 18, 482, 99, 325, 89, 25, 273, 331, 126, 155, 426, 368, 137, 98, 344, 402, 486, 64, 455, 70, 498, 268]
Tree:
None
Fitness on 5000 data:
-10.322835902111745

Fitness:
-10.322835902111745