Generation:
798

Phenotype:
8
V1 = gm([9.9e1, +5.0e0, 1.2e0]);
V2 = +V1;
V2 = V2 + uniform([+2.9e0, 4.2e0], 2);
V3 = +V1 * +8.1e1;
V3 = V3 + gm([9.0e1, -5.1e1, 3.0e1], [2.8e0, -5.4e0, 3.9e1]);
V4 = +3.2e0;
V4 = V4 + gm([1.4e0, +6.8e0, 2.3e0]);

Pre-processed Program
:C = gm([1.000000], [5], [1.2]);F = C;F = F + uniform([2.900000, 7.100000], 2);TEMP0 = 81 * C;E = TEMP0;E = E + gm([0.969828, 0.030172], [-51, -5.4], [30, 39]);T = 3.2;T = T + gm([1.000000], [6.8], [2.3]);Genotype:
[457, 367, 398, 10, 131, 84, 42, 99, 279, 167, 421, 50, 75, 360, 396, 115, 261, 162, 202, 365, 430, 64, 104, 22, 280, 289, 328, 299, 318, 282, 489, 482, 172, 334, 12, 14, 249, 196, 419, 40, 48, 60, 194, 341, 82, 208, 118, 161, 219, 196, 77, 435, 89, 109, 240, 243, 194, 357, 85, 11, 21, 468, 113, 450, 249, 38, 481, 182, 268, 170, 273, 453, 395, 304, 308, 287, 423, 249, 399, 52, 476, 374, 173, 430, 106, 443, 62, 324, 302, 378, 90, 106, 381, 414, 208, 321, 492, 416, 298, 494, 245, 402, 13, 106, 444, 186, 318, 471, 22, 377, 332, 113, 228, 258, 302, 437, 421, 121, 172, 125, 9, 26, 26, 463, 92, 323, 424, 378, 41, 405, 440, 92, 265, 485, 404, 390, 355, 91, 413, 172, 100, 172, 252, 327, 171, 395, 168, 168, 267, 38, 46, 149, 303, 397, 18, 482, 99, 325, 89, 25, 273, 331, 126, 155, 426, 368, 137, 98, 344, 402, 486, 64, 455, 70, 498, 268]
Tree:
None
Fitness on 5000 data:
-10.309894501104603

Fitness:
-10.309894501104603