0	[-187.6597324918437, -1]
1	[-183.08144680931335, -1]
1	[-168.26970841412333, -2]
2	[-201.72933738809624, 0]
2	[-183.08144680931335, -1]
2	[-128.98939035092707, -2]
3	[-201.72933738809624, 0]
3	[-160.52388111335821, -1]
3	[-128.98939035092707, -2]
4	[-166.80569726916752, 0]
4	[-160.52388111335821, -1]
4	[-128.98939035092707, -2]
5	[-107.26441295760502, 0]
6	[-107.26441295760502, 0]
7	[-107.26441295760502, 0]
8	[-107.26441295760502, 0]
9	[-107.26441295760502, 0]
10	[-107.26441295760502, 0]
11	[-107.26441295760502, 0]
12	[-107.26441295760502, 0]
12	[-102.98446510724168, -2]
13	[-107.26441295760502, 0]
13	[-103.06881141985112, -1]
13	[-102.98446510724168, -2]
13	[-99.77598770405616, -3]
14	[-107.26441295760502, 0]
14	[-94.13870981697431, -1]
15	[-107.26441295760502, 0]
15	[-94.13870981697431, -1]
16	[-102.52712087310728, 0]
16	[-94.13870981697431, -1]
17	[-102.52712087310728, 0]
17	[-94.13870981697431, -1]
18	[-102.52712087310728, 0]
18	[-94.13870981697431, -1]
19	[-99.20076940378163, 0]
19	[-94.13870981697431, -1]
20	[-99.20076940378163, 0]
20	[-94.13870981697431, -1]
21	[-99.20076940378163, 0]
21	[-94.13870981697431, -1]
21	[-86.0225607928088, -2]
22	[-98.30198047437811, 0]
22	[-94.13870981697431, -1]
22	[-86.0225607928088, -2]
23	[-98.30198047437811, 0]
23	[-94.13870981697431, -1]
23	[-86.0225607928088, -2]
24	[-98.30198047437811, 0]
24	[-94.13870981697431, -1]
24	[-86.0225607928088, -2]
25	[-98.30198047437811, 0]
25	[-94.13870981697431, -1]
25	[-86.0225607928088, -2]
26	[-98.30198047437811, 0]
26	[-94.13870981697431, -1]
26	[-86.0225607928088, -2]
27	[-98.01213517926574, 0]
27	[-94.13870981697431, -1]
27	[-86.0225607928088, -2]
28	[-98.01213517926574, 0]
28	[-94.13870981697431, -1]
28	[-86.0225607928088, -2]
29	[-98.01213517926574, 0]
29	[-94.13870981697431, -1]
29	[-86.0225607928088, -2]
30	[-98.01213517926574, 0]
30	[-94.13870981697431, -1]
30	[-86.0225607928088, -2]
31	[-98.01213517926574, 0]
31	[-92.96680951001072, -1]
31	[-86.0225607928088, -2]
32	[-98.01213517926574, 0]
32	[-92.96680951001072, -1]
32	[-86.0225607928088, -2]
33	[-97.58068415574178, 0]
33	[-92.96680951001072, -1]
33	[-86.0225607928088, -2]
34	[-97.58068415574178, 0]
34	[-92.96680951001072, -1]
34	[-86.0225607928088, -2]
35	[-97.58068415574178, 0]
35	[-92.96680951001072, -1]
35	[-81.64119948952055, -2]
36	[-97.58068415574178, 0]
36	[-92.96680951001072, -1]
36	[-81.64119948952055, -2]
37	[-97.58068415574178, 0]
37	[-92.96680951001072, -1]
37	[-81.64119948952055, -2]
38	[-97.58068415574178, 0]
38	[-92.96680951001072, -1]
38	[-81.64119948952055, -2]
39	[-97.58068415574178, 0]
39	[-92.96680951001072, -1]
39	[-78.62271941947888, -2]
40	[-97.58068415574178, 0]
40	[-92.96680951001072, -1]
40	[-78.62271941947888, -2]
41	[-97.58068415574178, 0]
41	[-92.96680951001072, -1]
41	[-78.62271941947888, -2]
42	[-97.0187125355208, 0]
42	[-92.96680951001072, -1]
42	[-78.62271941947888, -2]
43	[-97.0187125355208, 0]
43	[-92.96680951001072, -1]
43	[-78.62271941947888, -2]
44	[-97.0187125355208, 0]
44	[-92.96680951001072, -1]
44	[-78.62271941947888, -2]
45	[-97.0187125355208, 0]
45	[-92.96680951001072, -1]
45	[-78.62271941947888, -2]
46	[-97.0187125355208, 0]
46	[-92.96680951001072, -1]
46	[-78.62271941947888, -2]
47	[-97.0187125355208, 0]
47	[-92.96680951001072, -1]
47	[-78.62271941947888, -2]
48	[-97.0187125355208, 0]
48	[-90.60768280087954, -1]
48	[-78.5949134966722, -2]
49	[-97.0187125355208, 0]
49	[-90.60768280087954, -1]
49	[-78.5949134966722, -2]
50	[-97.0187125355208, 0]
50	[-90.60768280087954, -1]
50	[-78.5949134966722, -2]
51	[-95.69342925359274, 0]
51	[-89.14128551409138, -1]
51	[-78.5949134966722, -2]
52	[-95.69342925359274, 0]
52	[-89.14128551409138, -1]
52	[-89.14128551409138, -1]
52	[-78.5949134966722, -2]
53	[-95.63713462152609, 0]
53	[-89.14128551409138, -1]
53	[-89.14128551409138, -1]
53	[-89.14128551409138, -1]
53	[-78.5949134966722, -2]
54	[-95.57000597378364, 0]
54	[-84.91786677855907, -1]
54	[-78.5949134966722, -2]
55	[-95.57000597378364, 0]
55	[-84.91786677855907, -1]
55	[-78.5949134966722, -2]
56	[-95.57000597378364, 0]
56	[-84.91786677855907, -1]
56	[-78.5949134966722, -2]
57	[-95.57000597378364, 0]
57	[-84.83705601707076, -1]
57	[-78.5949134966722, -2]
58	[-95.57000597378364, 0]
58	[-84.83705601707076, -1]
58	[-78.5949134966722, -2]
59	[-95.57000597378364, 0]
59	[-84.83705601707076, -1]
59	[-84.83705601707076, -1]
59	[-78.5949134966722, -2]
60	[-93.34786369838707, 0]
60	[-84.83705601707076, -1]
60	[-84.83705601707076, -1]
60	[-84.83705601707076, -1]
60	[-78.5949134966722, -2]
61	[-93.34786369838707, 0]
61	[-84.83705601707076, -1]
61	[-84.83705601707076, -1]
61	[-84.83705601707076, -1]
61	[-78.5949134966722, -2]
62	[-92.58449071718525, 0]
62	[-74.5907115427947, -1]
63	[-92.58449071718525, 0]
63	[-74.5907115427947, -1]
64	[-92.58449071718525, 0]
64	[-74.5907115427947, -1]
64	[-74.5907115427947, -1]
65	[-92.58449071718525, 0]
65	[-74.5907115427947, -1]
65	[-74.5907115427947, -1]
66	[-92.58449071718525, 0]
66	[-74.5907115427947, -1]
66	[-74.5907115427947, -1]
67	[-89.93810124352296, 0]
67	[-74.4802144708411, -1]
68	[-89.93810124352296, 0]
68	[-74.4802144708411, -1]
69	[-89.63915198848039, 0]
69	[-69.89687424968317, -1]
70	[-89.63915198848039, 0]
70	[-69.89687424968317, -1]
71	[-89.63615585529377, 0]
71	[-69.89687424968317, -1]
72	[-89.63615585529377, 0]
72	[-69.89687424968317, -1]
73	[-89.63615585529377, 0]
73	[-69.89687424968317, -1]
74	[-89.63615585529377, 0]
74	[-69.77419113689444, -1]
75	[-89.63615585529377, 0]
75	[-69.77419113689444, -1]
76	[-89.63615585529377, 0]
76	[-69.77419113689444, -1]
77	[-89.60744168675537, 0]
77	[-68.83428165147618, -1]
78	[-89.60744168675537, 0]
78	[-68.83428165147618, -1]
78	[-68.83428165147618, -1]
79	[-87.31799926818242, 0]
79	[-68.83428165147618, -1]
79	[-68.83428165147618, -1]
80	[-87.31799926818242, 0]
80	[-68.54105276061742, -1]
81	[-87.31799926818242, 0]
81	[-68.54105276061742, -1]
82	[-87.31799926818242, 0]
82	[-62.52429604684583, -1]
83	[-87.31799926818242, 0]
83	[-62.52429604684583, -1]
84	[-87.31799926818242, 0]
84	[-62.52429604684583, -1]
85	[-87.31799926818242, 0]
85	[-62.52429604684583, -1]
86	[-87.31799926818242, 0]
86	[-62.52429604684583, -1]
87	[-87.31799926818242, 0]
87	[-62.52429604684583, -1]
88	[-87.31799926818242, 0]
88	[-62.52429604684583, -1]
88	[-62.52429604684583, -1]
89	[-87.31799926818242, 0]
89	[-62.52429604684583, -1]
89	[-62.52429604684583, -1]
90	[-87.31799926818242, 0]
90	[-61.77005241103335, -1]
91	[-87.31799926818242, 0]
91	[-61.77005241103335, -1]
92	[-87.31799926818242, 0]
92	[-61.77005241103335, -1]
93	[-87.31799926818242, 0]
93	[-61.77005241103335, -1]
94	[-87.31799926818242, 0]
94	[-61.77005241103335, -1]
94	[-61.77005241103335, -1]
95	[-87.31799926818242, 0]
95	[-61.77005241103335, -1]
95	[-61.77005241103335, -1]
96	[-86.5899016216811, 0]
96	[-61.77005241103335, -1]
96	[-61.77005241103335, -1]
97	[-86.5899016216811, 0]
97	[-61.77005241103335, -1]
97	[-61.77005241103335, -1]
98	[-86.5899016216811, 0]
98	[-61.77005241103335, -1]
98	[-61.77005241103335, -1]
99	[-86.5899016216811, 0]
99	[-61.77005241103335, -1]
99	[-61.77005241103335, -1]
100	[-86.5899016216811, 0]
100	[-61.77005241103335, -1]
100	[-61.77005241103335, -1]
101	[-86.5899016216811, 0]
101	[-61.77005241103335, -1]
101	[-61.77005241103335, -1]
102	[-86.5899016216811, 0]
102	[-61.77005241103335, -1]
102	[-61.77005241103335, -1]
103	[-86.5899016216811, 0]
103	[-61.77005241103335, -1]
103	[-61.77005241103335, -1]
104	[-86.5899016216811, 0]
104	[-61.77005241103335, -1]
104	[-61.77005241103335, -1]
105	[-86.5899016216811, 0]
105	[-61.77005241103335, -1]
105	[-61.77005241103335, -1]
106	[-86.5899016216811, 0]
106	[-61.77005241103335, -1]
106	[-61.77005241103335, -1]
107	[-86.5899016216811, 0]
107	[-61.77005241103335, -1]
107	[-61.77005241103335, -1]
107	[-61.77005241103335, -1]
108	[-86.5899016216811, 0]
108	[-61.77005241103335, -1]
108	[-61.77005241103335, -1]
108	[-61.77005241103335, -1]
108	[-61.77005241103335, -1]
109	[-86.5899016216811, 0]
109	[-61.77005241103335, -1]
109	[-61.77005241103335, -1]
109	[-61.77005241103335, -1]
109	[-61.77005241103335, -1]
110	[-86.5899016216811, 0]
110	[-61.77005241103335, -1]
110	[-61.77005241103335, -1]
110	[-61.77005241103335, -1]
110	[-61.77005241103335, -1]
110	[-61.77005241103335, -1]
111	[-86.5899016216811, 0]
111	[-61.77005241103335, -1]
111	[-61.77005241103335, -1]
111	[-61.77005241103335, -1]
111	[-61.77005241103335, -1]
111	[-61.77005241103335, -1]
111	[-61.77005241103335, -1]
112	[-86.5899016216811, 0]
112	[-61.77005241103335, -1]
112	[-61.77005241103335, -1]
112	[-61.77005241103335, -1]
112	[-61.77005241103335, -1]
112	[-61.77005241103335, -1]
112	[-61.77005241103335, -1]
113	[-86.5899016216811, 0]
113	[-59.35208889748406, -1]
114	[-86.5899016216811, 0]
114	[-59.35208889748406, -1]
115	[-86.5899016216811, 0]
115	[-59.35208889748406, -1]
116	[-86.5899016216811, 0]
116	[-59.35208889748406, -1]
117	[-86.5899016216811, 0]
117	[-59.35208889748406, -1]
118	[-86.5899016216811, 0]
118	[-59.35208889748406, -1]
119	[-86.5899016216811, 0]
119	[-59.35208889748406, -1]
120	[-86.5899016216811, 0]
120	[-59.35208889748406, -1]
121	[-86.5899016216811, 0]
121	[-59.35208889748406, -1]
121	[-59.35208889748406, -1]
122	[-86.5899016216811, 0]
122	[-59.35208889748406, -1]
122	[-59.35208889748406, -1]
123	[-86.5899016216811, 0]
123	[-59.35208889748406, -1]
123	[-59.35208889748406, -1]
123	[-59.35208889748406, -1]
124	[-86.5899016216811, 0]
124	[-59.35208889748406, -1]
124	[-59.35208889748406, -1]
124	[-59.35208889748406, -1]
125	[-86.5899016216811, 0]
125	[-59.35208889748406, -1]
125	[-59.35208889748406, -1]
125	[-59.35208889748406, -1]
126	[-86.5899016216811, 0]
126	[-59.35208889748406, -1]
126	[-59.35208889748406, -1]
126	[-59.35208889748406, -1]
126	[-59.35208889748406, -1]
127	[-86.5899016216811, 0]
127	[-59.35208889748406, -1]
127	[-59.35208889748406, -1]
127	[-59.35208889748406, -1]
127	[-59.35208889748406, -1]
127	[-59.35208889748406, -1]
127	[-59.35208889748406, -1]
128	[-86.5899016216811, 0]
128	[-59.35208889748406, -1]
128	[-59.35208889748406, -1]
128	[-59.35208889748406, -1]
128	[-59.35208889748406, -1]
128	[-59.35208889748406, -1]
128	[-59.35208889748406, -1]
129	[-86.55782908842184, 0]
129	[-59.35208889748406, -1]
129	[-59.35208889748406, -1]
129	[-59.35208889748406, -1]
129	[-59.35208889748406, -1]
129	[-59.35208889748406, -1]
129	[-59.35208889748406, -1]
129	[-59.35208889748406, -1]
130	[-86.55782908842184, 0]
130	[-59.35208889748406, -1]
130	[-59.35208889748406, -1]
130	[-59.35208889748406, -1]
130	[-59.35208889748406, -1]
130	[-59.35208889748406, -1]
130	[-59.35208889748406, -1]
130	[-59.35208889748406, -1]
130	[-59.35208889748406, -1]
131	[-86.55782908842184, 0]
131	[-59.2987915571969, -1]
132	[-86.55782908842184, 0]
132	[-59.21386029569332, -1]
133	[-86.55782908842184, 0]
133	[-59.21386029569332, -1]
134	[-82.35813751885527, 0]
134	[-59.21386029569332, -1]
135	[-82.35813751885527, 0]
135	[-59.21386029569332, -1]
136	[-82.35813751885527, 0]
136	[-59.21386029569332, -1]
137	[-82.35813751885527, 0]
137	[-59.21386029569332, -1]
138	[-82.35813751885527, 0]
138	[-59.21386029569332, -1]
139	[-82.35813751885527, 0]
139	[-59.21386029569332, -1]
140	[-82.35813751885527, 0]
140	[-59.20825849849763, -1]
141	[-81.38523054875112, 0]
141	[-59.20825849849763, -1]
142	[-77.86568123620424, 0]
142	[-59.20825849849763, -1]
143	[-77.86568123620424, 0]
143	[-59.20825849849763, -1]
144	[-77.86568123620424, 0]
144	[-59.20825849849763, -1]
145	[-77.86568123620424, 0]
145	[-59.20825849849763, -1]
146	[-77.86568123620424, 0]
146	[-59.20825849849763, -1]
147	[-77.86568123620424, 0]
147	[-59.06107729823054, -1]
148	[-77.86568123620424, 0]
148	[-59.06107729823054, -1]
149	[-77.86568123620424, 0]
149	[-59.06107729823054, -1]
150	[-77.85667701727188, 0]
150	[-59.06107729823054, -1]
151	[-77.85667701727188, 0]
151	[-59.06107729823054, -1]
152	[-77.6861027996328, 0]
152	[-59.06107729823054, -1]
153	[-77.19988207933267, 0]
153	[-59.06107729823054, -1]
154	[-77.19988207933267, 0]
154	[-59.06107729823054, -1]
155	[-77.19988207933267, 0]
155	[-59.06107729823054, -1]
156	[-77.19988207933267, 0]
156	[-59.06107729823054, -1]
157	[-77.19988207933267, 0]
157	[-59.06107729823054, -1]
158	[-77.19988207933267, 0]
158	[-59.06107729823054, -1]
159	[-77.19988207933267, 0]
159	[-77.19988207933267, 0]
159	[-59.06107729823054, -1]
160	[-77.19988207933267, 0]
160	[-77.19988207933267, 0]
160	[-59.06107729823054, -1]
161	[-77.19988207933267, 0]
161	[-77.19988207933267, 0]
161	[-59.06107729823054, -1]
162	[-77.19988207933267, 0]
162	[-77.19988207933267, 0]
162	[-59.06107729823054, -1]
163	[-76.53804295391149, 0]
163	[-59.06107729823054, -1]
164	[-76.53804295391149, 0]
164	[-59.06107729823054, -1]
164	[-59.06107729823054, -1]
165	[-76.53804295391149, 0]
165	[-59.06107729823054, -1]
165	[-59.06107729823054, -1]
166	[-76.53804295391149, 0]
166	[-58.60669786032208, -1]
167	[-76.53804295391149, 0]
167	[-58.60669786032208, -1]
168	[-76.51265394951541, 0]
168	[-58.60669786032208, -1]
169	[-76.51265394951541, 0]
169	[-58.60669786032208, -1]
170	[-76.51265394951541, 0]
170	[-58.60669786032208, -1]
171	[-76.51265394951541, 0]
171	[-58.60669786032208, -1]
172	[-76.51265394951541, 0]
172	[-58.60669786032208, -1]
173	[-76.51265394951541, 0]
173	[-58.60669786032208, -1]
174	[-76.08348117476044, 0]
174	[-58.60669786032208, -1]
175	[-76.08348117476044, 0]
175	[-56.93076347911696, -1]
176	[-76.08348117476044, 0]
176	[-56.93076347911696, -1]
176	[-56.93076347911696, -1]
177	[-76.08348117476044, 0]
177	[-56.93076347911696, -1]
177	[-56.93076347911696, -1]
178	[-76.08348117476044, 0]
178	[-56.93076347911696, -1]
178	[-56.93076347911696, -1]
179	[-76.08348117476044, 0]
179	[-56.93076347911696, -1]
179	[-56.93076347911696, -1]
180	[-76.08348117476044, 0]
180	[-56.93076347911696, -1]
180	[-56.93076347911696, -1]
181	[-76.08348117476044, 0]
181	[-56.93076347911696, -1]
181	[-56.93076347911696, -1]
181	[-56.93076347911696, -1]
182	[-76.08348117476044, 0]
182	[-56.93076347911696, -1]
182	[-56.93076347911696, -1]
182	[-56.93076347911696, -1]
183	[-76.08348117476044, 0]
183	[-56.93076347911696, -1]
183	[-56.93076347911696, -1]
183	[-56.93076347911696, -1]
184	[-76.08348117476044, 0]
184	[-56.93076347911696, -1]
184	[-56.93076347911696, -1]
184	[-56.93076347911696, -1]
185	[-76.08348117476044, 0]
185	[-56.89215748001657, -1]
186	[-76.08348117476044, 0]
186	[-56.89215748001657, -1]
187	[-76.08348117476044, 0]
187	[-56.89215748001657, -1]
188	[-76.08348117476044, 0]
188	[-56.89215748001657, -1]
189	[-76.08348117476044, 0]
189	[-56.89215748001657, -1]
190	[-76.08348117476044, 0]
190	[-56.89215748001657, -1]
190	[-56.89215748001657, -1]
191	[-76.08348117476044, 0]
191	[-55.27870703380766, -1]
192	[-76.08348117476044, 0]
192	[-55.27870703380766, -1]
193	[-76.08348117476044, 0]
193	[-55.27870703380766, -1]
194	[-76.08348117476044, 0]
194	[-55.27870703380766, -1]
195	[-76.08348117476044, 0]
195	[-55.27870703380766, -1]
196	[-76.08348117476044, 0]
196	[-55.27870703380766, -1]
197	[-76.08348117476044, 0]
197	[-55.27870703380766, -1]
198	[-76.08348117476044, 0]
198	[-55.27870703380766, -1]
199	[-76.08348117476044, 0]
199	[-55.27870703380766, -1]
200	[-76.08348117476044, 0]
200	[-55.27870703380766, -1]
201	[-76.08348117476044, 0]
201	[-55.27870703380766, -1]
202	[-76.08348117476044, 0]
202	[-55.1054167935246, -1]
203	[-76.08348117476044, 0]
203	[-55.1054167935246, -1]
203	[-55.1054167935246, -1]
204	[-76.08348117476044, 0]
204	[-55.1054167935246, -1]
204	[-55.1054167935246, -1]
204	[-55.1054167935246, -1]
205	[-76.08348117476044, 0]
205	[-55.1054167935246, -1]
205	[-55.1054167935246, -1]
205	[-55.1054167935246, -1]
206	[-76.08348117476044, 0]
206	[-55.1054167935246, -1]
206	[-55.1054167935246, -1]
206	[-55.1054167935246, -1]
206	[-55.1054167935246, -1]
207	[-74.00809148104615, 0]
207	[-55.1054167935246, -1]
207	[-55.1054167935246, -1]
207	[-55.1054167935246, -1]
207	[-55.1054167935246, -1]
208	[-74.00809148104615, 0]
208	[-55.1054167935246, -1]
208	[-55.1054167935246, -1]
208	[-55.1054167935246, -1]
208	[-55.1054167935246, -1]
209	[-74.00809148104615, 0]
209	[-55.1054167935246, -1]
209	[-55.1054167935246, -1]
209	[-55.1054167935246, -1]
209	[-55.1054167935246, -1]
210	[-74.00809148104615, 0]
210	[-55.1054167935246, -1]
210	[-55.1054167935246, -1]
210	[-55.1054167935246, -1]
210	[-55.1054167935246, -1]
211	[-74.00809148104615, 0]
211	[-55.1054167935246, -1]
211	[-55.1054167935246, -1]
211	[-55.1054167935246, -1]
211	[-55.1054167935246, -1]
211	[-55.1054167935246, -1]
212	[-74.00809148104615, 0]
212	[-55.1054167935246, -1]
212	[-55.1054167935246, -1]
212	[-55.1054167935246, -1]
212	[-55.1054167935246, -1]
212	[-55.1054167935246, -1]
212	[-55.1054167935246, -1]
213	[-74.00809148104615, 0]
213	[-55.1054167935246, -1]
213	[-55.1054167935246, -1]
213	[-55.1054167935246, -1]
213	[-55.1054167935246, -1]
213	[-55.1054167935246, -1]
213	[-55.1054167935246, -1]
213	[-55.1054167935246, -1]
214	[-74.00809148104615, 0]
214	[-55.1054167935246, -1]
214	[-55.1054167935246, -1]
214	[-55.1054167935246, -1]
214	[-55.1054167935246, -1]
214	[-55.1054167935246, -1]
214	[-55.1054167935246, -1]
214	[-55.1054167935246, -1]
215	[-74.00809148104615, 0]
215	[-55.1054167935246, -1]
215	[-55.1054167935246, -1]
215	[-55.1054167935246, -1]
215	[-55.1054167935246, -1]
215	[-55.1054167935246, -1]
215	[-55.1054167935246, -1]
215	[-55.1054167935246, -1]
215	[-55.1054167935246, -1]
216	[-73.96356385681634, 0]
216	[-55.1054167935246, -1]
216	[-55.1054167935246, -1]
216	[-55.1054167935246, -1]
216	[-55.1054167935246, -1]
216	[-55.1054167935246, -1]
216	[-55.1054167935246, -1]
216	[-55.1054167935246, -1]
216	[-55.1054167935246, -1]
216	[-55.1054167935246, -1]
217	[-73.96356385681634, 0]
217	[-55.1054167935246, -1]
217	[-55.1054167935246, -1]
217	[-55.1054167935246, -1]
217	[-55.1054167935246, -1]
217	[-55.1054167935246, -1]
217	[-55.1054167935246, -1]
217	[-55.1054167935246, -1]
217	[-55.1054167935246, -1]
217	[-55.1054167935246, -1]
217	[-55.1054167935246, -1]
217	[-55.1054167935246, -1]
217	[-55.1054167935246, -1]
218	[-73.96356385681634, 0]
218	[-55.1054167935246, -1]
218	[-55.1054167935246, -1]
218	[-55.1054167935246, -1]
218	[-55.1054167935246, -1]
218	[-55.1054167935246, -1]
218	[-55.1054167935246, -1]
218	[-55.1054167935246, -1]
218	[-55.1054167935246, -1]
218	[-55.1054167935246, -1]
218	[-55.1054167935246, -1]
218	[-55.1054167935246, -1]
218	[-55.1054167935246, -1]
218	[-55.1054167935246, -1]
218	[-55.1054167935246, -1]
219	[-73.96356385681634, 0]
219	[-54.96918060989445, -1]
220	[-73.96356385681634, 0]
220	[-54.96918060989445, -1]
221	[-73.96356385681634, 0]
221	[-54.96918060989445, -1]
222	[-73.96356385681634, 0]
222	[-54.96918060989445, -1]
223	[-73.96356385681634, 0]
223	[-54.96918060989445, -1]
224	[-73.96356385681634, 0]
224	[-54.96918060989445, -1]
225	[-73.96356385681634, 0]
225	[-54.96918060989445, -1]
225	[-54.96918060989445, -1]
226	[-73.96356385681634, 0]
226	[-54.96918060989445, -1]
226	[-54.96918060989445, -1]
227	[-73.96356385681634, 0]
227	[-54.96918060989445, -1]
227	[-54.96918060989445, -1]
228	[-73.96356385681634, 0]
228	[-54.96918060989445, -1]
228	[-54.96918060989445, -1]
228	[-54.96918060989445, -1]
229	[-73.96356385681634, 0]
229	[-54.96918060989445, -1]
229	[-54.96918060989445, -1]
229	[-54.96918060989445, -1]
230	[-73.96356385681634, 0]
230	[-54.96918060989445, -1]
230	[-54.96918060989445, -1]
230	[-54.96918060989445, -1]
230	[-54.96918060989445, -1]
230	[-54.96918060989445, -1]
230	[-54.96918060989445, -1]
231	[-73.96356385681634, 0]
231	[-54.96918060989445, -1]
231	[-54.96918060989445, -1]
231	[-54.96918060989445, -1]
231	[-54.96918060989445, -1]
231	[-54.96918060989445, -1]
231	[-54.96918060989445, -1]
231	[-54.96918060989445, -1]
232	[-73.96356385681634, 0]
232	[-54.96918060989445, -1]
232	[-54.96918060989445, -1]
232	[-54.96918060989445, -1]
232	[-54.96918060989445, -1]
232	[-54.96918060989445, -1]
232	[-54.96918060989445, -1]
232	[-54.96918060989445, -1]
233	[-73.96356385681634, 0]
233	[-54.96918060989445, -1]
233	[-54.96918060989445, -1]
233	[-54.96918060989445, -1]
233	[-54.96918060989445, -1]
233	[-54.96918060989445, -1]
233	[-54.96918060989445, -1]
233	[-54.96918060989445, -1]
233	[-54.96918060989445, -1]
234	[-73.96356385681634, 0]
234	[-54.96918060989445, -1]
234	[-54.96918060989445, -1]
234	[-54.96918060989445, -1]
234	[-54.96918060989445, -1]
234	[-54.96918060989445, -1]
234	[-54.96918060989445, -1]
234	[-54.96918060989445, -1]
234	[-54.96918060989445, -1]
234	[-54.96918060989445, -1]
234	[-54.96918060989445, -1]
235	[-73.96356385681634, 0]
235	[-54.96918060989445, -1]
235	[-54.96918060989445, -1]
235	[-54.96918060989445, -1]
235	[-54.96918060989445, -1]
235	[-54.96918060989445, -1]
235	[-54.96918060989445, -1]
235	[-54.96918060989445, -1]
235	[-54.96918060989445, -1]
235	[-54.96918060989445, -1]
235	[-54.96918060989445, -1]
236	[-73.96356385681634, 0]
236	[-54.94362944750495, -1]
237	[-73.96356385681634, 0]
237	[-54.94362944750495, -1]
238	[-73.96356385681634, 0]
238	[-54.94362944750495, -1]
239	[-73.96356385681634, 0]
239	[-54.94362944750495, -1]
240	[-73.96356385681634, 0]
240	[-54.94362944750495, -1]
241	[-73.96356385681634, 0]
241	[-54.94362944750495, -1]
242	[-73.96356385681634, 0]
242	[-54.93389169500861, -1]
243	[-73.96356385681634, 0]
243	[-54.93389169500861, -1]
244	[-73.96356385681634, 0]
244	[-54.93389169500861, -1]
244	[-54.93389169500861, -1]
245	[-73.96356385681634, 0]
245	[-54.93389169500861, -1]
245	[-54.93389169500861, -1]
246	[-73.96356385681634, 0]
246	[-54.93389169500861, -1]
246	[-54.93389169500861, -1]
247	[-73.96356385681634, 0]
247	[-54.93389169500861, -1]
247	[-54.93389169500861, -1]
247	[-54.93389169500861, -1]
248	[-73.96356385681634, 0]
248	[-54.93389169500861, -1]
248	[-54.93389169500861, -1]
248	[-54.93389169500861, -1]
249	[-73.96356385681634, 0]
249	[-54.65023242222341, -1]
250	[-73.96356385681634, 0]
250	[-54.65023242222341, -1]
251	[-73.96356385681634, 0]
251	[-54.65023242222341, -1]
252	[-73.96356385681634, 0]
252	[-54.65023242222341, -1]
252	[-54.65023242222341, -1]
253	[-73.96356385681634, 0]
253	[-54.65023242222341, -1]
253	[-54.65023242222341, -1]
254	[-73.96356385681634, 0]
254	[-54.65023242222341, -1]
254	[-54.65023242222341, -1]
255	[-73.96356385681634, 0]
255	[-54.65023242222341, -1]
255	[-54.65023242222341, -1]
256	[-73.96356385681634, 0]
256	[-54.65023242222341, -1]
256	[-54.65023242222341, -1]
257	[-73.96356385681634, 0]
257	[-54.65023242222341, -1]
257	[-54.65023242222341, -1]
258	[-73.96356385681634, 0]
258	[-54.62001240707937, -1]
259	[-73.96356385681634, 0]
259	[-54.62001240707937, -1]
260	[-73.96356385681634, 0]
260	[-54.62001240707937, -1]
261	[-73.96356385681634, 0]
261	[-54.62001240707937, -1]
262	[-73.96356385681634, 0]
262	[-54.62001240707937, -1]
263	[-73.96356385681634, 0]
263	[-54.62001240707937, -1]
264	[-73.96356385681634, 0]
264	[-54.62001240707937, -1]
265	[-73.96356385681634, 0]
265	[-54.62001240707937, -1]
266	[-73.96356385681634, 0]
266	[-54.62001240707937, -1]
267	[-73.96356385681634, 0]
267	[-54.62001240707937, -1]
268	[-73.96356385681634, 0]
268	[-54.62001240707937, -1]
269	[-73.96356385681634, 0]
269	[-54.62001240707937, -1]
270	[-73.93752801308874, 0]
270	[-54.612690327437356, -1]
271	[-73.2977663790219, 0]
271	[-54.612690327437356, -1]
271	[-54.612690327437356, -1]
271	[-54.612690327437356, -1]
272	[-71.64523715743066, 0]
272	[-54.612690327437356, -1]
272	[-54.612690327437356, -1]
272	[-54.612690327437356, -1]
272	[-54.612690327437356, -1]
273	[-71.64523715743066, 0]
273	[-54.588075076765826, -1]
274	[-69.80379855517548, 0]
274	[-54.511201334797775, -1]
275	[-69.80379855517548, 0]
275	[-54.511201334797775, -1]
276	[-69.80379855517548, 0]
276	[-54.511201334797775, -1]
276	[-54.511201334797775, -1]
277	[-69.80379855517548, 0]
277	[-54.511201334797775, -1]
277	[-54.511201334797775, -1]
278	[-69.80379855517548, 0]
278	[-54.511201334797775, -1]
278	[-54.511201334797775, -1]
279	[-69.80379855517548, 0]
279	[-54.511201334797775, -1]
279	[-54.511201334797775, -1]
280	[-69.80379855517548, 0]
280	[-54.511201334797775, -1]
280	[-54.511201334797775, -1]
280	[-54.511201334797775, -1]
281	[-69.80379855517548, 0]
281	[-54.511201334797775, -1]
281	[-54.511201334797775, -1]
281	[-54.511201334797775, -1]
282	[-69.80379855517548, 0]
282	[-54.511201334797775, -1]
282	[-54.511201334797775, -1]
282	[-54.511201334797775, -1]
282	[-54.511201334797775, -1]
282	[-54.511201334797775, -1]
283	[-69.80379855517548, 0]
283	[-54.511201334797775, -1]
283	[-54.511201334797775, -1]
283	[-54.511201334797775, -1]
283	[-54.511201334797775, -1]
283	[-54.511201334797775, -1]
283	[-54.511201334797775, -1]
284	[-69.80379855517548, 0]
284	[-54.511201334797775, -1]
284	[-54.511201334797775, -1]
284	[-54.511201334797775, -1]
284	[-54.511201334797775, -1]
284	[-54.511201334797775, -1]
284	[-54.511201334797775, -1]
284	[-54.511201334797775, -1]
285	[-69.80379855517548, 0]
285	[-54.511201334797775, -1]
285	[-54.511201334797775, -1]
285	[-54.511201334797775, -1]
285	[-54.511201334797775, -1]
285	[-54.511201334797775, -1]
285	[-54.511201334797775, -1]
285	[-54.511201334797775, -1]
285	[-54.511201334797775, -1]
285	[-54.511201334797775, -1]
285	[-54.511201334797775, -1]
286	[-69.80379855517548, 0]
286	[-54.511201334797775, -1]
286	[-54.511201334797775, -1]
286	[-54.511201334797775, -1]
286	[-54.511201334797775, -1]
286	[-54.511201334797775, -1]
286	[-54.511201334797775, -1]
286	[-54.511201334797775, -1]
286	[-54.511201334797775, -1]
286	[-54.511201334797775, -1]
286	[-54.511201334797775, -1]
287	[-69.80379855517548, 0]
287	[-54.511201334797775, -1]
287	[-54.511201334797775, -1]
287	[-54.511201334797775, -1]
287	[-54.511201334797775, -1]
287	[-54.511201334797775, -1]
287	[-54.511201334797775, -1]
287	[-54.511201334797775, -1]
287	[-54.511201334797775, -1]
287	[-54.511201334797775, -1]
287	[-54.511201334797775, -1]
287	[-54.511201334797775, -1]
288	[-69.80379855517548, 0]
288	[-54.511201334797775, -1]
288	[-54.511201334797775, -1]
288	[-54.511201334797775, -1]
288	[-54.511201334797775, -1]
288	[-54.511201334797775, -1]
288	[-54.511201334797775, -1]
288	[-54.511201334797775, -1]
288	[-54.511201334797775, -1]
288	[-54.511201334797775, -1]
288	[-54.511201334797775, -1]
288	[-54.511201334797775, -1]
288	[-54.511201334797775, -1]
288	[-54.511201334797775, -1]
289	[-69.80379855517548, 0]
289	[-54.511201334797775, -1]
289	[-54.511201334797775, -1]
289	[-54.511201334797775, -1]
289	[-54.511201334797775, -1]
289	[-54.511201334797775, -1]
289	[-54.511201334797775, -1]
289	[-54.511201334797775, -1]
289	[-54.511201334797775, -1]
289	[-54.511201334797775, -1]
289	[-54.511201334797775, -1]
289	[-54.511201334797775, -1]
289	[-54.511201334797775, -1]
289	[-54.511201334797775, -1]
290	[-69.80379855517548, 0]
290	[-54.511201334797775, -1]
290	[-54.511201334797775, -1]
290	[-54.511201334797775, -1]
290	[-54.511201334797775, -1]
290	[-54.511201334797775, -1]
290	[-54.511201334797775, -1]
290	[-54.511201334797775, -1]
290	[-54.511201334797775, -1]
290	[-54.511201334797775, -1]
290	[-54.511201334797775, -1]
290	[-54.511201334797775, -1]
290	[-54.511201334797775, -1]
290	[-54.511201334797775, -1]
291	[-69.80379855517548, 0]
291	[-54.511201334797775, -1]
291	[-54.511201334797775, -1]
291	[-54.511201334797775, -1]
291	[-54.511201334797775, -1]
291	[-54.511201334797775, -1]
291	[-54.511201334797775, -1]
291	[-54.511201334797775, -1]
291	[-54.511201334797775, -1]
291	[-54.511201334797775, -1]
291	[-54.511201334797775, -1]
291	[-54.511201334797775, -1]
291	[-54.511201334797775, -1]
291	[-54.511201334797775, -1]
291	[-54.511201334797775, -1]
291	[-54.511201334797775, -1]
292	[-69.80379855517548, 0]
292	[-54.511201334797775, -1]
292	[-54.511201334797775, -1]
292	[-54.511201334797775, -1]
292	[-54.511201334797775, -1]
292	[-54.511201334797775, -1]
292	[-54.511201334797775, -1]
292	[-54.511201334797775, -1]
292	[-54.511201334797775, -1]
292	[-54.511201334797775, -1]
292	[-54.511201334797775, -1]
292	[-54.511201334797775, -1]
292	[-54.511201334797775, -1]
292	[-54.511201334797775, -1]
292	[-54.511201334797775, -1]
292	[-54.511201334797775, -1]
292	[-54.511201334797775, -1]
292	[-54.511201334797775, -1]
292	[-54.511201334797775, -1]
293	[-69.80379855517548, 0]
293	[-54.511201334797775, -1]
293	[-54.511201334797775, -1]
293	[-54.511201334797775, -1]
293	[-54.511201334797775, -1]
293	[-54.511201334797775, -1]
293	[-54.511201334797775, -1]
293	[-54.511201334797775, -1]
293	[-54.511201334797775, -1]
293	[-54.511201334797775, -1]
293	[-54.511201334797775, -1]
293	[-54.511201334797775, -1]
293	[-54.511201334797775, -1]
293	[-54.511201334797775, -1]
293	[-54.511201334797775, -1]
293	[-54.511201334797775, -1]
293	[-54.511201334797775, -1]
293	[-54.511201334797775, -1]
293	[-54.511201334797775, -1]
293	[-54.511201334797775, -1]
293	[-54.511201334797775, -1]
293	[-54.511201334797775, -1]
294	[-69.80379855517548, 0]
294	[-54.511201334797775, -1]
294	[-54.511201334797775, -1]
294	[-54.511201334797775, -1]
294	[-54.511201334797775, -1]
294	[-54.511201334797775, -1]
294	[-54.511201334797775, -1]
294	[-54.511201334797775, -1]
294	[-54.511201334797775, -1]
294	[-54.511201334797775, -1]
294	[-54.511201334797775, -1]
294	[-54.511201334797775, -1]
294	[-54.511201334797775, -1]
294	[-54.511201334797775, -1]
294	[-54.511201334797775, -1]
294	[-54.511201334797775, -1]
294	[-54.511201334797775, -1]
294	[-54.511201334797775, -1]
294	[-54.511201334797775, -1]
294	[-54.511201334797775, -1]
294	[-54.511201334797775, -1]
294	[-54.511201334797775, -1]
294	[-54.511201334797775, -1]
294	[-54.511201334797775, -1]
295	[-69.80379855517548, 0]
295	[-54.511201334797775, -1]
295	[-54.511201334797775, -1]
295	[-54.511201334797775, -1]
295	[-54.511201334797775, -1]
295	[-54.511201334797775, -1]
295	[-54.511201334797775, -1]
295	[-54.511201334797775, -1]
295	[-54.511201334797775, -1]
295	[-54.511201334797775, -1]
295	[-54.511201334797775, -1]
295	[-54.511201334797775, -1]
295	[-54.511201334797775, -1]
295	[-54.511201334797775, -1]
295	[-54.511201334797775, -1]
295	[-54.511201334797775, -1]
295	[-54.511201334797775, -1]
295	[-54.511201334797775, -1]
295	[-54.511201334797775, -1]
295	[-54.511201334797775, -1]
295	[-54.511201334797775, -1]
295	[-54.511201334797775, -1]
295	[-54.511201334797775, -1]
295	[-54.511201334797775, -1]
295	[-54.511201334797775, -1]
295	[-54.511201334797775, -1]
296	[-69.80379855517548, 0]
296	[-54.511201334797775, -1]
296	[-54.511201334797775, -1]
296	[-54.511201334797775, -1]
296	[-54.511201334797775, -1]
296	[-54.511201334797775, -1]
296	[-54.511201334797775, -1]
296	[-54.511201334797775, -1]
296	[-54.511201334797775, -1]
296	[-54.511201334797775, -1]
296	[-54.511201334797775, -1]
296	[-54.511201334797775, -1]
296	[-54.511201334797775, -1]
296	[-54.511201334797775, -1]
296	[-54.511201334797775, -1]
296	[-54.511201334797775, -1]
296	[-54.511201334797775, -1]
296	[-54.511201334797775, -1]
296	[-54.511201334797775, -1]
296	[-54.511201334797775, -1]
296	[-54.511201334797775, -1]
296	[-54.511201334797775, -1]
296	[-54.511201334797775, -1]
296	[-54.511201334797775, -1]
296	[-54.511201334797775, -1]
296	[-54.511201334797775, -1]
296	[-54.511201334797775, -1]
296	[-54.511201334797775, -1]
296	[-54.511201334797775, -1]
297	[-69.80379855517548, 0]
297	[-54.511201334797775, -1]
297	[-54.511201334797775, -1]
297	[-54.511201334797775, -1]
297	[-54.511201334797775, -1]
297	[-54.511201334797775, -1]
297	[-54.511201334797775, -1]
297	[-54.511201334797775, -1]
297	[-54.511201334797775, -1]
297	[-54.511201334797775, -1]
297	[-54.511201334797775, -1]
297	[-54.511201334797775, -1]
297	[-54.511201334797775, -1]
297	[-54.511201334797775, -1]
297	[-54.511201334797775, -1]
297	[-54.511201334797775, -1]
297	[-54.511201334797775, -1]
297	[-54.511201334797775, -1]
297	[-54.511201334797775, -1]
297	[-54.511201334797775, -1]
297	[-54.511201334797775, -1]
297	[-54.511201334797775, -1]
297	[-54.511201334797775, -1]
297	[-54.511201334797775, -1]
297	[-54.511201334797775, -1]
297	[-54.511201334797775, -1]
297	[-54.511201334797775, -1]
297	[-54.511201334797775, -1]
297	[-54.511201334797775, -1]
297	[-54.511201334797775, -1]
297	[-54.511201334797775, -1]
297	[-54.511201334797775, -1]
297	[-54.511201334797775, -1]
297	[-54.511201334797775, -1]
297	[-54.511201334797775, -1]
297	[-54.511201334797775, -1]
298	[-69.80379855517548, 0]
298	[-54.502825127293384, -1]
299	[-69.80379855517548, 0]
299	[-54.502825127293384, -1]
300	[-69.80379855517548, 0]
300	[-54.502825127293384, -1]
300	[-69.80379855517548, 0]
300	[-54.502825127293384, -1]
