Generation:
300

Phenotype:
3
V1 = gm([49.1, 7, 1.9], [48, 2, 4]);
V2 = 4;
V2 = V2 + 3 * gm([13.8, 3, 44], [11, 31.7, 16], [5, 26, 1.1], [6.3, 50.7, 27.7], [43.8, 0.9, 2]);
V3 = 8.7;
V3 = V3 + 2 * gm([2, 19.8, 10.8], [20, 24.2, 2], [49.1, 7, 1.9], [48, 2, 4]);

Pre-processed Program
:C = gm([0.505664, 0.494336], [7, 2], [1.9, 4]);F = 4;F = F;F = F + 3 * gm([0.172716, 0.137672, 0.062578, 0.078849, 0.548185], [3, 31.7, 26, 50.7, 0.9], [44, 16, 1.1, 27.7, 2]);T = 8.7;T = T;T = T + 2 * gm([0.016793, 0.167926, 0.412259, 0.403023], [19.8, 24.2, 7, 2], [10.8, 2, 1.9, 4]);Genotype:
[190, 122, 239, 126, 163, 14, 2, 265, 111, 457, 126, 282, 211, 73, 154, 485, 112, 384, 456, 292, 410, 362, 208, 234, 424, 102, 397, 234, 208, 96, 290, 488, 360, 314, 441, 317, 471, 319, 277, 472, 411, 156, 95, 389, 340, 164, 373, 184, 438, 358, 424, 299, 486, 464, 186, 77, 205, 460, 405, 283, 139, 414, 11, 395, 203, 402, 279, 282, 456, 136, 449, 298, 142, 469, 255, 440, 352, 308, 254, 280, 126, 409, 131, 467, 267, 442, 224, 150, 461, 346, 413, 453, 258, 257, 61, 121, 403, 141, 112, 340, 397]
Tree:
None
Fitness on 5000 data:
-69.78485132062542

Fitness:
[-69.80379855517548, 0]