0	[-256.31254297580375, -1]
1	[-256.31254297580375, -1]
1	[-256.1709433743115, -2]
2	[-256.31254297580375, -1]
2	[-190.1858902476055, -2]
2	[-146.2209456783173, -3]
3	[-2130.544724302472, 0]
3	[-144.00877684559686, -1]
3	[-139.16897687033187, -3]
4	[-2130.1466470658925, 0]
4	[-144.00877684559686, -1]
4	[-139.16897687033187, -3]
5	[-2130.1466470658925, 0]
5	[-144.00877684559686, -1]
5	[-141.10454491649935, -2]
5	[-134.4561544974469, -3]
6	[-171.77456017661535, 0]
6	[-139.0101362745403, -1]
6	[-128.11343282100412, -3]
7	[-168.7268760890728, 0]
7	[-136.6363095880585, -1]
7	[-130.92595653463056, -2]
7	[-128.11343282100412, -3]
8	[-152.61930091899046, 0]
8	[-136.6363095880585, -1]
8	[-130.92595653463056, -2]
8	[-128.11343282100412, -3]
9	[-152.61543656468157, 0]
9	[-136.6363095880585, -1]
9	[-123.19023136170513, -2]
10	[-151.61880880498202, 0]
10	[-136.6363095880585, -1]
10	[-123.19023136170513, -2]
11	[-151.61880880498202, 0]
11	[-120.20646940207448, -1]
12	[-147.36721757272167, 0]
12	[-120.20646940207448, -1]
13	[-134.6134642193037, 0]
13	[-120.20646940207448, -1]
14	[-134.6134642193037, 0]
14	[-120.20646940207448, -1]
15	[-134.6134642193037, 0]
15	[-120.20646940207448, -1]
16	[-134.6134642193037, 0]
16	[-120.20646940207448, -1]
17	[-134.6134642193037, 0]
17	[-120.20646940207448, -1]
18	[-134.6134642193037, 0]
18	[-120.20646940207448, -1]
19	[-125.70173025779191, 0]
19	[-120.20646940207448, -1]
20	[-125.45231220400957, 0]
20	[-120.20646940207448, -1]
21	[-123.27246563898126, 0]
21	[-117.77370458319363, -1]
22	[-123.27246563898126, 0]
22	[-117.77370458319363, -1]
23	[-123.27246563898126, 0]
23	[-117.77370458319363, -1]
23	[-117.77370458319363, -1]
24	[-123.0095382328168, 0]
24	[-117.77370458319363, -1]
24	[-117.77370458319363, -1]
25	[-123.0095382328168, 0]
25	[-117.74821052820296, -1]
26	[-123.0095382328168, 0]
26	[-117.74821052820296, -1]
27	[-123.0095382328168, 0]
27	[-117.31009683007134, -1]
28	[-119.23402200197148, 0]
28	[-116.78886177014769, -1]
29	[-119.23402200197148, 0]
29	[-116.78886177014769, -1]
29	[-115.53379280175862, -2]
30	[-119.23402200197148, 0]
30	[-116.78886177014769, -1]
30	[-115.53379280175862, -2]
31	[-117.68646380312833, 0]
31	[-116.78886177014769, -1]
31	[-115.53379280175862, -2]
32	[-117.68646380312833, 0]
32	[-116.78886177014769, -1]
32	[-115.53379280175862, -2]
33	[-117.68646380312833, 0]
33	[-116.78886177014769, -1]
33	[-115.53379280175862, -2]
34	[-115.35335217738258, 0]
34	[-113.17654719356861, -1]
35	[-115.35335217738258, 0]
35	[-113.17654719356861, -1]
36	[-109.35570625360417, 0]
37	[-109.35570625360417, 0]
38	[-109.35570625360417, 0]
39	[-109.35570625360417, 0]
40	[-109.35570625360417, 0]
40	[-103.8573244593994, -1]
41	[-109.35570625360417, 0]
41	[-103.8573244593994, -1]
42	[-109.35570625360417, 0]
42	[-103.8573244593994, -1]
43	[-109.35570625360417, 0]
43	[-102.84544594348874, -1]
44	[-109.35570625360417, 0]
44	[-102.84544594348874, -1]
45	[-103.63586672727669, 0]
45	[-102.84544594348874, -1]
46	[-103.63586672727669, 0]
46	[-102.84544594348874, -1]
47	[-103.63586672727669, 0]
47	[-102.84544594348874, -1]
47	[-101.20185229549759, -2]
48	[-103.63586672727669, 0]
48	[-102.83481489469268, -1]
48	[-101.20185229549759, -2]
49	[-102.4810844340819, 0]
49	[-101.20185229549759, -2]
50	[-102.4810844340819, 0]
50	[-101.18754053167055, -1]
50	[-100.75125345256794, -2]
51	[-102.4810844340819, 0]
51	[-101.18754053167055, -1]
51	[-100.75125345256794, -2]
52	[-102.4810844340819, 0]
52	[-101.18754053167055, -1]
52	[-100.75125345256794, -2]
53	[-102.4810844340819, 0]
53	[-102.4810844340819, 0]
53	[-101.18754053167055, -1]
53	[-100.75125345256794, -2]
54	[-102.4810844340819, 0]
54	[-102.4810844340819, 0]
54	[-101.18754053167055, -1]
54	[-100.75125345256794, -2]
55	[-102.09426840334254, 0]
55	[-101.18754053167055, -1]
55	[-100.75125345256794, -2]
56	[-102.09426840334254, 0]
56	[-101.18754053167055, -1]
56	[-100.75125345256794, -2]
57	[-102.09426840334254, 0]
57	[-101.18754053167055, -1]
57	[-100.75125345256794, -2]
58	[-102.09426840334254, 0]
58	[-101.18754053167055, -1]
58	[-100.75125345256794, -2]
59	[-102.09426840334254, 0]
59	[-101.18754053167055, -1]
59	[-100.75125345256794, -2]
60	[-102.09426840334254, 0]
60	[-101.18754053167055, -1]
60	[-100.75125345256794, -2]
61	[-102.09426840334254, 0]
61	[-101.18754053167055, -1]
61	[-100.75125345256794, -2]
62	[-101.98671498309898, 0]
62	[-101.18754053167055, -1]
62	[-100.75125345256794, -2]
63	[-101.98671498309898, 0]
63	[-101.18754053167055, -1]
63	[-100.75125345256794, -2]
64	[-101.98671498309898, 0]
64	[-101.18754053167055, -1]
64	[-100.75125345256794, -2]
65	[-101.98671498309898, 0]
65	[-101.18754053167055, -1]
65	[-100.75125345256794, -2]
66	[-101.98671498309898, 0]
66	[-101.18754053167055, -1]
66	[-100.75125345256794, -2]
67	[-101.6427767172318, 0]
67	[-101.18754053167055, -1]
67	[-100.75125345256794, -2]
68	[-101.6427767172318, 0]
68	[-99.93153792591426, -1]
69	[-101.6427767172318, 0]
69	[-99.93153792591426, -1]
70	[-101.6427767172318, 0]
70	[-99.93153792591426, -1]
71	[-101.6427767172318, 0]
71	[-99.93153792591426, -1]
72	[-101.6427767172318, 0]
72	[-99.93153792591426, -1]
72	[-99.93153792591426, -1]
73	[-101.59740710081829, 0]
73	[-99.93153792591426, -1]
73	[-99.93153792591426, -1]
74	[-101.11542591965926, 0]
74	[-99.93153792591426, -1]
74	[-99.93153792591426, -1]
75	[-101.11542591965926, 0]
75	[-99.7480562454085, -1]
76	[-101.11542591965926, 0]
76	[-99.7480562454085, -1]
76	[-99.49305114312651, -2]
77	[-101.11542591965926, 0]
77	[-99.7480562454085, -1]
77	[-96.89332966328298, -2]
78	[-101.11542591965926, 0]
78	[-99.7480562454085, -1]
78	[-96.89332966328298, -2]
79	[-101.11542591965926, 0]
79	[-99.7480562454085, -1]
79	[-96.89332966328298, -2]
80	[-101.10702786847098, 0]
80	[-99.7480562454085, -1]
80	[-96.89332966328298, -2]
81	[-101.10702786847098, 0]
81	[-99.7480562454085, -1]
81	[-96.89332966328298, -2]
82	[-101.10702786847098, 0]
82	[-99.74020927397878, -1]
82	[-96.89332966328298, -2]
83	[-101.10702786847098, 0]
83	[-99.74020927397878, -1]
83	[-96.89332966328298, -2]
83	[-96.89332966328298, -2]
84	[-101.10702786847098, 0]
84	[-101.10702786847098, 0]
84	[-99.74020927397878, -1]
84	[-96.68146115942196, -2]
85	[-101.01131079786333, 0]
85	[-99.74020927397878, -1]
85	[-96.67121197103792, -2]
86	[-101.01131079786333, 0]
86	[-99.71215274163313, -1]
86	[-96.67121197103792, -2]
87	[-101.01131079786333, 0]
87	[-99.71215274163313, -1]
87	[-96.67121197103792, -2]
88	[-101.01131079786333, 0]
88	[-99.71215274163313, -1]
88	[-99.71215274163313, -1]
88	[-96.46084332497276, -2]
89	[-101.01131079786333, 0]
89	[-99.70918465450193, -1]
89	[-96.46084332497276, -2]
90	[-101.01131079786333, 0]
90	[-99.70918465450193, -1]
90	[-96.14939043184823, -2]
91	[-101.01131079786333, 0]
91	[-99.70918465450193, -1]
91	[-96.14939043184823, -2]
92	[-101.01131079786333, 0]
92	[-99.70918465450193, -1]
92	[-94.11408507347059, -2]
93	[-101.01131079786333, 0]
93	[-99.70918465450193, -1]
93	[-94.11408507347059, -2]
94	[-101.01131079786333, 0]
94	[-99.5012378130795, -1]
94	[-94.11408507347059, -2]
95	[-101.01131079786333, 0]
95	[-99.48950684836167, -1]
95	[-94.11408507347059, -2]
96	[-101.01131079786333, 0]
96	[-99.48950684836167, -1]
96	[-94.11408507347059, -2]
97	[-101.01131079786333, 0]
97	[-98.07603029754289, -1]
97	[-94.09128844910842, -2]
98	[-101.01131079786333, 0]
98	[-98.07603029754289, -1]
98	[-94.09128844910842, -2]
99	[-101.01131079786333, 0]
99	[-98.07603029754289, -1]
99	[-94.09128844910842, -2]
100	[-101.01131079786333, 0]
100	[-98.07265108943817, -1]
100	[-94.09128844910842, -2]
101	[-100.68317832131774, 0]
101	[-98.07265108943817, -1]
101	[-94.09128844910842, -2]
102	[-100.68317832131774, 0]
102	[-98.07265108943817, -1]
102	[-94.09128844910842, -2]
103	[-100.68317832131774, 0]
103	[-98.0634722980516, -1]
103	[-94.09128844910842, -2]
104	[-100.54854718337488, 0]
104	[-98.0634722980516, -1]
104	[-98.0634722980516, -1]
104	[-94.09128844910842, -2]
105	[-100.54854718337488, 0]
105	[-98.0634722980516, -1]
105	[-98.0634722980516, -1]
105	[-94.09128844910842, -2]
106	[-100.54854718337488, 0]
106	[-98.0634722980516, -1]
106	[-98.0634722980516, -1]
106	[-94.0887916670636, -2]
107	[-100.54854718337488, 0]
107	[-97.84710298044853, -1]
107	[-94.06873699916743, -2]
108	[-100.54854718337488, 0]
108	[-95.76901434738262, -1]
108	[-93.96086857313809, -2]
109	[-100.54854718337488, 0]
109	[-100.54854718337488, 0]
109	[-95.76901434738262, -1]
109	[-93.96086857313809, -2]
110	[-100.54854718337488, 0]
110	[-100.54854718337488, 0]
110	[-95.75678781548456, -1]
110	[-93.96086857313809, -2]
111	[-100.54854718337488, 0]
111	[-100.54854718337488, 0]
111	[-95.75678781548456, -1]
111	[-93.96086857313809, -2]
112	[-100.54854718337488, 0]
112	[-100.54854718337488, 0]
112	[-95.75678781548456, -1]
112	[-93.96086857313809, -2]
113	[-100.54854718337488, 0]
113	[-100.54854718337488, 0]
113	[-95.75678781548456, -1]
113	[-93.96086857313809, -2]
114	[-100.54854718337488, 0]
114	[-100.54854718337488, 0]
114	[-95.75678781548456, -1]
114	[-93.80157572391268, -2]
115	[-100.54854718337488, 0]
115	[-100.54854718337488, 0]
115	[-95.75678781548456, -1]
115	[-93.80157572391268, -2]
116	[-100.54854718337488, 0]
116	[-100.54854718337488, 0]
116	[-95.75678781548456, -1]
116	[-93.80157572391268, -2]
117	[-100.51350840531104, 0]
117	[-95.75678781548456, -1]
117	[-93.80157572391268, -2]
118	[-100.51350840531104, 0]
118	[-95.75678781548456, -1]
118	[-93.45490250323802, -2]
119	[-100.51350840531104, 0]
119	[-95.75678781548456, -1]
119	[-93.45490250323802, -2]
120	[-100.51350840531104, 0]
120	[-95.75678781548456, -1]
120	[-93.45490250323802, -2]
121	[-100.51350840531104, 0]
121	[-95.75678781548456, -1]
121	[-93.45490250323802, -2]
121	[-91.61231570241023, -3]
122	[-100.51350840531104, 0]
122	[-94.51565318055285, -1]
122	[-93.45490250323802, -2]
122	[-91.61231570241023, -3]
123	[-100.51350840531104, 0]
123	[-94.51565318055285, -1]
123	[-94.51565318055285, -1]
123	[-93.45490250323802, -2]
123	[-91.61231570241023, -3]
124	[-100.51350840531104, 0]
124	[-94.51565318055285, -1]
124	[-94.51565318055285, -1]
124	[-93.45490250323802, -2]
124	[-91.61231570241023, -3]
125	[-100.51350840531104, 0]
125	[-94.51565318055285, -1]
125	[-94.51565318055285, -1]
125	[-93.45490250323802, -2]
125	[-91.61231570241023, -3]
126	[-100.51350840531104, 0]
126	[-94.51565318055285, -1]
126	[-94.51565318055285, -1]
126	[-93.45490250323802, -2]
126	[-91.61231570241023, -3]
127	[-100.51350840531104, 0]
127	[-94.51565318055285, -1]
127	[-94.51565318055285, -1]
127	[-93.45490250323802, -2]
127	[-91.61231570241023, -3]
128	[-100.51350840531104, 0]
128	[-94.21630136448628, -1]
128	[-93.45490250323802, -2]
128	[-91.5325503527321, -3]
129	[-100.51350840531104, 0]
129	[-94.21630136448628, -1]
129	[-93.45490250323802, -2]
129	[-91.5325503527321, -3]
130	[-100.51350840531104, 0]
130	[-94.21630136448628, -1]
130	[-93.45490250323802, -2]
130	[-91.5325503527321, -3]
131	[-100.51350840531104, 0]
131	[-94.21630136448628, -1]
131	[-93.45490250323802, -2]
131	[-91.5325503527321, -3]
132	[-100.51350840531104, 0]
132	[-91.2108901204314, -1]
133	[-100.51350840531104, 0]
133	[-90.18413452195088, -1]
134	[-100.51350840531104, 0]
134	[-90.14877838469968, -1]
135	[-100.51350840531104, 0]
135	[-90.14877838469968, -1]
136	[-100.51350840531104, 0]
136	[-90.14877838469968, -1]
137	[-100.51350840531104, 0]
137	[-90.14877838469968, -1]
138	[-100.51350840531104, 0]
138	[-90.14877838469968, -1]
139	[-100.51350840531104, 0]
139	[-90.14877838469968, -1]
140	[-100.47569565996315, 0]
140	[-90.14877838469968, -1]
141	[-100.14658372387981, 0]
141	[-90.14877838469968, -1]
142	[-100.14658372387981, 0]
142	[-90.14877838469968, -1]
143	[-100.14658372387981, 0]
143	[-90.14877838469968, -1]
144	[-100.14658372387981, 0]
144	[-90.14877838469968, -1]
145	[-100.14658372387981, 0]
145	[-90.14877838469968, -1]
146	[-100.14658372387981, 0]
146	[-100.14658372387981, 0]
146	[-90.14877838469968, -1]
147	[-100.14658372387981, 0]
147	[-100.14658372387981, 0]
147	[-90.14877838469968, -1]
148	[-100.14658372387981, 0]
148	[-100.14658372387981, 0]
148	[-90.11913568792637, -1]
149	[-100.14658372387981, 0]
149	[-100.14658372387981, 0]
149	[-90.11913568792637, -1]
150	[-100.14658372387981, 0]
150	[-100.14658372387981, 0]
150	[-90.11913568792637, -1]
151	[-100.14658372387981, 0]
151	[-100.14658372387981, 0]
151	[-90.11689185612404, -1]
152	[-100.14477694057624, 0]
152	[-90.11689185612404, -1]
153	[-100.14477694057624, 0]
153	[-90.09297781300599, -1]
154	[-100.14477694057624, 0]
154	[-90.09297781300599, -1]
155	[-100.14477694057624, 0]
155	[-90.09297781300599, -1]
156	[-100.14477694057624, 0]
156	[-90.09297781300599, -1]
157	[-100.14477694057624, 0]
157	[-90.09297781300599, -1]
158	[-100.14477694057624, 0]
158	[-90.09297781300599, -1]
159	[-100.14477694057624, 0]
159	[-89.93981994902225, -1]
160	[-100.14477694057624, 0]
160	[-89.93981994902225, -1]
161	[-100.14477694057624, 0]
161	[-89.93981994902225, -1]
162	[-100.14477694057624, 0]
162	[-89.93981994902225, -1]
162	[-85.40878995838, -2]
163	[-100.14477694057624, 0]
163	[-89.93981994902225, -1]
163	[-85.40878995838, -2]
164	[-100.14477694057624, 0]
164	[-89.93981994902225, -1]
164	[-85.32910872697417, -2]
165	[-100.12713311684273, 0]
165	[-89.93981994902225, -1]
165	[-85.13814958052063, -2]
166	[-100.12713311684273, 0]
166	[-88.35590468470458, -1]
166	[-85.13814958052063, -2]
167	[-100.12713311684273, 0]
167	[-88.35590468470458, -1]
167	[-85.13814958052063, -2]
167	[-85.13814958052063, -2]
168	[-100.12713311684273, 0]
168	[-100.12713311684273, 0]
168	[-88.35590468470458, -1]
168	[-85.13814958052063, -2]
168	[-85.13814958052063, -2]
169	[-100.12713311684273, 0]
169	[-100.12713311684273, 0]
169	[-88.35590468470458, -1]
169	[-85.13814958052063, -2]
169	[-85.13814958052063, -2]
170	[-100.04496557637056, 0]
170	[-88.35590468470458, -1]
170	[-85.13814958052063, -2]
170	[-85.13814958052063, -2]
171	[-100.04496557637056, 0]
171	[-88.35590468470458, -1]
171	[-85.13814958052063, -2]
171	[-85.13814958052063, -2]
172	[-100.04496557637056, 0]
172	[-88.35590468470458, -1]
172	[-85.13814958052063, -2]
172	[-85.13814958052063, -2]
173	[-100.04496557637056, 0]
173	[-100.04496557637056, 0]
173	[-88.07927157191348, -1]
173	[-85.13814958052063, -2]
173	[-85.13814958052063, -2]
174	[-100.04496557637056, 0]
174	[-100.04496557637056, 0]
174	[-88.07927157191348, -1]
174	[-83.57407319231312, -2]
175	[-100.04496557637056, 0]
175	[-100.04496557637056, 0]
175	[-88.07927157191348, -1]
175	[-83.53229142271428, -2]
176	[-100.04496557637056, 0]
176	[-100.04496557637056, 0]
176	[-88.07927157191348, -1]
176	[-83.53229142271428, -2]
177	[-100.04496557637056, 0]
177	[-100.04496557637056, 0]
177	[-100.04496557637056, 0]
177	[-86.9951487899459, -1]
177	[-83.53229142271428, -2]
178	[-99.61101094063775, 0]
178	[-86.9951487899459, -1]
178	[-83.53229142271428, -2]
179	[-99.61101094063775, 0]
179	[-86.9951487899459, -1]
179	[-83.53229142271428, -2]
180	[-99.61101094063775, 0]
180	[-86.9951487899459, -1]
180	[-83.50998043101063, -2]
181	[-98.4731198244654, 0]
181	[-86.9749636426741, -1]
181	[-83.50998043101063, -2]
181	[-83.50998043101063, -2]
182	[-98.4731198244654, 0]
182	[-86.9749636426741, -1]
182	[-83.50998043101063, -2]
182	[-83.50998043101063, -2]
183	[-98.4731198244654, 0]
183	[-86.9749636426741, -1]
183	[-83.50998043101063, -2]
183	[-83.50998043101063, -2]
184	[-98.3988236090212, 0]
184	[-86.9749636426741, -1]
184	[-83.50998043101063, -2]
184	[-83.50998043101063, -2]
185	[-98.3988236090212, 0]
185	[-86.9749636426741, -1]
185	[-83.34057218462269, -2]
186	[-98.3988236090212, 0]
186	[-86.9749636426741, -1]
186	[-83.02006373429198, -2]
187	[-98.3988236090212, 0]
187	[-86.9749636426741, -1]
187	[-83.02006373429198, -2]
188	[-98.3988236090212, 0]
188	[-86.9749636426741, -1]
188	[-86.9749636426741, -1]
188	[-83.02006373429198, -2]
189	[-98.3988236090212, 0]
189	[-86.9749636426741, -1]
189	[-86.9749636426741, -1]
189	[-83.02006373429198, -2]
190	[-98.3988236090212, 0]
190	[-86.9749636426741, -1]
190	[-86.9749636426741, -1]
190	[-83.02006373429198, -2]
191	[-98.3988236090212, 0]
191	[-86.97312842913091, -1]
191	[-83.02006373429198, -2]
192	[-98.3988236090212, 0]
192	[-86.97312842913091, -1]
192	[-83.02006373429198, -2]
193	[-98.3988236090212, 0]
193	[-86.7389934693651, -1]
193	[-83.02006373429198, -2]
194	[-98.3988236090212, 0]
194	[-86.7389934693651, -1]
194	[-82.94303472881617, -2]
195	[-98.3988236090212, 0]
195	[-86.7389934693651, -1]
195	[-82.94303472881617, -2]
196	[-98.3988236090212, 0]
196	[-86.7389934693651, -1]
196	[-82.94303472881617, -2]
197	[-98.3988236090212, 0]
197	[-86.7389934693651, -1]
197	[-82.94303472881617, -2]
198	[-98.3988236090212, 0]
198	[-86.72725340550294, -1]
198	[-82.94303472881617, -2]
199	[-98.3988236090212, 0]
199	[-86.72725340550294, -1]
199	[-82.94303472881617, -2]
200	[-96.67593822054054, 0]
200	[-84.18388626832245, -1]
200	[-82.94303472881617, -2]
201	[-96.67593822054054, 0]
201	[-84.18388626832245, -1]
201	[-82.94303472881617, -2]
202	[-96.67593822054054, 0]
202	[-84.18388626832245, -1]
202	[-82.94303472881617, -2]
203	[-96.67593822054054, 0]
203	[-84.18388626832245, -1]
203	[-82.94303472881617, -2]
204	[-96.67593822054054, 0]
204	[-84.18388626832245, -1]
204	[-82.94303472881617, -2]
205	[-96.67593822054054, 0]
205	[-84.18388626832245, -1]
205	[-82.94303472881617, -2]
206	[-96.67593822054054, 0]
206	[-84.18388626832245, -1]
206	[-82.94303472881617, -2]
207	[-96.67593822054054, 0]
207	[-84.18388626832245, -1]
207	[-82.94303472881617, -2]
208	[-96.67593822054054, 0]
208	[-84.18388626832245, -1]
208	[-82.94303472881617, -2]
209	[-96.67593822054054, 0]
209	[-84.18388626832245, -1]
209	[-82.94303472881617, -2]
210	[-96.67593822054054, 0]
210	[-84.18388626832245, -1]
210	[-82.94303472881617, -2]
211	[-96.13276974459788, 0]
211	[-84.18388626832245, -1]
211	[-82.94303472881617, -2]
212	[-96.13276974459788, 0]
212	[-96.13276974459788, 0]
212	[-84.18388626832245, -1]
212	[-82.9400737597809, -2]
213	[-96.13276974459788, 0]
213	[-96.13276974459788, 0]
213	[-84.18388626832245, -1]
213	[-82.9400737597809, -2]
214	[-96.13276974459788, 0]
214	[-96.13276974459788, 0]
214	[-84.18388626832245, -1]
214	[-82.9400737597809, -2]
215	[-96.1192294640025, 0]
215	[-84.18388626832245, -1]
215	[-82.65683599496862, -2]
216	[-96.1192294640025, 0]
216	[-84.18388626832245, -1]
216	[-82.65683599496862, -2]
217	[-96.0884876028341, 0]
217	[-84.18388626832245, -1]
217	[-82.65683599496862, -2]
218	[-96.0884876028341, 0]
218	[-84.18388626832245, -1]
218	[-82.65683599496862, -2]
219	[-96.0884876028341, 0]
219	[-84.18388626832245, -1]
219	[-82.65683599496862, -2]
219	[-82.65683599496862, -2]
220	[-96.08600440380235, 0]
220	[-84.18388626832245, -1]
220	[-82.65683599496862, -2]
220	[-82.65683599496862, -2]
221	[-96.08600440380235, 0]
221	[-84.08185068052242, -1]
221	[-82.65683599496862, -2]
221	[-82.65683599496862, -2]
222	[-96.08600440380235, 0]
222	[-84.08185068052242, -1]
222	[-84.08185068052242, -1]
222	[-82.65683599496862, -2]
222	[-82.65683599496862, -2]
223	[-96.07481930728802, 0]
223	[-84.08185068052242, -1]
223	[-84.08185068052242, -1]
223	[-80.68467308868311, -2]
224	[-96.07481930728802, 0]
224	[-84.08185068052242, -1]
224	[-84.08185068052242, -1]
224	[-80.68467308868311, -2]
225	[-96.07481930728802, 0]
225	[-84.08185068052242, -1]
225	[-84.08185068052242, -1]
225	[-80.68467308868311, -2]
226	[-96.07481930728802, 0]
226	[-84.06342946111361, -1]
226	[-80.68467308868311, -2]
227	[-96.07481930728802, 0]
227	[-84.06342946111361, -1]
227	[-80.47186751494091, -2]
228	[-96.07481930728802, 0]
228	[-84.06342946111361, -1]
228	[-84.06342946111361, -1]
228	[-84.06342946111361, -1]
228	[-80.47186751494091, -2]
229	[-96.07481930728802, 0]
229	[-84.06342946111361, -1]
229	[-84.06342946111361, -1]
229	[-84.06342946111361, -1]
229	[-80.47186751494091, -2]
230	[-96.07481930728802, 0]
230	[-84.0492997371735, -1]
230	[-80.47186751494091, -2]
231	[-95.88011508906946, 0]
231	[-84.0492997371735, -1]
231	[-80.47186751494091, -2]
232	[-95.88011508906946, 0]
232	[-84.0492997371735, -1]
232	[-80.47186751494091, -2]
233	[-95.88011508906946, 0]
233	[-84.0492997371735, -1]
233	[-80.30737566660625, -2]
234	[-95.88011508906946, 0]
234	[-84.0492997371735, -1]
234	[-80.30737566660625, -2]
235	[-95.88011508906946, 0]
235	[-84.0492997371735, -1]
235	[-80.30737566660625, -2]
236	[-95.88011508906946, 0]
236	[-83.80096397950425, -1]
236	[-80.30737566660625, -2]
237	[-95.88011508906946, 0]
237	[-83.80096397950425, -1]
237	[-80.30737566660625, -2]
238	[-95.88011508906946, 0]
238	[-83.80096397950425, -1]
238	[-80.30737566660625, -2]
239	[-95.88011508906946, 0]
239	[-83.80096397950425, -1]
239	[-79.08303585964863, -2]
240	[-95.88011508906946, 0]
240	[-83.80096397950425, -1]
240	[-79.08303585964863, -2]
240	[-79.08303585964863, -2]
241	[-95.88011508906946, 0]
241	[-83.80096397950425, -1]
241	[-83.80096397950425, -1]
241	[-78.63524464033934, -2]
242	[-95.88011508906946, 0]
242	[-83.80096397950425, -1]
242	[-83.80096397950425, -1]
242	[-78.63524464033934, -2]
243	[-95.88011508906946, 0]
243	[-83.80096397950425, -1]
243	[-83.80096397950425, -1]
243	[-78.63524464033934, -2]
244	[-95.88011508906946, 0]
244	[-83.76740391008636, -1]
244	[-78.63524464033934, -2]
245	[-95.88011508906946, 0]
245	[-83.76740391008636, -1]
245	[-78.63524464033934, -2]
246	[-95.88011508906946, 0]
246	[-83.76740391008636, -1]
246	[-78.63524464033934, -2]
247	[-95.88011508906946, 0]
247	[-83.76740391008636, -1]
247	[-78.63524464033934, -2]
248	[-95.88011508906946, 0]
248	[-83.76740391008636, -1]
248	[-78.63524464033934, -2]
248	[-78.63524464033934, -2]
249	[-95.88011508906946, 0]
249	[-83.76740391008636, -1]
249	[-78.63524464033934, -2]
249	[-78.63524464033934, -2]
250	[-95.88011508906946, 0]
250	[-83.76740391008636, -1]
250	[-78.63524464033934, -2]
250	[-78.63524464033934, -2]
251	[-95.88011508906946, 0]
251	[-83.76740391008636, -1]
251	[-77.71787262993553, -2]
252	[-95.88011508906946, 0]
252	[-83.76740391008636, -1]
252	[-77.71787262993553, -2]
253	[-95.88011508906946, 0]
253	[-83.76740391008636, -1]
253	[-77.71787262993553, -2]
254	[-95.88011508906946, 0]
254	[-83.76740391008636, -1]
254	[-77.43113989714108, -2]
255	[-95.88011508906946, 0]
255	[-83.76740391008636, -1]
255	[-77.43113989714108, -2]
256	[-95.88011508906946, 0]
256	[-83.76740391008636, -1]
256	[-77.43113989714108, -2]
257	[-95.88011508906946, 0]
257	[-83.76740391008636, -1]
257	[-77.43113989714108, -2]
258	[-95.88011508906946, 0]
258	[-83.76740391008636, -1]
258	[-77.43113989714108, -2]
259	[-95.88011508906946, 0]
259	[-83.76740391008636, -1]
259	[-77.43113989714108, -2]
260	[-95.88011508906946, 0]
260	[-83.76740391008636, -1]
260	[-77.43113989714108, -2]
261	[-95.88011508906946, 0]
261	[-83.76740391008636, -1]
261	[-83.76740391008636, -1]
261	[-77.43113989714108, -2]
262	[-95.88011508906946, 0]
262	[-83.76740391008636, -1]
262	[-83.76740391008636, -1]
262	[-77.43113989714108, -2]
263	[-95.80402700494878, 0]
263	[-83.76740391008636, -1]
263	[-83.76740391008636, -1]
263	[-77.43113989714108, -2]
263	[-77.43113989714108, -2]
264	[-95.80402700494878, 0]
264	[-83.76740391008636, -1]
264	[-83.76740391008636, -1]
264	[-77.43113989714108, -2]
264	[-77.43113989714108, -2]
265	[-95.80402700494878, 0]
265	[-83.76740391008636, -1]
265	[-83.76740391008636, -1]
265	[-77.43113989714108, -2]
265	[-77.43113989714108, -2]
266	[-95.80402700494878, 0]
266	[-83.76740391008636, -1]
266	[-83.76740391008636, -1]
266	[-77.43113989714108, -2]
266	[-77.43113989714108, -2]
267	[-95.80402700494878, 0]
267	[-83.76740391008636, -1]
267	[-83.76740391008636, -1]
267	[-83.76740391008636, -1]
267	[-77.43113989714108, -2]
267	[-77.43113989714108, -2]
267	[-77.43113989714108, -2]
268	[-95.80402700494878, 0]
268	[-83.76740391008636, -1]
268	[-83.76740391008636, -1]
268	[-83.76740391008636, -1]
268	[-77.43113989714108, -2]
268	[-77.43113989714108, -2]
268	[-77.43113989714108, -2]
269	[-95.80402700494878, 0]
269	[-83.76740391008636, -1]
269	[-83.76740391008636, -1]
269	[-83.76740391008636, -1]
269	[-77.43113989714108, -2]
269	[-77.43113989714108, -2]
269	[-77.43113989714108, -2]
270	[-95.80402700494878, 0]
270	[-83.76740391008636, -1]
270	[-83.76740391008636, -1]
270	[-83.76740391008636, -1]
270	[-77.43113989714108, -2]
270	[-77.43113989714108, -2]
270	[-77.43113989714108, -2]
271	[-95.80402700494878, 0]
271	[-83.76740391008636, -1]
271	[-83.76740391008636, -1]
271	[-83.76740391008636, -1]
271	[-83.76740391008636, -1]
271	[-77.43113989714108, -2]
271	[-77.43113989714108, -2]
271	[-77.43113989714108, -2]
272	[-95.80402700494878, 0]
272	[-83.76740391008636, -1]
272	[-83.76740391008636, -1]
272	[-83.76740391008636, -1]
272	[-83.76740391008636, -1]
272	[-77.43113989714108, -2]
272	[-77.43113989714108, -2]
272	[-77.43113989714108, -2]
273	[-95.80402700494878, 0]
273	[-83.76740391008636, -1]
273	[-83.76740391008636, -1]
273	[-83.76740391008636, -1]
273	[-83.76740391008636, -1]
273	[-77.43113989714108, -2]
273	[-77.43113989714108, -2]
273	[-77.43113989714108, -2]
274	[-95.80402700494878, 0]
274	[-83.76628752184183, -1]
274	[-77.43113989714108, -2]
274	[-77.43113989714108, -2]
274	[-77.43113989714108, -2]
275	[-95.80402700494878, 0]
275	[-95.80402700494878, 0]
275	[-83.76628752184183, -1]
275	[-77.32909513504528, -2]
276	[-95.80402700494878, 0]
276	[-95.80402700494878, 0]
276	[-83.76628752184183, -1]
276	[-77.32909513504528, -2]
277	[-95.80402700494878, 0]
277	[-95.80402700494878, 0]
277	[-83.76628752184183, -1]
277	[-77.32909513504528, -2]
278	[-95.80402700494878, 0]
278	[-95.80402700494878, 0]
278	[-83.76628752184183, -1]
278	[-77.32909513504528, -2]
279	[-95.80402700494878, 0]
279	[-95.80402700494878, 0]
279	[-83.76024316361915, -1]
279	[-77.32909513504528, -2]
280	[-95.80402700494878, 0]
280	[-95.80402700494878, 0]
280	[-83.76024316361915, -1]
280	[-77.32909513504528, -2]
281	[-95.80402700494878, 0]
281	[-95.80402700494878, 0]
281	[-83.76024316361915, -1]
281	[-77.32909513504528, -2]
282	[-95.80402700494878, 0]
282	[-95.80402700494878, 0]
282	[-83.76024316361915, -1]
282	[-77.32909513504528, -2]
283	[-95.80402700494878, 0]
283	[-95.80402700494878, 0]
283	[-83.76024316361915, -1]
283	[-77.32909513504528, -2]
284	[-95.80402700494878, 0]
284	[-95.80402700494878, 0]
284	[-83.76024316361915, -1]
284	[-77.32753378237837, -2]
285	[-95.80402700494878, 0]
285	[-95.80402700494878, 0]
285	[-83.76024316361915, -1]
285	[-77.32753378237837, -2]
286	[-95.80402700494878, 0]
286	[-95.80402700494878, 0]
286	[-83.76024316361915, -1]
286	[-74.88589281565939, -2]
287	[-95.80402700494878, 0]
287	[-95.80402700494878, 0]
287	[-83.76024316361915, -1]
287	[-74.88589281565939, -2]
288	[-95.80402700494878, 0]
288	[-95.80402700494878, 0]
288	[-83.76024316361915, -1]
288	[-74.88589281565939, -2]
289	[-95.80402700494878, 0]
289	[-95.80402700494878, 0]
289	[-83.76024316361915, -1]
289	[-74.88589281565939, -2]
290	[-95.80402700494878, 0]
290	[-95.80402700494878, 0]
290	[-83.76024316361915, -1]
290	[-74.88589281565939, -2]
290	[-74.88589281565939, -2]
291	[-95.80402700494878, 0]
291	[-95.80402700494878, 0]
291	[-83.76024316361915, -1]
291	[-74.88589281565939, -2]
291	[-74.88589281565939, -2]
292	[-95.80402700494878, 0]
292	[-95.80402700494878, 0]
292	[-83.76024316361915, -1]
292	[-74.88589281565939, -2]
292	[-74.88589281565939, -2]
293	[-95.80402700494878, 0]
293	[-95.80402700494878, 0]
293	[-83.76024316361915, -1]
293	[-74.88589281565939, -2]
293	[-74.88589281565939, -2]
294	[-95.80402700494878, 0]
294	[-95.80402700494878, 0]
294	[-83.76024316361915, -1]
294	[-83.76024316361915, -1]
294	[-74.88589281565939, -2]
294	[-74.88589281565939, -2]
295	[-95.80402700494878, 0]
295	[-95.80402700494878, 0]
295	[-83.76024316361915, -1]
295	[-83.76024316361915, -1]
295	[-74.86308806658631, -2]
296	[-95.80402700494878, 0]
296	[-95.80402700494878, 0]
296	[-83.76024316361915, -1]
296	[-83.76024316361915, -1]
296	[-74.86308806658631, -2]
297	[-95.80402700494878, 0]
297	[-95.80402700494878, 0]
297	[-83.76024316361915, -1]
297	[-83.76024316361915, -1]
297	[-74.86308806658631, -2]
297	[-74.86308806658631, -2]
298	[-95.80402700494878, 0]
298	[-95.80402700494878, 0]
298	[-95.80402700494878, 0]
298	[-83.76024316361915, -1]
298	[-83.76024316361915, -1]
298	[-74.86308806658631, -2]
298	[-74.86308806658631, -2]
299	[-95.80402700494878, 0]
299	[-95.80402700494878, 0]
299	[-95.80402700494878, 0]
299	[-83.76024316361915, -1]
299	[-83.76024316361915, -1]
299	[-74.86308806658631, -2]
299	[-74.86308806658631, -2]
300	[-95.80402700494878, 0]
300	[-95.80402700494878, 0]
300	[-95.80402700494878, 0]
300	[-83.76024316361915, -1]
300	[-83.76024316361915, -1]
300	[-74.86308806658631, -2]
300	[-74.86308806658631, -2]
300	[-95.80402700494878, 0]
300	[-95.80402700494878, 0]
300	[-95.80402700494878, 0]
300	[-83.76024316361915, -1]
300	[-83.76024316361915, -1]
300	[-74.86308806658631, -2]
300	[-74.86308806658631, -2]
