0	[-268.9104278785069, 0]
0	[-165.53805377622766, -2]
1	[-268.9104278785069, 0]
1	[-161.81440067499085, -2]
2	[-266.64918635285306, 0]
2	[-254.88861712865008, -1]
2	[-161.81440067499085, -2]
3	[-266.64918635285306, 0]
3	[-201.28495706779785, -1]
3	[-159.5563619850867, -2]
4	[-266.64918635285306, 0]
4	[-201.28495706779785, -1]
4	[-159.5563619850867, -2]
5	[-156.94792135667564, 0]
6	[-156.94792135667564, 0]
7	[-156.94792135667564, 0]
7	[-152.2432666023647, -1]
8	[-156.94792135667564, 0]
8	[-152.2432666023647, -1]
9	[-151.77611654060442, 0]
9	[-140.93502717806368, -1]
10	[-149.6999127063426, 0]
10	[-140.93502717806368, -1]
11	[-146.51798241979353, 0]
11	[-140.93502717806368, -1]
11	[-125.92525770998617, -2]
12	[-146.51798241979353, 0]
12	[-140.93502717806368, -1]
12	[-125.92525770998617, -2]
13	[-146.51798241979353, 0]
13	[-140.93502717806368, -1]
13	[-125.92525770998617, -2]
14	[-146.51798241979353, 0]
14	[-112.44051582597054, -1]
15	[-136.43491601002552, 0]
15	[-112.44051582597054, -1]
16	[-132.41412959169546, 0]
16	[-112.44051582597054, -1]
17	[-132.41412959169546, 0]
17	[-112.15660086375738, -1]
18	[-132.38101698105424, 0]
18	[-112.15660086375738, -1]
19	[-126.52614437447836, 0]
19	[-110.91260911859654, -1]
20	[-126.52614437447836, 0]
20	[-126.52614437447836, 0]
20	[-110.91260911859654, -1]
21	[-119.06047242052267, 0]
21	[-110.91260911859654, -1]
22	[-119.06047242052267, 0]
22	[-110.91260911859654, -1]
23	[-109.7167592629189, 0]
24	[-109.7167592629189, 0]
25	[-109.7167592629189, 0]
26	[-109.7167592629189, 0]
27	[-109.7167592629189, 0]
28	[-106.92089955197541, 0]
29	[-106.92089955197541, 0]
30	[-106.21671441593837, 0]
31	[-106.21671441593837, 0]
32	[-106.21671441593837, 0]
33	[-106.21671441593837, 0]
34	[-106.14595177646463, 0]
35	[-106.14595177646463, 0]
36	[-106.14595177646463, 0]
37	[-105.87866502278638, 0]
38	[-105.13891655871001, 0]
39	[-105.13891655871001, 0]
40	[-104.50135916237775, 0]
41	[-104.50135916237775, 0]
42	[-104.50135916237775, 0]
43	[-104.50135916237775, 0]
44	[-103.68919092075201, 0]
45	[-103.68919092075201, 0]
46	[-102.78824144377688, 0]
47	[-101.06172130936196, 0]
48	[-101.06172130936196, 0]
49	[-99.79093427452513, 0]
50	[-99.79093427452513, 0]
51	[-99.79093427452513, 0]
52	[-99.79093427452513, 0]
53	[-99.79093427452513, 0]
54	[-99.79093427452513, 0]
55	[-99.79093427452513, 0]
56	[-99.5672396515784, 0]
57	[-99.5672396515784, 0]
58	[-99.20739618477499, 0]
59	[-98.45157700798046, 0]
60	[-98.45157700798046, 0]
61	[-98.45157700798046, 0]
62	[-98.45157700798046, 0]
63	[-98.45157700798046, 0]
64	[-98.45157700798046, 0]
65	[-98.45157700798046, 0]
66	[-98.45157700798046, 0]
67	[-98.45157700798046, 0]
68	[-98.45157700798046, 0]
69	[-98.45157700798046, 0]
70	[-98.45157700798046, 0]
71	[-98.45157700798046, 0]
72	[-98.45157700798046, 0]
73	[-97.94402915151565, 0]
74	[-97.94402915151565, 0]
75	[-97.94402915151565, 0]
76	[-97.26265550423177, 0]
77	[-97.26265550423177, 0]
78	[-97.26265550423177, 0]
78	[-97.26265550423177, 0]
79	[-97.26265550423177, 0]
79	[-97.26265550423177, 0]
80	[-97.26265550423177, 0]
80	[-97.26265550423177, 0]
81	[-97.26265550423177, 0]
81	[-97.26265550423177, 0]
82	[-97.26265550423177, 0]
82	[-97.26265550423177, 0]
82	[-97.26265550423177, 0]
83	[-97.26265550423177, 0]
83	[-97.26265550423177, 0]
83	[-97.26265550423177, 0]
84	[-97.26265550423177, 0]
84	[-97.26265550423177, 0]
84	[-97.26265550423177, 0]
85	[-97.26265550423177, 0]
85	[-97.26265550423177, 0]
85	[-97.26265550423177, 0]
86	[-97.25443891961083, 0]
87	[-97.25443891961083, 0]
88	[-97.25443891961083, 0]
89	[-97.25443891961083, 0]
90	[-97.25443891961083, 0]
91	[-97.25443891961083, 0]
92	[-97.25443891961083, 0]
93	[-97.25443891961083, 0]
94	[-96.38498617947272, 0]
95	[-96.38498617947272, 0]
96	[-96.38498617947272, 0]
97	[-96.38498617947272, 0]
98	[-96.38498617947272, 0]
99	[-96.38498617947272, 0]
100	[-96.38498617947272, 0]
101	[-96.38498617947272, 0]
102	[-96.38498617947272, 0]
103	[-96.38498617947272, 0]
104	[-96.38498617947272, 0]
105	[-96.38498617947272, 0]
106	[-96.38498617947272, 0]
107	[-96.38498617947272, 0]
108	[-96.38498617947272, 0]
109	[-96.38498617947272, 0]
110	[-96.38498617947272, 0]
111	[-96.38498617947272, 0]
112	[-96.38498617947272, 0]
113	[-96.15779336492812, 0]
114	[-96.15779336492812, 0]
115	[-96.15779336492812, 0]
116	[-96.15779336492812, 0]
117	[-96.15779336492812, 0]
118	[-96.15779336492812, 0]
119	[-96.15779336492812, 0]
120	[-96.15779336492812, 0]
121	[-95.60410676284594, 0]
122	[-95.60410676284594, 0]
123	[-95.60410676284594, 0]
124	[-95.60410676284594, 0]
125	[-95.60410676284594, 0]
125	[-95.60410676284594, 0]
126	[-95.60410676284594, 0]
126	[-95.60410676284594, 0]
127	[-95.60410676284594, 0]
127	[-95.60410676284594, 0]
128	[-94.44970187938436, 0]
129	[-94.44970187938436, 0]
130	[-94.44970187938436, 0]
131	[-94.44970187938436, 0]
132	[-94.44970187938436, 0]
133	[-94.44970187938436, 0]
134	[-94.44970187938436, 0]
135	[-94.44970187938436, 0]
136	[-94.44970187938436, 0]
137	[-94.44970187938436, 0]
138	[-94.44970187938436, 0]
139	[-94.44970187938436, 0]
140	[-94.44970187938436, 0]
141	[-94.44970187938436, 0]
142	[-94.44970187938436, 0]
143	[-94.44970187938436, 0]
144	[-94.44970187938436, 0]
145	[-94.44970187938436, 0]
146	[-94.44970187938436, 0]
147	[-94.44970187938436, 0]
148	[-94.44970187938436, 0]
149	[-94.44970187938436, 0]
150	[-94.44970187938436, 0]
151	[-94.44970187938436, 0]
152	[-94.44970187938436, 0]
153	[-94.44970187938436, 0]
154	[-94.44970187938436, 0]
155	[-94.44970187938436, 0]
156	[-94.44970187938436, 0]
157	[-94.44970187938436, 0]
158	[-94.44970187938436, 0]
159	[-94.44970187938436, 0]
160	[-94.44970187938436, 0]
161	[-94.44970187938436, 0]
162	[-94.44970187938436, 0]
163	[-94.44970187938436, 0]
164	[-94.44970187938436, 0]
165	[-94.44970187938436, 0]
166	[-94.44970187938436, 0]
167	[-94.44970187938436, 0]
168	[-94.44970187938436, 0]
169	[-94.44970187938436, 0]
170	[-94.44970187938436, 0]
171	[-94.44970187938436, 0]
172	[-94.44970187938436, 0]
173	[-93.24424270207841, 0]
174	[-93.24424270207841, 0]
175	[-93.24424270207841, 0]
176	[-93.24424270207841, 0]
177	[-93.11317266802723, 0]
178	[-93.11317266802723, 0]
179	[-93.11317266802723, 0]
180	[-93.11317266802723, 0]
181	[-93.11317266802723, 0]
182	[-93.11317266802723, 0]
183	[-93.11317266802723, 0]
184	[-93.11317266802723, 0]
185	[-93.11317266802723, 0]
186	[-93.11317266802723, 0]
187	[-93.11317266802723, 0]
187	[-93.11317266802723, 0]
188	[-93.11317266802723, 0]
188	[-93.11317266802723, 0]
189	[-93.11317266802723, 0]
189	[-93.11317266802723, 0]
190	[-93.11317266802723, 0]
190	[-93.11317266802723, 0]
191	[-93.11317266802723, 0]
191	[-93.11317266802723, 0]
191	[-93.11317266802723, 0]
192	[-93.00720199751886, 0]
193	[-93.00720199751886, 0]
194	[-92.94902752299357, 0]
195	[-92.94902752299357, 0]
196	[-92.94902752299357, 0]
197	[-92.94902752299357, 0]
198	[-92.94902752299357, 0]
199	[-92.94902752299357, 0]
199	[-92.94902752299357, 0]
200	[-92.94902752299357, 0]
200	[-92.94902752299357, 0]
201	[-92.83367881261682, 0]
202	[-92.83367881261682, 0]
203	[-92.83367881261682, 0]
204	[-92.83367881261682, 0]
205	[-92.83367881261682, 0]
206	[-92.83367881261682, 0]
207	[-92.83367881261682, 0]
208	[-92.83367881261682, 0]
209	[-92.82191218895788, 0]
210	[-92.82191218895788, 0]
211	[-92.75141816836597, 0]
212	[-92.75141816836597, 0]
213	[-92.75141816836597, 0]
214	[-92.75141816836597, 0]
215	[-92.75141816836597, 0]
216	[-92.75141816836597, 0]
217	[-92.75141816836597, 0]
218	[-92.65323897701036, 0]
219	[-92.65323897701036, 0]
220	[-92.65323897701036, 0]
221	[-92.65323897701036, 0]
222	[-92.65323897701036, 0]
223	[-92.65323897701036, 0]
224	[-92.65323897701036, 0]
225	[-92.6349899224901, 0]
226	[-92.6349899224901, 0]
227	[-92.63187920798944, 0]
228	[-92.63187920798944, 0]
229	[-92.5709824722606, 0]
230	[-92.5709824722606, 0]
231	[-92.5709824722606, 0]
232	[-92.5709824722606, 0]
233	[-92.5709824722606, 0]
234	[-92.5709824722606, 0]
235	[-92.5709824722606, 0]
236	[-88.26326890313425, 0]
237	[-88.26326890313425, 0]
238	[-88.26326890313425, 0]
239	[-88.26326890313425, 0]
240	[-88.26326890313425, 0]
241	[-88.26326890313425, 0]
242	[-88.26326890313425, 0]
243	[-88.26326890313425, 0]
244	[-88.26326890313425, 0]
245	[-88.26326890313425, 0]
246	[-88.26326890313425, 0]
247	[-88.26326890313425, 0]
248	[-88.26326890313425, 0]
249	[-88.26326890313425, 0]
250	[-88.26326890313425, 0]
251	[-88.26326890313425, 0]
252	[-88.26326890313425, 0]
253	[-88.26326890313425, 0]
254	[-88.26326890313425, 0]
255	[-88.26326890313425, 0]
256	[-88.26326890313425, 0]
257	[-88.26326890313425, 0]
258	[-88.26326890313425, 0]
259	[-88.26326890313425, 0]
260	[-88.26326890313425, 0]
261	[-88.26326890313425, 0]
262	[-88.26326890313425, 0]
263	[-88.26326890313425, 0]
264	[-88.20479592622286, 0]
265	[-88.20479592622286, 0]
266	[-88.20479592622286, 0]
267	[-88.20479592622286, 0]
268	[-88.20479592622286, 0]
269	[-88.20479592622286, 0]
270	[-88.20479592622286, 0]
271	[-88.20479592622286, 0]
272	[-88.20479592622286, 0]
273	[-88.20479592622286, 0]
274	[-88.20479592622286, 0]
275	[-88.20479592622286, 0]
276	[-88.20479592622286, 0]
277	[-88.20479592622286, 0]
278	[-88.20479592622286, 0]
279	[-88.20479592622286, 0]
280	[-88.20479592622286, 0]
281	[-88.20479592622286, 0]
282	[-88.20479592622286, 0]
283	[-88.20479592622286, 0]
284	[-88.13734777465103, 0]
285	[-88.13734777465103, 0]
286	[-88.13734777465103, 0]
287	[-88.13734777465103, 0]
288	[-88.13734777465103, 0]
288	[-88.13734777465103, 0]
289	[-88.13734777465103, 0]
289	[-88.13734777465103, 0]
290	[-88.13734777465103, 0]
290	[-88.13734777465103, 0]
291	[-88.13734777465103, 0]
291	[-88.13734777465103, 0]
292	[-88.13734777465103, 0]
292	[-88.13734777465103, 0]
292	[-88.13734777465103, 0]
293	[-88.13734777465103, 0]
293	[-88.13734777465103, 0]
293	[-88.13734777465103, 0]
294	[-88.13734777465103, 0]
294	[-88.13734777465103, 0]
294	[-88.13734777465103, 0]
295	[-88.13734777465103, 0]
295	[-88.13734777465103, 0]
295	[-88.13734777465103, 0]
296	[-88.13734777465103, 0]
296	[-88.13734777465103, 0]
296	[-88.13734777465103, 0]
297	[-88.13734777465103, 0]
297	[-88.13734777465103, 0]
297	[-88.13734777465103, 0]
298	[-88.13734777465103, 0]
298	[-88.13734777465103, 0]
298	[-88.13734777465103, 0]
299	[-87.8175240358156, 0]
300	[-87.8175240358156, 0]
300	[-87.8175240358156, 0]
