Generation:
3000

Phenotype:
1
V1 = uniform([+6.2e0, 7.3e0], 2);
V2 = gm([4.1e1, +4.6e0, 2.0e0]);
V3 = gm([7.8e1, +5.6e0, 3.0e0], [0.9e0, -9.9e1, 7.6e1], [8.7e0, +0.9e0, 0.6e0], [0.0e0, +1.4e1, 6.2e0]);
V4 = gm([0.0e0, +1.5e1, 4.6e0], [0.0e0, -0.7e0, 2.0e1]);
V5 = gm([0.2e1, +9.8e1, 9.9e1]);

Pre-processed Program
:F = uniform([6.200000, 13.500000], 2);C = gm([1.000000], [4.6], [2]);W = gm([0.890411, 0.010274, 0.099315, 0.000000], [5.6, -99, 0.9, 14], [3, 76, 0.6, 6.2]);T = gm([1.000000, 1.000000], [15, -0.7], [4.6, 20]);P = gm([1.000000], [98], [99]);Genotype:
[458, 480, 361, 464, 223, 294, 226, 262, 398, 494, 67, 23, 102, 190, 440, 414, 7, 184, 111, 5, 245, 210, 314, 386, 158, 46, 62, 250, 480, 372, 390, 137, 440, 227, 108, 445, 132, 250, 155, 316, 38, 448, 313, 360, 302, 75, 48, 80, 79, 88, 169, 261, 449, 309, 433, 175, 27, 56, 257, 63, 260, 88, 417, 66, 354, 416, 410, 239, 106, 468, 370, 166, 76, 412, 392, 60, 90, 354]
Tree:
None
Fitness on 5000 data:
-160.0460847700036

Fitness:
-160.0460847700036