Generation:
1998

Phenotype:
1
V1 = uniform([+6.1e0, 7.5e0], 2);
V2 = gm([0.1e1, +4.6e0, 2.0e0]);
V3 = gm([7.8e1, +5.2e0, 3.0e0], [0.9e0, -9.9e1, 1.6e1], [6.7e0, +0.9e0, 1.0e0], [0.0e0, +3.2e0, 6.1e0]);
V4 = gm([0.0e0, +1.5e1, 4.6e0], [0.0e0, -0.7e0, 2.0e1]);
V5 = gm([0.8e1, +9.8e1, 9.9e1]);

Pre-processed Program
:F = uniform([6.100000, 13.600000], 2);C = gm([1.000000], [4.6], [2]);W = gm([0.911215, 0.010514, 0.078271, 0.000000], [5.2, -99, 0.9, 3.2], [3, 16, 1, 6.1]);T = gm([1.000000, 1.000000], [15, -0.7], [4.6, 20]);P = gm([1.000000], [98], [99]);Genotype:
[152, 480, 373, 122, 348, 220, 226, 141, 398, 326, 67, 265, 214, 190, 120, 464, 7, 190, 111, 5, 245, 28, 314, 386, 230, 228, 62, 250, 480, 372, 390, 247, 440, 127, 328, 57, 132, 250, 155, 142, 312, 448, 313, 360, 408, 271, 48, 80, 79, 88, 417, 161, 169, 309, 305, 488, 241, 256, 57, 9, 209, 136, 217, 20, 354, 416, 460, 239, 106, 77, 71, 350, 42, 184, 130, 60, 320, 112]
Tree:
None
Fitness on 5000 data:
-160.22875081443502

Fitness:
-160.22875081443502