Generation:
1500

Phenotype:
16
V1 = gm([0.0e1, +9.9e0, 3.6e0], [0.0e0, +0.9e1, 2.9e0], [0.0e1, +9.9e0, 2.6e0]);
V2 = gm([7.2e0, +5.1e0, 1.6e0], [0.0e0, +4.0e0, 6.0e1]);
V3 = gm([4.2e0, +9.9e1, 9.9e1]);
V4 = uniform([+5.9e0, 8.2e0], 2);

Pre-processed Program
:T = gm([1.000000, 1.000000, 1.000000], [9.9, 9, 9.9], [3.6, 2.9, 2.6]);C = gm([1.000000, 0.000000], [5.1, 4], [1.6, 60]);E = gm([1.000000], [99], [99]);F = uniform([5.900000, 14.100000], 2);Genotype:
[296, 135, 42, 25, 147, 119, 20, 450, 347, 336, 278, 309, 309, 326, 341, 313, 266, 346, 365, 184, 130, 470, 168, 215, 372, 410, 449, 345, 452, 382, 9, 72, 218, 153, 260, 250, 219, 340, 10, 309, 329, 10, 456, 352, 36, 150, 24, 322, 335, 47, 317, 272, 178, 138, 496, 85, 131, 238, 37, 91, 256, 178, 324, 355, 390, 160, 208, 387, 398, 364, 140, 386, 389, 126, 210, 283, 414, 239, 326, 277, 394, 112, 386, 457, 480, 79, 189, 171, 494, 299, 89, 71, 273, 500, 154, 406, 415, 369, 242, 23, 368, 292, 392, 259, 363, 401, 123, 177, 160, 485, 365, 53, 47, 469, 256, 338, 41, 102, 354, 35, 24, 130, 92, 468, 407, 390, 175, 67, 423, 101, 24, 417, 366, 249, 218]
Tree:
None
Fitness on 5000 data:
-140.81248168026087

Fitness:
-140.81248168026087