Generation:
798

Phenotype:
16
V1 = gm([0.0e0, +9.7e0, 3.7e0], [0.0e1, +0.9e1, 2.9e0], [0.0e0, +9.6e0, 2.5e0]);
V2 = gm([8.2e1, +5.1e0, 1.9e0], [0.0e0, +7.0e1, 0.0e0]);
V3 = gm([5.7e1, +9.9e1, 9.9e1]);
V4 = uniform([+6.3e0, 8.6e0], 2);

Pre-processed Program
:T = gm([1.000000, 1.000000, 1.000000], [9.7, 9, 9.6], [3.7, 2.9, 2.5]);C = gm([1.000000, 0.000000], [5.1, 70], [1.9, 0]);E = gm([1.000000], [99], [99]);F = uniform([6.300000, 14.900000], 2);Genotype:
[148, 135, 118, 375, 121, 198, 420, 450, 368, 337, 252, 309, 427, 316, 101, 313, 67, 346, 327, 409, 330, 470, 453, 363, 270, 410, 449, 487, 198, 42, 9, 318, 198, 155, 390, 180, 294, 277, 144, 309, 376, 310, 109, 352, 205, 150, 24, 361, 47, 19, 98, 272, 209, 107, 496, 85, 131, 14, 51, 91, 339, 178, 180, 9, 170, 160, 12, 331, 110, 207, 350, 471, 189, 400, 400, 476, 414, 463, 404, 223, 495, 87, 371, 226, 300, 79, 189, 419, 231, 299, 89, 287, 217, 500, 359, 208, 386, 483, 126, 159, 368, 26, 392, 259, 363, 401, 123, 177, 160, 485, 365, 53, 47, 469, 256, 338, 41, 102, 354, 35, 24, 130, 92, 468, 407, 390, 175, 67, 423, 101, 24, 417, 366, 249, 218]
Tree:
None
Fitness on 5000 data:
-141.5151856605697

Fitness:
-141.5151856605697