Generation:
1198

Phenotype:
16
V1 = gm([0.0e1, +9.9e0, 3.9e0], [0.0e0, +0.9e1, 2.9e0], [0.0e0, +9.6e0, 2.9e0]);
V2 = gm([7.2e1, +5.1e0, 1.6e0], [0.0e0, +1.3e1, 0.0e0]);
V3 = gm([5.2e1, +9.9e1, 9.9e1]);
V4 = uniform([+5.7e0, 8.0e0], 2);

Pre-processed Program
:T = gm([1.000000, 1.000000, 1.000000], [9.9, 9, 9.6], [3.9, 2.9, 2.9]);C = gm([1.000000, 0.000000], [5.1, 13], [1.6, 0]);E = gm([1.000000], [99], [99]);F = uniform([5.700000, 13.700000], 2);Genotype:
[378, 135, 42, 207, 121, 96, 420, 450, 347, 25, 278, 309, 309, 326, 341, 313, 329, 346, 383, 228, 130, 470, 168, 153, 372, 410, 449, 345, 452, 382, 9, 210, 76, 153, 330, 180, 294, 153, 10, 309, 376, 10, 456, 352, 499, 150, 24, 322, 321, 19, 267, 272, 121, 138, 496, 85, 131, 14, 37, 91, 256, 178, 416, 355, 170, 160, 208, 186, 110, 81, 493, 471, 389, 400, 210, 312, 414, 4, 326, 277, 495, 112, 413, 342, 480, 79, 189, 419, 166, 299, 89, 155, 339, 500, 154, 208, 415, 197, 242, 443, 368, 310, 392, 259, 363, 401, 123, 177, 160, 485, 365, 53, 47, 469, 256, 338, 41, 102, 354, 35, 24, 130, 92, 468, 407, 390, 175, 67, 423, 101, 24, 417, 366, 249, 218]
Tree:
None
Fitness on 5000 data:
-140.87696303995858

Fitness:
-140.87696303995858