Generation:
398

Phenotype:
16
V1 = gm([0.2e0, -4.8e0, 8.0e0], [0.0e0, -8.8e0, 8.0e0], [8.9e1, +9.7e0, 2.9e0]);
V2 = gm([5.0e1, +5.1e0, 1.6e0], [3.1e0, +3.8e0, 1.5e0]);
V3 = gm([7.5e1, +9.9e1, 9.9e1]);
V4 = uniform([+7.0e0, 6.9e0], 2);

Pre-processed Program
:T = gm([0.002242, 0.000000, 0.997758], [-4.8, -8.8, 9.7], [8, 8, 2.9]);C = gm([0.941620, 0.058380], [5.1, 3.8], [1.6, 1.5]);E = gm([1.000000], [99], [99]);F = uniform([7.000000, 13.900000], 2);Genotype:
[73, 135, 10, 85, 121, 258, 420, 62, 232, 41, 407, 464, 208, 120, 356, 498, 60, 244, 215, 500, 30, 170, 242, 3, 9, 438, 438, 124, 118, 318, 330, 150, 432, 357, 298, 29, 201, 31, 112, 309, 317, 294, 462, 352, 469, 448, 78, 384, 205, 327, 105, 240, 495, 347, 342, 85, 131, 158, 98, 381, 426, 458, 476, 408, 93, 451, 242, 491, 396, 383, 108, 292, 385, 11, 265, 184, 464, 476, 344, 298, 467, 25, 445, 293, 86, 79, 419, 59, 88, 299, 89, 71, 217, 367, 195, 114, 47, 370, 30, 244, 356, 119, 248, 259, 363, 401, 123, 177, 160, 485, 365, 53, 47, 469, 256, 338, 41, 102, 354, 35, 24, 130, 92, 468, 407, 390, 175, 67, 423, 101, 24, 417, 366, 249, 218]
Tree:
None
Fitness on 5000 data:
-150.09703046708108

Fitness:
-150.09703046708108