Generation:
398

Phenotype:
1
V1 = uniform([+6.3e0, 7.2e0], 2);
V2 = gm([3.7e1, +5.1e0, 3.0e0]);
V3 = gm([3.9e0, +1.4e1, 4.9e0]);

Pre-processed Program
:F = uniform([6.300000, 13.500000], 2);W = gm([1.000000], [5.1], [3]);T = gm([1.000000], [14], [4.9]);Genotype:
[16, 492, 309, 164, 197, 222, 16, 13, 262, 407, 457, 162, 364, 158, 362, 400, 167, 453, 367, 237, 109, 136, 385, 491, 86, 254, 203, 480, 260, 40, 428, 54, 400, 413, 339, 188, 408, 8, 211, 354, 225, 136, 134, 299, 114, 183, 428, 388, 293, 137, 435, 62, 170, 79, 464, 313, 54, 376, 100, 489, 68, 160, 334, 97, 99, 497, 0, 435, 464, 88, 319, 193, 252, 207, 94, 476, 435, 286, 221, 436, 228, 319, 442, 246, 359, 244, 363, 44, 8, 165, 407, 249, 260, 57, 236, 55]
Tree:
None
Fitness on 5000 data:
-59.90664564079468

Fitness:
-59.90664564079468