Generation:
1200

Phenotype:
6
V1 = uniform([+9.97e-1, 2.41e+1], 2);
V2 = +8.38e-2 + -6.98e-2 * -1.20e-2 * +5.72e+3;
V2 = V2 + gm([5.78e+3, +2.29e-3, 1.39e-0], [8.04e-2, -6.03e-2, 6.05e-2], [8.59e-2, -7.75e+0, 1.81e+1]);
V3 = -V1 * +9.94e-2 * -8.18e-1;
V3 = V3 + uniform([+5.47e+0, 7.24e-0], 2);

Pre-processed Program
:T = uniform([0.997000, 25.097000], 2);C = 0.0838;C = C + 4.7911;C = C + gm([0.999971, 0.000014, 0.000015], [0.0023, -0.0603, -7.75], [1.39, 0.0605, 18.1]);TEMP0 = 0.0813 * T;F = TEMP0;F = F + uniform([5.470000, 12.710000], 2);Genotype:
[124, 71, 248, 195, 19, 347, 322, 109, 229, 337, 107, 405, 118, 372, 44, 251, 308, 181, 226, 277, 18, 322, 443, 317, 22, 268, 433, 268, 437, 158, 276, 89, 79, 394, 169, 122, 339, 166, 389, 268, 361, 118, 499, 433, 287, 351, 232, 400, 485, 374, 437, 20, 412, 255, 177, 322, 304, 415, 284, 402, 185, 20, 495, 327, 458, 112, 383, 407, 44, 102, 62, 29, 379, 263, 317, 351, 443, 389, 155, 112, 115, 92, 168, 500, 224, 135, 14, 433, 341, 476, 420, 23, 83, 54, 350, 86, 130, 65, 229, 170]
Tree:
None
Fitness on 5000 data:
-54.03544292251173

Fitness:
-54.03544292251173