Generation:
398

Phenotype:
1
V1 = uniform([+5.9e0, 7.6e0], 2);
V2 = +1.6e0 * -3.4e0;
V2 = V2 + uniform([+5.5e0, 9.9e0], 2);
V3 = +V1;
V3 = V3 + gm([9.7e1, +5.2e0, 3.2e0]);

Pre-processed Program
:F = uniform([5.900000, 13.500000], 2);W = 0;W = W - 5.44;W = W + uniform([5.500000, 15.400000], 2);T = F;T = T + gm([1.000000], [5.2], [3.2]);Genotype:
[269, 126, 96, 407, 378, 332, 170, 155, 49, 92, 95, 277, 266, 356, 472, 196, 7, 54, 393, 6, 130, 371, 266, 40, 51, 306, 419, 473, 224, 98, 459, 27, 410, 272, 175, 495, 444, 125, 49, 359, 8, 444, 76, 316, 26, 498, 256, 412, 446, 202, 273, 229, 377, 277, 75, 38, 295, 362, 254, 463, 373, 302, 274, 123, 73, 349, 121, 491, 330, 290, 316, 437, 433, 206, 312, 162, 255, 1, 169, 65, 365, 289, 291, 25, 383, 407, 227, 189, 61, 83, 136, 283, 175, 31, 282, 229, 343, 73, 470, 305]
Tree:
None
Fitness on 5000 data:
-55.50407748454772

Fitness:
-55.50407748454772