Generation:
398

Phenotype:
2
V1 = gm([2.3e0, +0.9e1, 2.2e0]);
V2 = +7.2e0 * +2.2e0;
V2 = V2 + gm([9.0e1, -2.1e0, 5.1e0]);
V3 = -0.4e0 * +1.7e0;
V3 = V3 + gm([4.3e0, +5.8e0, 3.0e0]);

Pre-processed Program
:F = gm([1.000000], [9], [2.2]);T = 15.84;T = T + gm([1.000000], [-2.1], [5.1]);W = 0;W = W - 0.68;W = W + gm([1.000000], [5.8], [3]);Genotype:
[466, 343, 289, 26, 409, 314, 61, 262, 393, 116, 190, 256, 250, 239, 221, 312, 2, 412, 204, 362, 410, 13, 174, 93, 186, 144, 317, 2, 8, 143, 52, 238, 242, 92, 340, 56, 469, 314, 127, 229, 460, 245, 350, 425, 162, 491, 270, 473, 215, 361, 82, 204, 152, 391, 498, 133, 452, 93, 60, 244, 30, 157, 45, 318, 211, 407, 462, 38, 376, 440, 82, 34, 393, 154, 200, 434, 435, 388, 128, 239, 63, 220, 230, 122, 392, 180, 22, 328, 485, 236, 317, 45, 187, 252]
Tree:
None
Fitness on 5000 data:
-59.52746274160205

Fitness:
-59.52746274160205