Generation:
798

Phenotype:
2
V1 = gm([2.9e0, +9.7e0, 2.3e0]);
V2 = +7.2e0 * +2.2e0;
V2 = V2 + gm([9.3e1, -2.1e0, 5.1e0]);
V3 = -0.4e0 * +1.7e0;
V3 = V3 + gm([4.3e1, +5.8e0, 3.0e0], [0.0e0, +9.8e1, 7.5e0]);

Pre-processed Program
:F = gm([1.000000], [9.7], [2.3]);T = 15.84;T = T + gm([1.000000], [-2.1], [5.1]);W = 0;W = W - 0.68;W = W + gm([1.000000, 0.000000], [5.8, 98], [3, 7.5]);Genotype:
[126, 343, 289, 26, 334, 314, 61, 262, 49, 116, 190, 256, 109, 387, 394, 312, 2, 293, 204, 362, 460, 493, 174, 93, 246, 366, 317, 2, 8, 143, 52, 238, 242, 92, 340, 288, 469, 314, 127, 229, 23, 245, 350, 425, 162, 491, 292, 473, 215, 361, 102, 204, 152, 391, 498, 133, 452, 93, 60, 244, 30, 157, 254, 318, 211, 407, 462, 38, 378, 435, 14, 34, 393, 93, 200, 434, 435, 388, 160, 239, 63, 220, 230, 122, 392, 180, 230, 122, 386, 180, 59, 328, 485, 46, 317, 45, 490, 252]
Tree:
None
Fitness on 5000 data:
-59.07741260418213

Fitness:
-59.07741260418213