Generation:
1500

Phenotype:
2
V1 = gm([7.1e0, +9.9e0, 2.0e0]);
V2 = +7.2e0 * +2.2e0;
V2 = V2 + gm([9.8e1, -2.1e0, 5.1e0]);
V3 = -0.4e0 * +1.7e0;
V3 = V3 + gm([4.3e0, +5.8e0, 3.0e0]);

Pre-processed Program
:F = gm([1.000000], [9.9], [2]);T = 15.84;T = T + gm([1.000000], [-2.1], [5.1]);W = 0;W = W - 0.68;W = W + gm([1.000000], [5.8], [3]);Genotype:
[146, 469, 289, 26, 304, 314, 469, 477, 371, 116, 449, 256, 109, 369, 394, 278, 2, 250, 204, 256, 112, 103, 298, 349, 143, 366, 377, 2, 8, 143, 369, 238, 242, 92, 36, 458, 36, 80, 268, 229, 168, 245, 472, 277, 162, 491, 292, 351, 215, 361, 458, 459, 132, 391, 498, 133, 4, 93, 60, 244, 358, 313, 254, 318, 211, 407, 298, 38, 323, 352, 146, 34, 393, 298, 187, 372, 435, 388, 278, 54, 183, 340, 230, 122, 392, 180, 230, 122, 95, 262, 103, 328, 485, 46, 425, 21, 119, 252]
Tree:
None
Fitness on 5000 data:
-58.89190212753513

Fitness:
-58.89190212753513