Generation:
1198

Phenotype:
1
V1 = uniform([+5.9e+0, 8.0e+0], 2);
V2 = +V1 * +0.0e-1;
V2 = V2 + uniform([+6.4e-2, 9.9e+0], 2);
V3 = +V2;
V3 = V3 + uniform([-3.9e-1, 2.6e+1], 2);

Pre-processed Program
:F = uniform([5.900000, 13.900000], 2);TEMP0 = 0 * F;W = TEMP0;W = W + uniform([0.064000, 9.964000], 2);T = W;T = T + uniform([-0.390000, 25.610000], 2);Genotype:
[485, 228, 367, 389, 258, 490, 208, 105, 309, 242, 405, 99, 48, 480, 178, 357, 2, 40, 283, 148, 140, 112, 322, 355, 85, 234, 270, 190, 409, 175, 331, 364, 424, 118, 76, 174, 259, 440, 345, 449, 349, 370, 105, 180, 78, 2, 462, 482, 453, 169, 72, 182, 93, 283, 499, 271, 301, 0, 122, 406, 250, 439, 477, 270, 408, 25, 393, 438, 451, 137, 116, 253, 220, 468, 141, 373, 80, 80, 343, 18, 114, 69, 8, 139, 158, 64, 151, 222, 424, 14, 100, 204, 150, 215, 160, 292, 416, 62, 4, 395, 4, 180, 209, 62, 16, 396, 258, 229]
Tree:
None
Fitness on 5000 data:
-59.968706281349895

Fitness:
-59.968706281349895