Generation:
300

Phenotype:
1
V1 = gm([1, 14, 3], [48, 10, 3]);
V2 = V1 - V1;
V2 = V2 + gm([39.5, 20, 2.8]) - gm([48.5, 5, 6]);
V3 = 7.4;
V3 = V3 + 27.4 * gm([31, 7.1, 8]);

Pre-processed Program
:F = gm([0.020408, 0.979592], [14, 10], [3, 3]);T = F;T = T - F;T = T;T = T + gm([1.000000], [20], [2.8]);T = T - gm([1.000000], [5], [6]);P = 7.4;P = P;P = P + 27.4 * gm([1.000000], [7.1], [8]);Genotype:
[398, 228, 0, 126, 141, 386, 164, 65, 192, 205, 378, 371, 432, 411, 256, 296, 354, 334, 265, 200, 207, 92, 199, 102, 170, 400, 324, 385, 256, 440, 444, 79, 418, 259, 222, 245, 222, 389, 498, 4, 390, 20, 311, 2, 394, 221, 33, 428, 13, 76, 27, 303, 355, 490, 311, 36, 363, 378, 124, 70, 207, 207, 313, 48, 224, 494, 485, 333, 147, 366, 222, 58, 414, 235, 163, 109, 180, 392, 467, 42, 154, 415, 130, 363, 139, 179, 85, 165, 257, 14, 97, 99, 49, 421, 193, 273, 384, 474, 199, 358, 57, 39, 126, 365, 162, 199, 227, 110, 165, 128, 231, 475, 114, 29, 406, 50, 7, 86, 414, 413, 498, 37, 310, 296, 311, 209, 447, 490, 56, 397, 236, 69, 31, 250, 252, 37, 8]
Tree:
None
Fitness on 5000 data:
-97.34607330413627

Fitness:
[-97.32739884178021, 0]