Generation:
398

Phenotype:
6
V1 = gm([9.9e0, +9.6e0, 3.0e0]);
V2 = -1.0e0;
V2 = V2 + gm([1.6e1, +5.3e0, 1.2e0], [5.8e0, +7.6e0, 1.2e0]);
V3 = +V1 + -V1;
V3 = V3 + gm([2.2e0, +9.0e0, 9.7e1], [0.3e0, +0.0e0, 6.0e1], [9.4e1, +9.9e0, 2.9e0], [3.0e0, +8.5e0, 1.0e0]);

Pre-processed Program
:T = gm([1.000000], [9.6], [3]);C = 0;C = C - 1;C = C + gm([0.733945, 0.266055], [5.3, 7.6], [1.2, 1.2]);F = T;F = F - T;F = F + gm([0.022111, 0.003015, 0.944724, 0.030151], [9, 0, 9.9, 8.5], [97, 60, 2.9, 1]);Genotype:
[119, 245, 479, 414, 417, 358, 132, 159, 239, 262, 73, 402, 479, 336, 120, 104, 13, 30, 220, 288, 234, 318, 75, 434, 221, 121, 490, 6, 258, 188, 251, 360, 441, 66, 479, 254, 252, 445, 403, 146, 326, 51, 422, 306, 340, 85, 105, 338, 300, 343, 134, 207, 246, 424, 356, 221, 262, 30, 99, 215, 266, 208, 262, 210, 132, 198, 258, 488, 195, 194, 178, 257, 71, 130, 342, 192, 32, 272, 270, 399, 390, 338, 11, 469, 467, 461, 451, 437, 80, 363, 18, 200, 268, 410, 380, 348, 80, 396, 220, 381]
Tree:
None
Fitness on 5000 data:
-50.688897224760076

Fitness:
-50.688897224760076