0	[-144.0460800782887, 0]
1	[-144.0460800782887, 0]
2	[-144.0460800782887, 0]
2	[-141.6925270172236, -2]
3	[-142.3432338620232, 0]
3	[-133.88026466764396, -2]
4	[-142.3432338620232, 0]
4	[-141.93005708523364, -1]
4	[-133.88026466764396, -2]
5	[-142.3432338620232, 0]
5	[-140.09123153048537, -1]
5	[-133.88026466764396, -2]
6	[-142.3432338620232, 0]
6	[-127.79559072319273, -1]
7	[-142.3432338620232, 0]
7	[-127.79559072319273, -1]
8	[-142.3432338620232, 0]
8	[-127.33786598394795, -1]
9	[-132.16136808805734, 0]
9	[-127.09347243716812, -1]
10	[-132.16136808805734, 0]
10	[-127.09347243716812, -1]
10	[-121.09587562402758, -3]
11	[-126.21967811678918, 0]
11	[-112.82924546470386, -1]
12	[-126.21967811678918, 0]
12	[-112.0347326816134, -1]
13	[-123.75350699183954, 0]
13	[-112.0347326816134, -1]
14	[-111.20279874926568, 0]
15	[-110.41248252304733, 0]
15	[-103.93397509953273, -1]
16	[-106.05314311877282, 0]
16	[-103.93397509953273, -1]
17	[-106.03043248004714, 0]
17	[-103.93397509953273, -1]
18	[-106.03043248004714, 0]
18	[-103.93397509953273, -1]
19	[-106.03043248004714, 0]
19	[-103.93397509953273, -1]
20	[-101.49509459956037, 0]
21	[-101.49509459956037, 0]
22	[-101.49509459956037, 0]
23	[-101.49509459956037, 0]
24	[-101.49509459956037, 0]
25	[-98.13004679388261, 0]
26	[-98.13004679388261, 0]
27	[-97.87321280899003, 0]
27	[-97.13690284802318, -2]
28	[-97.68192382352824, 0]
28	[-97.13690284802318, -2]
29	[-97.68192382352824, 0]
29	[-97.13690284802318, -2]
30	[-97.68192382352824, 0]
30	[-97.13690284802318, -2]
31	[-97.68192382352824, 0]
31	[-97.13690284802318, -2]
32	[-97.68192382352824, 0]
32	[-97.13690284802318, -2]
33	[-93.73007909004829, 0]
34	[-93.73007909004829, 0]
34	[-83.28456991236764, -2]
35	[-93.73007909004829, 0]
35	[-83.20387053037578, -1]
36	[-93.73007909004829, 0]
36	[-83.20387053037578, -1]
37	[-93.73007909004829, 0]
37	[-83.20387053037578, -1]
38	[-91.37596778377096, 0]
38	[-83.20387053037578, -1]
39	[-91.37596778377096, 0]
39	[-83.20387053037578, -1]
40	[-91.37596778377096, 0]
40	[-83.20387053037578, -1]
41	[-91.24166500348014, 0]
41	[-83.20387053037578, -1]
42	[-91.24166500348014, 0]
42	[-83.20387053037578, -1]
43	[-91.24166500348014, 0]
43	[-83.20387053037578, -1]
44	[-91.24166500348014, 0]
44	[-83.20387053037578, -1]
45	[-91.24166500348014, 0]
45	[-82.45987465068083, -1]
46	[-91.24166500348014, 0]
46	[-82.45987465068083, -1]
47	[-90.34806816858497, 0]
47	[-82.45987465068083, -1]
47	[-80.39379170038198, -2]
48	[-86.05723273674703, 0]
48	[-79.91243606409911, -1]
49	[-86.05723273674703, 0]
49	[-79.91243606409911, -1]
50	[-86.05723273674703, 0]
50	[-79.91243606409911, -1]
51	[-86.05723273674703, 0]
51	[-77.03283535751795, -1]
52	[-86.05723273674703, 0]
52	[-86.05723273674703, 0]
52	[-77.03283535751795, -1]
53	[-86.00189554051904, 0]
53	[-77.03283535751795, -1]
54	[-84.64520861911156, 0]
54	[-77.03283535751795, -1]
55	[-84.64520861911156, 0]
55	[-77.03283535751795, -1]
56	[-84.64520861911156, 0]
56	[-77.03283535751795, -1]
57	[-84.64520861911156, 0]
57	[-77.03283535751795, -1]
58	[-84.64520861911156, 0]
58	[-77.03283535751795, -1]
59	[-84.64520861911156, 0]
59	[-76.98714600158631, -1]
60	[-84.64520861911156, 0]
60	[-76.98714600158631, -1]
61	[-83.93993435633804, 0]
61	[-76.98714600158631, -1]
62	[-83.93993435633804, 0]
62	[-76.98714600158631, -1]
63	[-83.93993435633804, 0]
63	[-76.98714600158631, -1]
64	[-83.93993435633804, 0]
64	[-76.95888477887483, -1]
65	[-83.93993435633804, 0]
65	[-76.95888477887483, -1]
66	[-83.93993435633804, 0]
66	[-76.95888477887483, -1]
67	[-83.93993435633804, 0]
67	[-76.95888477887483, -1]
67	[-76.95023190522205, -2]
68	[-83.93993435633804, 0]
68	[-75.1491034342653, -1]
69	[-83.93993435633804, 0]
69	[-75.1491034342653, -1]
70	[-78.94423544419682, 0]
70	[-75.1491034342653, -1]
71	[-78.94423544419682, 0]
71	[-75.1491034342653, -1]
72	[-78.94423544419682, 0]
72	[-75.1491034342653, -1]
73	[-78.94423544419682, 0]
73	[-75.1491034342653, -1]
74	[-77.91902475543574, 0]
74	[-75.1491034342653, -1]
75	[-77.91902475543574, 0]
75	[-75.1491034342653, -1]
76	[-77.91902475543574, 0]
76	[-75.10331811102975, -1]
77	[-77.91902475543574, 0]
77	[-75.10331811102975, -1]
77	[-73.3895605129658, -2]
78	[-77.91902475543574, 0]
78	[-75.10331811102975, -1]
78	[-73.3895605129658, -2]
79	[-77.91902475543574, 0]
79	[-75.10331811102975, -1]
79	[-73.3895605129658, -2]
80	[-77.91902475543574, 0]
80	[-75.10331811102975, -1]
80	[-73.3895605129658, -2]
81	[-77.91902475543574, 0]
81	[-75.10331811102975, -1]
81	[-73.3895605129658, -2]
82	[-77.91902475543574, 0]
82	[-75.10331811102975, -1]
82	[-71.22362530942307, -2]
83	[-77.91902475543574, 0]
83	[-75.10331811102975, -1]
83	[-71.22362530942307, -2]
84	[-75.53983609640096, 0]
84	[-75.10331811102975, -1]
84	[-71.22362530942307, -2]
85	[-75.53983609640096, 0]
85	[-75.10331811102975, -1]
85	[-71.22362530942307, -2]
86	[-75.07642435676924, 0]
86	[-71.22362530942307, -2]
87	[-75.07642435676924, 0]
87	[-71.22362530942307, -2]
88	[-75.07642435676924, 0]
88	[-75.04158373634795, -1]
88	[-71.22362530942307, -2]
89	[-75.07642435676924, 0]
89	[-75.04158373634795, -1]
89	[-71.22362530942307, -2]
90	[-75.07642435676924, 0]
90	[-75.04158373634795, -1]
90	[-71.22362530942307, -2]
91	[-75.07642435676924, 0]
91	[-75.04158373634795, -1]
91	[-71.22362530942307, -2]
92	[-75.07642435676924, 0]
92	[-75.02027888316469, -1]
92	[-71.22362530942307, -2]
93	[-74.93750442107057, 0]
93	[-71.22362530942307, -2]
94	[-74.93750442107057, 0]
94	[-71.22362530942307, -2]
95	[-74.93750442107057, 0]
95	[-71.22362530942307, -2]
96	[-74.93750442107057, 0]
96	[-72.31087301630676, -1]
96	[-71.22362530942307, -2]
97	[-74.93750442107057, 0]
97	[-72.31087301630676, -1]
97	[-71.22362530942307, -2]
98	[-74.47490869217033, 0]
98	[-72.31087301630676, -1]
98	[-71.22362530942307, -2]
99	[-74.47490869217033, 0]
99	[-72.31087301630676, -1]
99	[-71.22362530942307, -2]
100	[-74.47490869217033, 0]
100	[-72.31087301630676, -1]
100	[-71.22362530942307, -2]
101	[-74.47490869217033, 0]
101	[-72.31087301630676, -1]
101	[-71.22362530942307, -2]
102	[-74.47490869217033, 0]
102	[-71.99501254319846, -1]
102	[-71.22362530942307, -2]
103	[-74.47490869217033, 0]
103	[-71.99501254319846, -1]
103	[-71.22362530942307, -2]
104	[-73.65393888313031, 0]
104	[-71.99501254319846, -1]
104	[-71.22362530942307, -2]
105	[-73.65393888313031, 0]
105	[-71.99501254319846, -1]
105	[-71.22362530942307, -2]
106	[-73.65393888313031, 0]
106	[-71.99501254319846, -1]
106	[-71.22362530942307, -2]
107	[-73.65393888313031, 0]
107	[-71.99501254319846, -1]
107	[-71.22362530942307, -2]
108	[-73.65393888313031, 0]
108	[-71.99501254319846, -1]
108	[-71.22362530942307, -2]
109	[-73.65393888313031, 0]
109	[-71.99501254319846, -1]
109	[-71.22362530942307, -2]
110	[-73.65393888313031, 0]
110	[-71.99501254319846, -1]
110	[-71.22362530942307, -2]
111	[-73.65393888313031, 0]
111	[-71.99501254319846, -1]
111	[-71.22362530942307, -2]
112	[-71.5040488627143, 0]
112	[-71.13140699369772, -2]
113	[-71.5040488627143, 0]
113	[-71.13140699369772, -2]
114	[-71.5040488627143, 0]
114	[-71.13140699369772, -2]
115	[-71.5040488627143, 0]
115	[-71.13140699369772, -2]
116	[-71.5040488627143, 0]
116	[-71.13140699369772, -2]
117	[-71.5040488627143, 0]
117	[-71.35599961988686, -1]
117	[-71.13140699369772, -2]
118	[-71.5040488627143, 0]
118	[-71.35599961988686, -1]
118	[-71.13140699369772, -2]
119	[-71.5040488627143, 0]
119	[-71.35599961988686, -1]
119	[-71.13140699369772, -2]
120	[-71.5040488627143, 0]
120	[-71.35599961988686, -1]
120	[-71.13140699369772, -2]
121	[-71.5040488627143, 0]
121	[-71.35599961988686, -1]
121	[-71.13140699369772, -2]
122	[-71.5040488627143, 0]
122	[-71.35599961988686, -1]
122	[-71.13140699369772, -2]
123	[-71.5040488627143, 0]
123	[-71.35599961988686, -1]
123	[-71.13140699369772, -2]
124	[-71.5040488627143, 0]
124	[-71.35599961988686, -1]
124	[-71.13140699369772, -2]
125	[-71.5040488627143, 0]
125	[-71.35599961988686, -1]
125	[-70.77900986363203, -2]
126	[-71.13754257357459, 0]
126	[-70.77900986363203, -2]
127	[-71.13754257357459, 0]
127	[-70.77900986363203, -2]
128	[-71.13754257357459, 0]
128	[-70.77900986363203, -2]
129	[-71.13754257357459, 0]
129	[-70.77900986363203, -2]
130	[-71.13754257357459, 0]
130	[-70.75600661096543, -2]
131	[-71.13754257357459, 0]
131	[-70.75600661096543, -2]
132	[-71.13754257357459, 0]
132	[-70.02975264003634, -2]
133	[-71.13754257357459, 0]
133	[-70.02975264003634, -2]
134	[-71.13754257357459, 0]
134	[-69.98724306351593, -2]
135	[-71.13754257357459, 0]
135	[-69.98724306351593, -2]
136	[-71.13754257357459, 0]
136	[-69.98724306351593, -2]
137	[-71.13754257357459, 0]
137	[-69.98724306351593, -2]
138	[-71.13754257357459, 0]
138	[-69.98724306351593, -2]
139	[-71.13754257357459, 0]
139	[-69.98724306351593, -2]
140	[-71.13754257357459, 0]
140	[-69.98724306351593, -2]
141	[-71.13754257357459, 0]
141	[-69.92097512094549, -2]
142	[-71.13754257357459, 0]
142	[-69.92097512094549, -2]
142	[-69.09074150076044, -3]
143	[-71.13754257357459, 0]
143	[-69.92097512094549, -2]
143	[-69.09074150076044, -3]
144	[-71.13754257357459, 0]
144	[-69.92097512094549, -2]
144	[-69.09074150076044, -3]
145	[-71.13754257357459, 0]
145	[-69.92097512094549, -2]
145	[-69.09074150076044, -3]
146	[-71.13754257357459, 0]
146	[-69.92097512094549, -2]
146	[-69.09074150076044, -3]
147	[-71.13754257357459, 0]
147	[-69.92097512094549, -2]
147	[-68.90285724207203, -3]
148	[-71.13754257357459, 0]
148	[-69.92097512094549, -2]
148	[-68.90285724207203, -3]
148	[-68.90285724207203, -3]
149	[-71.13754257357459, 0]
149	[-69.92097512094549, -2]
149	[-68.90285724207203, -3]
149	[-68.90285724207203, -3]
150	[-71.13754257357459, 0]
150	[-69.92097512094549, -2]
150	[-68.90285724207203, -3]
150	[-68.90285724207203, -3]
150	[-68.90285724207203, -3]
151	[-71.13754257357459, 0]
151	[-69.92097512094549, -2]
151	[-68.90285724207203, -3]
151	[-68.90285724207203, -3]
151	[-68.90285724207203, -3]
151	[-68.90285724207203, -3]
152	[-71.13754257357459, 0]
152	[-69.92097512094549, -2]
152	[-68.90285724207203, -3]
152	[-68.90285724207203, -3]
152	[-68.90285724207203, -3]
152	[-68.90285724207203, -3]
153	[-71.13754257357459, 0]
153	[-69.92097512094549, -2]
153	[-68.90285724207203, -3]
153	[-68.90285724207203, -3]
153	[-68.90285724207203, -3]
153	[-68.90285724207203, -3]
154	[-71.13754257357459, 0]
154	[-69.92097512094549, -2]
154	[-68.90285724207203, -3]
154	[-68.90285724207203, -3]
154	[-68.90285724207203, -3]
154	[-68.90285724207203, -3]
155	[-71.13754257357459, 0]
155	[-69.92097512094549, -2]
155	[-68.90285724207203, -3]
155	[-68.90285724207203, -3]
155	[-68.90285724207203, -3]
155	[-68.90285724207203, -3]
156	[-69.83996770163546, 0]
156	[-68.90285724207203, -3]
156	[-68.90285724207203, -3]
156	[-68.90285724207203, -3]
156	[-68.90285724207203, -3]
157	[-69.83996770163546, 0]
157	[-68.90285724207203, -3]
157	[-68.90285724207203, -3]
157	[-68.90285724207203, -3]
157	[-68.90285724207203, -3]
158	[-69.83996770163546, 0]
158	[-68.90285724207203, -3]
158	[-68.90285724207203, -3]
158	[-68.90285724207203, -3]
158	[-68.90285724207203, -3]
159	[-69.83996770163546, 0]
159	[-68.90285724207203, -3]
159	[-68.90285724207203, -3]
159	[-68.90285724207203, -3]
159	[-68.90285724207203, -3]
160	[-69.83996770163546, 0]
160	[-68.90285724207203, -3]
160	[-68.90285724207203, -3]
160	[-68.90285724207203, -3]
160	[-68.90285724207203, -3]
161	[-69.83996770163546, 0]
161	[-68.90285724207203, -3]
161	[-68.90285724207203, -3]
161	[-68.90285724207203, -3]
161	[-68.90285724207203, -3]
162	[-69.83996770163546, 0]
162	[-68.90285724207203, -3]
162	[-68.90285724207203, -3]
162	[-68.90285724207203, -3]
162	[-68.90285724207203, -3]
163	[-69.83996770163546, 0]
163	[-68.90285724207203, -3]
163	[-68.90285724207203, -3]
163	[-68.90285724207203, -3]
163	[-68.90285724207203, -3]
164	[-69.83996770163546, 0]
164	[-68.90285724207203, -3]
164	[-68.90285724207203, -3]
164	[-68.90285724207203, -3]
164	[-68.90285724207203, -3]
165	[-69.83996770163546, 0]
165	[-68.90285724207203, -3]
165	[-68.90285724207203, -3]
165	[-68.90285724207203, -3]
165	[-68.90285724207203, -3]
165	[-68.90285724207203, -3]
166	[-69.83996770163546, 0]
166	[-68.90285724207203, -3]
166	[-68.90285724207203, -3]
166	[-68.90285724207203, -3]
166	[-68.90285724207203, -3]
166	[-68.90285724207203, -3]
166	[-68.90285724207203, -3]
167	[-69.83996770163546, 0]
167	[-68.90285724207203, -3]
167	[-68.90285724207203, -3]
167	[-68.90285724207203, -3]
167	[-68.90285724207203, -3]
167	[-68.90285724207203, -3]
167	[-68.90285724207203, -3]
168	[-69.57079697377425, 0]
168	[-68.90285724207203, -3]
168	[-68.90285724207203, -3]
168	[-68.90285724207203, -3]
168	[-68.90285724207203, -3]
168	[-68.90285724207203, -3]
168	[-68.90285724207203, -3]
