Generation:
300

Phenotype:
4
V1 = gm([42.1, 4.6, 4]);
V2 = 7 - 23.8;
V2 = V2 + gm([35.3, 30, 1.7], [7, 22.6, 11.3], [29.5, 25.9, 1.3], [5.1, 1.9, 26.4], [44, 25, 2], [49, 41, 4]);
V3 = 7 - 23.8;
V3 = V3 + gm([35.3, 30, 1.7], [7, 22.6, 11.3], [29.5, 25.9, 1.3], [5.1, 1.9, 26.4], [44, 25, 2], [49, 41, 4]);

Pre-processed Program
:W = gm([1.000000], [4.6], [4]);T = 7;T = T - 23.8;T = T;T = T + gm([0.207769, 0.041201, 0.173632, 0.030018, 0.258976, 0.288405], [30, 22.6, 25.9, 1.9, 25, 41], [1.7, 11.3, 1.3, 26.4, 2, 4]);F = 7;F = F - 23.8;F = F;F = F + gm([0.207769, 0.041201, 0.173632, 0.030018, 0.258976, 0.288405], [30, 22.6, 25.9, 1.9, 25, 41], [1.7, 11.3, 1.3, 26.4, 2, 4]);Genotype:
[332, 417, 351, 394, 299, 320, 331, 410, 155, 42, 36, 253, 4, 500, 226, 157, 384, 355, 414, 244, 151, 164, 364, 429, 248, 379, 301, 329, 106, 474, 9, 52, 294, 427, 9, 239, 416, 404, 81, 487, 205, 168, 249, 480, 415, 401, 328, 176, 395, 470, 497, 493, 495, 182, 238, 7, 382, 413, 385, 307, 470, 107, 423, 209, 261, 495, 460, 35, 383]
Tree:
None
Fitness on 5000 data:
-68.58232287446236

Fitness:
[-68.54689898257618, 0]