Generation:
398

Phenotype:
13
V1 = uniform([+1.4e0, 2.2e1], 2);
V2 = +4.1e1;
V2 = V2 + gm([4.9e0, -2.9e1, 2.9e0]);
V3 = +0.3e0;
V3 = V3 + uniform([-1.1e0, 9.0e0], 2);
V4 = -V1 * -V1 - -5.1e1 * +V3 + -V2;
V4 = V4 + gm([2.5e0, +3.0e0, 9.8e0]);

Pre-processed Program
:T = uniform([1.400000, 23.400000], 2);F = 41;F = F + gm([1.000000], [-29], [2.9]);C = 0.3;C = C + uniform([-1.100000, 7.900000], 2);TEMP0 = T * T;TEMP1 = -51 * C;E = TEMP0;E = E - TEMP1;E = E - F;E = E + gm([1.000000], [3], [9.8]);Genotype:
[32, 420, 313, 317, 70, 2, 106, 431, 334, 474, 235, 182, 482, 433, 235, 184, 392, 425, 149, 400, 94, 41, 349, 60, 40, 196, 481, 374, 369, 86, 341, 317, 472, 49, 137, 430, 392, 449, 206, 376, 328, 332, 45, 459, 268, 180, 243, 26, 81, 367, 112, 491, 451, 81, 434, 117, 369, 90, 106, 40, 389, 341, 380, 45, 482, 444, 133, 228, 478, 23, 105, 341, 269, 12, 89, 330, 51, 435, 471, 173, 346, 116, 386, 202, 4, 490, 497, 457, 422, 19, 80, 177, 72, 65, 356, 129, 218, 163, 70, 292, 35, 309, 488, 92, 199, 260, 427, 280, 23, 344, 52, 388, 353, 374, 201, 485, 357, 38, 495, 401, 243, 389, 263, 419, 497, 161, 336, 125, 460, 89, 58, 352, 126, 19, 273, 354, 439, 105, 38, 224, 360, 337, 321, 52, 119, 55, 80, 336, 135, 179, 346, 351, 265, 382, 71, 110, 252, 329, 443, 303, 279, 377, 337, 420, 267, 59, 150, 163, 498, 254, 43, 176, 128, 402, 105, 265, 280, 200, 160, 7, 39, 209, 335, 273, 55, 473, 183, 423, 57, 341, 123, 146, 397, 292, 378, 124, 284, 240, 243, 45, 135, 117, 212, 351, 265, 382, 213, 112, 73, 329, 128, 253, 369, 1, 309, 297, 468, 59, 150, 163, 498, 252, 5, 391, 128, 303, 105, 265, 280, 126, 442, 7, 400, 33, 335, 258, 102, 402, 494, 481, 261, 100, 332, 421, 452, 350, 302, 500, 132, 467, 53, 156, 43, 188, 274, 230, 13, 197, 494, 329, 62, 89, 464, 112, 323, 66, 52, 424, 95, 3, 195, 198, 450, 89, 73, 401, 17, 196, 303, 289, 470, 196, 366, 268, 28, 323, 329, 401, 300, 74, 252, 195, 198, 450, 137, 308, 411, 17, 177]
Tree:
None
Fitness on 5000 data:
-99.17050897557357

Fitness:
-99.17050897557357