Generation:
398

Phenotype:
4
V1 = gm([9.5e0, +4.9e0, 1.5e0]);
V2 = gm([3.2e0, +9.8e0, 3.0e0]);
V3 = gm([0.1e0, +9.9e0, 1.5e0], [0.1e0, -3.6e0, 3.1e1], [0.0e1, +9.4e1, 1.4e1], [9.9e1, +9.9e0, 2.0e0]);

Pre-processed Program
:C = gm([1.000000], [4.9], [1.5]);T = gm([1.000000], [9.8], [3]);F = gm([0.001008, 0.001008, 0.000000, 0.997984], [9.9, -3.6, 94, 9.9], [1.5, 31, 14, 2]);Genotype:
[94, 81, 60, 102, 188, 296, 109, 475, 260, 291, 94, 254, 189, 448, 402, 421, 485, 272, 148, 18, 364, 178, 63, 52, 18, 251, 100, 59, 188, 310, 101, 373, 480, 340, 126, 424, 489, 110, 50, 131, 204, 208, 16, 89, 329, 340, 417, 311, 85, 422, 17, 497, 130, 321, 220, 122, 477, 223, 36, 118, 412, 63, 81, 37, 31, 335, 400, 190, 145, 362, 372, 19, 434, 277, 271, 431, 204, 401, 30, 280, 189, 149, 473, 184, 92, 389, 459, 182, 152, 62, 50, 268, 385, 141, 442, 12, 336, 488, 339, 336]
Tree:
None
Fitness on 5000 data:
-50.02084020313375

Fitness:
-50.02084020313375