Generation:
1198

Phenotype:
3
V1 = gm([8.0e1, +4.9e0, 1.5e0]);
V2 = gm([2.4e0, +9.9e0, 2.0e0]);
V3 = gm([0.0e0, +9.9e0, 3.1e0], [0.0e0, +9.8e0, 3.0e0]);

Pre-processed Program
:C = gm([1.000000], [4.9], [1.5]);F = gm([1.000000], [9.9], [2]);T = gm([1.000000, 1.000000], [9.9, 9.8], [3.1, 3]);Genotype:
[381, 290, 412, 331, 360, 248, 398, 330, 381, 265, 90, 424, 189, 448, 292, 421, 485, 142, 162, 447, 272, 207, 272, 4, 18, 496, 100, 179, 429, 310, 462, 142, 50, 476, 328, 424, 87, 166, 50, 240, 206, 456, 12, 89, 329, 216, 264, 383, 121, 422, 0, 277, 130, 130, 208, 122, 466, 189, 398, 356, 136, 63, 500, 74, 31, 291, 400, 190, 348, 362, 66, 19, 434, 277, 271, 109, 471, 401, 30, 280, 238, 144, 473, 144, 28, 112, 459, 182, 235, 62, 173, 268, 385, 141, 442, 12, 336, 488, 339, 336]
Tree:
None
Fitness on 5000 data:
-43.77668688553746

Fitness:
-43.77668688553746