Generation:
798

Phenotype:
2
V1 = gm([0.6e1, +9.9e0, 0.2e1]);
V2 = +V1;
V2 = V2 + uniform([-5.4e0, 2.0e1], 2);
V3 = -1.1e0;
V3 = V3 + gm([0.1e0, +6.1e0, 1.1e0]);

Pre-processed Program
:F = gm([1.000000], [9.9], [2]);T = F;T = T + uniform([-5.400000, 14.600000], 2);C = 0;C = C - 1.1;C = C + gm([1.000000], [6.1], [1.1]);Genotype:
[291, 319, 438, 388, 44, 90, 444, 240, 406, 293, 232, 356, 199, 469, 330, 379, 480, 482, 329, 302, 446, 16, 124, 438, 72, 9, 295, 479, 435, 495, 14, 500, 283, 112, 140, 431, 302, 372, 32, 477, 366, 483, 431, 351, 354, 410, 405, 306, 413, 70, 81, 34, 123, 388, 196, 421, 78, 368, 201, 11, 426, 45, 13, 269, 482, 75, 342, 284, 250, 120, 424, 113, 124, 391, 209, 362, 222, 222, 369, 33, 324, 98, 228, 102, 142, 330, 42, 253, 245, 410, 403, 468, 121, 77, 289, 153, 434, 493, 438, 474, 116, 103, 316, 15, 472, 447, 171, 302]
Tree:
None
Fitness on 5000 data:
-6.469337753558433

Fitness:
-6.469337753558433