Generation:
1500

Phenotype:
3
V1 = uniform([+4.1e0, 2.0e1], 2);
V2 = +V1;
V2 = V2 + gm([2.8e1, -7.1e0, 4.2e0]);
V3 = -V1 * -V1;
V3 = V3 + uniform([-6.3e0, 1.0e0], 2);

Pre-processed Program
:T = uniform([4.100000, 24.100000], 2);F = T;F = F + gm([1.000000], [-7.1], [4.2]);TEMP0 = T * T;P = TEMP0;P = P + uniform([-6.300000, -5.300000], 2);Genotype:
[485, 254, 429, 107, 369, 428, 420, 244, 161, 352, 82, 492, 340, 431, 91, 36, 198, 70, 424, 96, 14, 312, 42, 408, 462, 228, 417, 192, 59, 487, 371, 78, 477, 384, 322, 154, 346, 496, 297, 214, 6, 447, 362, 484, 239, 464, 475, 303, 29, 479, 146, 23, 140, 176, 131, 70, 430, 331, 160, 499, 144, 91, 184, 228, 400, 192, 175, 487, 371, 78, 497, 384, 322, 464, 189, 6, 159, 214, 6, 469, 200, 296, 291, 426, 321, 94, 406, 420, 203, 0, 23, 57, 109, 89, 388, 307, 68, 156, 477, 448, 92, 483, 442, 239, 333, 213, 412, 297, 303, 234, 149, 15, 13, 422, 450, 476, 137, 284, 433, 321, 211, 241, 322, 261, 156, 210, 276, 95, 38]
Tree:
None
Fitness on 5000 data:
-9.48438646397243

Fitness:
-9.48438646397243