0	[-988.1812997650388, 0]
0	[-189.89055779986316, -2]
1	[-243.9563941274702, 0]
1	[-170.6881398661713, -2]
2	[-164.35705984069543, 0]
2	[-131.35984995327098, -2]
3	[-148.79828998266365, 0]
3	[-131.35984995327098, -2]
4	[-136.6769477944766, 0]
4	[-126.2702975828049, -1]
4	[-125.60617563879364, -2]
5	[-136.6769477944766, 0]
5	[-118.48525858247478, -1]
5	[-115.56241858701178, -3]
6	[-129.1884361073966, 0]
6	[-110.24290404283289, -1]
7	[-129.1884361073966, 0]
7	[-110.24290404283289, -1]
8	[-129.1884361073966, 0]
8	[-102.32917095919326, -1]
9	[-129.1884361073966, 0]
9	[-102.32917095919326, -1]
10	[-129.08926622656483, 0]
10	[-102.32917095919326, -1]
11	[-129.08926622656483, 0]
11	[-102.32917095919326, -1]
12	[-129.08926622656483, 0]
12	[-102.32917095919326, -1]
12	[-101.50824238470273, -3]
13	[-116.08193439152457, 0]
13	[-102.32917095919326, -1]
13	[-101.50824238470273, -3]
14	[-110.64372790114841, 0]
14	[-102.32917095919326, -1]
14	[-102.32917095919326, -1]
14	[-101.50824238470273, -3]
15	[-110.64372790114841, 0]
15	[-101.86318416854044, -1]
15	[-101.50824238470273, -3]
16	[-110.64372790114841, 0]
16	[-101.86318416854044, -1]
16	[-101.50824238470273, -3]
17	[-110.64372790114841, 0]
17	[-99.92107817128013, -1]
18	[-110.64372790114841, 0]
18	[-99.92107817128013, -1]
19	[-110.64372790114841, 0]
19	[-99.92107817128013, -1]
20	[-110.64372790114841, 0]
20	[-99.91883042551379, -1]
21	[-110.64372790114841, 0]
21	[-99.91883042551379, -1]
22	[-110.64372790114841, 0]
22	[-99.46624233210284, -1]
23	[-110.64372790114841, 0]
23	[-94.96565350348143, -1]
24	[-110.64372790114841, 0]
24	[-94.96565350348143, -1]
25	[-110.64372790114841, 0]
25	[-94.96565350348143, -1]
26	[-110.64372790114841, 0]
26	[-94.96565350348143, -1]
27	[-110.64372790114841, 0]
27	[-90.48554665727933, -1]
28	[-107.88814387515751, 0]
28	[-88.68693279548579, -1]
29	[-104.8719894081894, 0]
29	[-88.68693279548579, -1]
30	[-104.8719894081894, 0]
30	[-88.59374443758168, -1]
31	[-104.8719894081894, 0]
31	[-104.8719894081894, 0]
31	[-88.59374443758168, -1]
32	[-104.8719894081894, 0]
32	[-104.8719894081894, 0]
32	[-88.59374443758168, -1]
33	[-94.93390628884829, 0]
33	[-87.78219924274035, -1]
34	[-94.93390628884829, 0]
34	[-87.78219924274035, -1]
35	[-94.93390628884829, 0]
35	[-87.78219924274035, -1]
35	[-87.78219924274035, -1]
36	[-94.93390628884829, 0]
36	[-87.78219924274035, -1]
36	[-87.78219924274035, -1]
37	[-94.93390628884829, 0]
37	[-87.49060011810175, -1]
38	[-94.93390628884829, 0]
38	[-87.49060011810175, -1]
39	[-94.93390628884829, 0]
39	[-87.49060011810175, -1]
40	[-94.93390628884829, 0]
40	[-87.49060011810175, -1]
41	[-94.93390628884829, 0]
41	[-83.61879947106374, -1]
42	[-94.93390628884829, 0]
42	[-83.61879947106374, -1]
43	[-94.93390628884829, 0]
43	[-83.61879947106374, -1]
44	[-94.93390628884829, 0]
44	[-83.61879947106374, -1]
45	[-94.93390628884829, 0]
45	[-83.61879947106374, -1]
46	[-94.93390628884829, 0]
46	[-79.66348604707377, -1]
47	[-92.57742108922479, 0]
47	[-79.66348604707377, -1]
48	[-92.57742108922479, 0]
48	[-79.66348604707377, -1]
49	[-92.57742108922479, 0]
49	[-79.66348604707377, -1]
50	[-92.57742108922479, 0]
50	[-79.66348604707377, -1]
51	[-92.57742108922479, 0]
51	[-79.66348604707377, -1]
52	[-92.57742108922479, 0]
52	[-79.66348604707377, -1]
53	[-92.57742108922479, 0]
53	[-79.66348604707377, -1]
54	[-92.57742108922479, 0]
54	[-79.66348604707377, -1]
55	[-92.57742108922479, 0]
55	[-79.66348604707377, -1]
56	[-92.57742108922479, 0]
56	[-79.66348604707377, -1]
57	[-92.57742108922479, 0]
57	[-79.66348604707377, -1]
58	[-91.70860568567512, 0]
58	[-77.7189295710456, -1]
59	[-91.70860568567512, 0]
59	[-77.7189295710456, -1]
60	[-91.70860568567512, 0]
60	[-77.7189295710456, -1]
61	[-91.70860568567512, 0]
61	[-77.7189295710456, -1]
62	[-91.70860568567512, 0]
62	[-77.7189295710456, -1]
62	[-77.7189295710456, -1]
63	[-91.70860568567512, 0]
63	[-77.7189295710456, -1]
63	[-77.7189295710456, -1]
64	[-91.70860568567512, 0]
64	[-77.7189295710456, -1]
64	[-77.7189295710456, -1]
65	[-91.70860568567512, 0]
65	[-74.9386705937382, -1]
66	[-91.70860568567512, 0]
66	[-74.9386705937382, -1]
67	[-91.70860568567512, 0]
67	[-74.9386705937382, -1]
68	[-91.70860568567512, 0]
68	[-74.9386705937382, -1]
69	[-91.70860568567512, 0]
69	[-74.9386705937382, -1]
70	[-91.54037218165246, 0]
70	[-74.9386705937382, -1]
71	[-91.54037218165246, 0]
71	[-74.9386705937382, -1]
72	[-91.54037218165246, 0]
72	[-74.20560468142902, -1]
73	[-91.54037218165246, 0]
73	[-74.17238741585147, -1]
74	[-91.54037218165246, 0]
74	[-74.17238741585147, -1]
75	[-90.48116770776467, 0]
75	[-74.17238741585147, -1]
76	[-89.18705803386274, 0]
76	[-74.08944363913544, -1]
77	[-87.4469646274739, 0]
77	[-74.08944363913544, -1]
78	[-87.4469646274739, 0]
78	[-72.62808485640977, -1]
79	[-87.4469646274739, 0]
79	[-72.62808485640977, -1]
80	[-87.4469646274739, 0]
80	[-71.41445309490534, -1]
81	[-87.4469646274739, 0]
81	[-71.41445309490534, -1]
81	[-71.41445309490534, -1]
82	[-87.4469646274739, 0]
82	[-71.41445309490534, -1]
82	[-71.41445309490534, -1]
82	[-71.41445309490534, -1]
83	[-87.4469646274739, 0]
83	[-71.41445309490534, -1]
83	[-71.41445309490534, -1]
83	[-71.41445309490534, -1]
83	[-71.41445309490534, -1]
83	[-71.41445309490534, -1]
84	[-87.4469646274739, 0]
84	[-71.10732438614106, -1]
85	[-87.4469646274739, 0]
85	[-71.10732438614106, -1]
86	[-87.4469646274739, 0]
86	[-71.10732438614106, -1]
87	[-87.4469646274739, 0]
87	[-70.99952897909316, -1]
88	[-87.4469646274739, 0]
88	[-70.99952897909316, -1]
89	[-87.4469646274739, 0]
89	[-70.99952897909316, -1]
90	[-87.4469646274739, 0]
90	[-70.76855393546168, -1]
91	[-87.4469646274739, 0]
91	[-70.76855393546168, -1]
91	[-70.76855393546168, -1]
92	[-87.4469646274739, 0]
92	[-70.76855393546168, -1]
92	[-70.76855393546168, -1]
93	[-87.4469646274739, 0]
93	[-70.76675868157626, -1]
94	[-87.4469646274739, 0]
94	[-70.76675868157626, -1]
95	[-87.4469646274739, 0]
95	[-70.76675868157626, -1]
95	[-70.76675868157626, -1]
96	[-87.4469646274739, 0]
96	[-70.76675868157626, -1]
96	[-70.76675868157626, -1]
97	[-87.4469646274739, 0]
97	[-70.76675868157626, -1]
97	[-70.76675868157626, -1]
98	[-87.4469646274739, 0]
98	[-70.76675868157626, -1]
98	[-70.76675868157626, -1]
99	[-87.4469646274739, 0]
99	[-70.4065611695503, -1]
100	[-87.4469646274739, 0]
100	[-70.4065611695503, -1]
101	[-87.4469646274739, 0]
101	[-70.39140498379967, -1]
102	[-87.4469646274739, 0]
102	[-70.38255104184468, -1]
103	[-87.4469646274739, 0]
103	[-70.38255104184468, -1]
104	[-81.3179590070588, 0]
104	[-70.37954632237279, -1]
105	[-81.3179590070588, 0]
105	[-70.37954632237279, -1]
106	[-81.3179590070588, 0]
106	[-70.37954632237279, -1]
107	[-81.3179590070588, 0]
107	[-70.37954632237279, -1]
108	[-81.3179590070588, 0]
108	[-70.37954632237279, -1]
109	[-80.25848233185187, 0]
109	[-70.37177582176369, -1]
110	[-80.25848233185187, 0]
110	[-66.51820202532414, -1]
111	[-80.22223175191438, 0]
111	[-66.51820202532414, -1]
112	[-80.22223175191438, 0]
112	[-66.51820202532414, -1]
113	[-80.22223175191438, 0]
113	[-66.51820202532414, -1]
114	[-80.22223175191438, 0]
114	[-66.51820202532414, -1]
115	[-80.22223175191438, 0]
115	[-66.51820202532414, -1]
116	[-80.22223175191438, 0]
116	[-66.51820202532414, -1]
117	[-80.22223175191438, 0]
117	[-66.51820202532414, -1]
117	[-66.51820202532414, -1]
118	[-77.46986093406915, 0]
118	[-66.51820202532414, -1]
118	[-66.51820202532414, -1]
119	[-77.46986093406915, 0]
119	[-66.51820202532414, -1]
119	[-66.51820202532414, -1]
120	[-77.46986093406915, 0]
120	[-66.51820202532414, -1]
120	[-66.51820202532414, -1]
120	[-66.51820202532414, -1]
120	[-66.51820202532414, -1]
121	[-77.46986093406915, 0]
121	[-65.72278448435418, -1]
122	[-76.75227777140016, 0]
122	[-65.72278448435418, -1]
123	[-75.88452741845508, 0]
123	[-65.72278448435418, -1]
123	[-65.72278448435418, -1]
124	[-75.7623377271484, 0]
124	[-65.72278448435418, -1]
124	[-65.72278448435418, -1]
125	[-75.7623377271484, 0]
125	[-65.72278448435418, -1]
125	[-65.72278448435418, -1]
126	[-75.7623377271484, 0]
126	[-65.71641790747009, -1]
127	[-74.76902207246782, 0]
127	[-65.71641790747009, -1]
128	[-74.76902207246782, 0]
128	[-65.71641790747009, -1]
129	[-74.76902207246782, 0]
129	[-65.71641790747009, -1]
130	[-74.76902207246782, 0]
130	[-65.65268461867768, -1]
131	[-74.76902207246782, 0]
131	[-65.60945414191855, -1]
132	[-74.76902207246782, 0]
132	[-65.60945414191855, -1]
133	[-74.76902207246782, 0]
133	[-65.60945414191855, -1]
133	[-65.60945414191855, -1]
134	[-74.61710870542709, 0]
134	[-65.60945414191855, -1]
134	[-65.60945414191855, -1]
135	[-74.61710870542709, 0]
135	[-65.60945414191855, -1]
135	[-65.60945414191855, -1]
135	[-65.60945414191855, -1]
136	[-74.61710870542709, 0]
136	[-64.86778559015748, -1]
137	[-74.4636815205632, 0]
137	[-64.86778559015748, -1]
138	[-74.4636815205632, 0]
138	[-64.86778559015748, -1]
139	[-74.4636815205632, 0]
139	[-64.86778559015748, -1]
140	[-72.97735273589997, 0]
140	[-64.86778559015748, -1]
140	[-64.86778559015748, -1]
141	[-72.92350631152189, 0]
141	[-64.84324601593221, -1]
142	[-72.74184906700792, 0]
142	[-64.84324601593221, -1]
143	[-72.74184906700792, 0]
143	[-72.74184906700792, 0]
143	[-64.8341524573898, -1]
144	[-72.74184906700792, 0]
144	[-72.74184906700792, 0]
144	[-72.74184906700792, 0]
144	[-64.8341524573898, -1]
145	[-72.74184906700792, 0]
145	[-72.74184906700792, 0]
145	[-72.74184906700792, 0]
145	[-64.81511108764727, -1]
146	[-72.74184906700792, 0]
146	[-72.74184906700792, 0]
146	[-72.74184906700792, 0]
146	[-72.74184906700792, 0]
146	[-72.74184906700792, 0]
146	[-72.74184906700792, 0]
146	[-64.51735467346286, -1]
147	[-72.74184906700792, 0]
147	[-72.74184906700792, 0]
147	[-72.74184906700792, 0]
147	[-72.74184906700792, 0]
147	[-72.74184906700792, 0]
147	[-72.74184906700792, 0]
147	[-64.51735467346286, -1]
148	[-72.49343481298135, 0]
148	[-64.51735467346286, -1]
149	[-71.40194881203519, 0]
149	[-64.51735467346286, -1]
150	[-71.40194881203519, 0]
150	[-64.51735467346286, -1]
151	[-71.40194881203519, 0]
151	[-64.51735467346286, -1]
152	[-71.40194881203519, 0]
152	[-64.51735467346286, -1]
153	[-71.40194881203519, 0]
153	[-64.51735467346286, -1]
154	[-71.40194881203519, 0]
154	[-64.51735467346286, -1]
154	[-64.51735467346286, -1]
155	[-71.40194881203519, 0]
155	[-64.51735467346286, -1]
155	[-64.51735467346286, -1]
156	[-71.40194881203519, 0]
156	[-64.48549585630548, -1]
157	[-71.40194881203519, 0]
157	[-64.4844690760811, -1]
158	[-71.40194881203519, 0]
158	[-64.47449556673207, -1]
159	[-71.40194881203519, 0]
159	[-64.47449556673207, -1]
160	[-71.01257512105614, 0]
160	[-64.47449556673207, -1]
161	[-71.01257512105614, 0]
161	[-62.223306548099565, -1]
162	[-71.01257512105614, 0]
162	[-62.223306548099565, -1]
163	[-70.8551649076776, 0]
163	[-62.223306548099565, -1]
164	[-70.8551649076776, 0]
164	[-62.223306548099565, -1]
165	[-70.8551649076776, 0]
165	[-62.223306548099565, -1]
166	[-68.24933954078286, 0]
166	[-62.223306548099565, -1]
167	[-68.24933954078286, 0]
167	[-62.223306548099565, -1]
168	[-68.24933954078286, 0]
168	[-62.223306548099565, -1]
169	[-68.24933954078286, 0]
169	[-68.24933954078286, 0]
169	[-62.223306548099565, -1]
170	[-68.24933954078286, 0]
170	[-68.24933954078286, 0]
170	[-62.223306548099565, -1]
171	[-68.24933954078286, 0]
171	[-68.24933954078286, 0]
171	[-68.24933954078286, 0]
171	[-62.223306548099565, -1]
172	[-67.9723319729036, 0]
172	[-62.223306548099565, -1]
173	[-67.88059537638915, 0]
173	[-62.223306548099565, -1]
174	[-67.88059537638915, 0]
174	[-62.223306548099565, -1]
174	[-62.223306548099565, -1]
175	[-67.85692151033996, 0]
175	[-62.223306548099565, -1]
175	[-62.223306548099565, -1]
175	[-62.223306548099565, -1]
176	[-67.85692151033996, 0]
176	[-62.223306548099565, -1]
176	[-62.223306548099565, -1]
176	[-62.223306548099565, -1]
177	[-67.85692151033996, 0]
177	[-62.12856177471097, -1]
178	[-67.85692151033996, 0]
178	[-62.12856177471097, -1]
179	[-66.7788154237559, 0]
179	[-62.12856177471097, -1]
180	[-66.7788154237559, 0]
180	[-61.497977716242694, -1]
181	[-66.7788154237559, 0]
181	[-66.7788154237559, 0]
181	[-66.7788154237559, 0]
181	[-61.497977716242694, -1]
182	[-66.7788154237559, 0]
182	[-66.7788154237559, 0]
182	[-66.7788154237559, 0]
182	[-61.497977716242694, -1]
182	[-61.497977716242694, -1]
183	[-66.7788154237559, 0]
183	[-66.7788154237559, 0]
183	[-66.7788154237559, 0]
183	[-66.7788154237559, 0]
183	[-61.497977716242694, -1]
183	[-61.497977716242694, -1]
184	[-66.7788154237559, 0]
184	[-66.7788154237559, 0]
184	[-66.7788154237559, 0]
184	[-66.7788154237559, 0]
184	[-61.41940742543738, -1]
185	[-66.72083555714367, 0]
185	[-61.41940742543738, -1]
185	[-61.41940742543738, -1]
186	[-66.51421767746561, 0]
186	[-61.41940742543738, -1]
186	[-61.41940742543738, -1]
186	[-61.41940742543738, -1]
187	[-66.51421767746561, 0]
187	[-61.41940742543738, -1]
187	[-61.41940742543738, -1]
187	[-61.41940742543738, -1]
187	[-61.41940742543738, -1]
188	[-66.51421767746561, 0]
188	[-61.354811059235324, -1]
189	[-66.51421767746561, 0]
189	[-61.354811059235324, -1]
190	[-66.51421767746561, 0]
190	[-61.354811059235324, -1]
190	[-61.354811059235324, -1]
190	[-61.354811059235324, -1]
191	[-66.51421767746561, 0]
191	[-61.354811059235324, -1]
191	[-61.354811059235324, -1]
191	[-61.354811059235324, -1]
192	[-66.51421767746561, 0]
192	[-61.354811059235324, -1]
192	[-61.354811059235324, -1]
192	[-61.354811059235324, -1]
193	[-66.4955288252105, 0]
193	[-61.354811059235324, -1]
193	[-61.354811059235324, -1]
193	[-61.354811059235324, -1]
194	[-66.4955288252105, 0]
194	[-66.4955288252105, 0]
194	[-61.25096242813415, -1]
195	[-66.4955288252105, 0]
195	[-66.4955288252105, 0]
195	[-61.244752439283715, -1]
196	[-66.4955288252105, 0]
196	[-66.4955288252105, 0]
196	[-61.244752439283715, -1]
197	[-66.4955288252105, 0]
197	[-66.4955288252105, 0]
197	[-66.4955288252105, 0]
197	[-61.244752439283715, -1]
198	[-66.4955288252105, 0]
198	[-66.4955288252105, 0]
198	[-66.4955288252105, 0]
198	[-61.244752439283715, -1]
199	[-66.4612791115662, 0]
199	[-61.244752439283715, -1]
200	[-66.4612791115662, 0]
200	[-61.244752439283715, -1]
200	[-61.244752439283715, -1]
201	[-66.4612791115662, 0]
201	[-61.244752439283715, -1]
201	[-61.244752439283715, -1]
202	[-66.4612791115662, 0]
202	[-61.244752439283715, -1]
202	[-61.244752439283715, -1]
203	[-66.4612791115662, 0]
203	[-66.4612791115662, 0]
203	[-61.21473146377606, -1]
204	[-66.4612791115662, 0]
204	[-66.4612791115662, 0]
204	[-61.21473146377606, -1]
205	[-66.4612791115662, 0]
205	[-66.4612791115662, 0]
205	[-61.047381726201245, -1]
206	[-66.43763536596892, 0]
206	[-61.047381726201245, -1]
207	[-66.43763536596892, 0]
207	[-61.047381726201245, -1]
208	[-66.43763536596892, 0]
208	[-66.43763536596892, 0]
208	[-61.047381726201245, -1]
209	[-66.43763536596892, 0]
209	[-66.43763536596892, 0]
209	[-61.047381726201245, -1]
210	[-66.43763536596892, 0]
210	[-66.43763536596892, 0]
210	[-61.047381726201245, -1]
211	[-66.43763536596892, 0]
211	[-66.43763536596892, 0]
211	[-61.047381726201245, -1]
212	[-66.43763536596892, 0]
212	[-66.43763536596892, 0]
212	[-61.047381726201245, -1]
213	[-66.43763536596892, 0]
213	[-66.43763536596892, 0]
213	[-61.047381726201245, -1]
214	[-66.43763536596892, 0]
214	[-66.43763536596892, 0]
214	[-61.047381726201245, -1]
215	[-66.43763536596892, 0]
215	[-66.43763536596892, 0]
215	[-66.43763536596892, 0]
215	[-61.047381726201245, -1]
216	[-66.43763536596892, 0]
216	[-66.43763536596892, 0]
216	[-66.43763536596892, 0]
216	[-61.047381726201245, -1]
217	[-66.43763536596892, 0]
217	[-66.43763536596892, 0]
217	[-66.43763536596892, 0]
217	[-66.43763536596892, 0]
217	[-66.43763536596892, 0]
217	[-66.43763536596892, 0]
217	[-61.047381726201245, -1]
218	[-66.43763536596892, 0]
218	[-66.43763536596892, 0]
218	[-66.43763536596892, 0]
218	[-66.43763536596892, 0]
218	[-66.43763536596892, 0]
218	[-66.43763536596892, 0]
218	[-61.047381726201245, -1]
218	[-61.047381726201245, -1]
219	[-66.43763536596892, 0]
219	[-66.43763536596892, 0]
219	[-66.43763536596892, 0]
219	[-66.43763536596892, 0]
219	[-66.43763536596892, 0]
219	[-66.43763536596892, 0]
219	[-61.047381726201245, -1]
219	[-61.047381726201245, -1]
220	[-66.43763536596892, 0]
220	[-66.43763536596892, 0]
220	[-66.43763536596892, 0]
220	[-66.43763536596892, 0]
220	[-66.43763536596892, 0]
220	[-66.43763536596892, 0]
220	[-61.047381726201245, -1]
220	[-61.047381726201245, -1]
221	[-66.43763536596892, 0]
221	[-66.43763536596892, 0]
221	[-66.43763536596892, 0]
221	[-66.43763536596892, 0]
221	[-66.43763536596892, 0]
221	[-66.43763536596892, 0]
221	[-66.43763536596892, 0]
221	[-66.43763536596892, 0]
221	[-66.43763536596892, 0]
221	[-61.047381726201245, -1]
221	[-61.047381726201245, -1]
222	[-66.43763536596892, 0]
222	[-66.43763536596892, 0]
222	[-66.43763536596892, 0]
222	[-66.43763536596892, 0]
222	[-66.43763536596892, 0]
222	[-66.43763536596892, 0]
222	[-66.43763536596892, 0]
222	[-66.43763536596892, 0]
222	[-66.43763536596892, 0]
222	[-66.43763536596892, 0]
222	[-61.047381726201245, -1]
222	[-61.047381726201245, -1]
223	[-66.43763536596892, 0]
223	[-66.43763536596892, 0]
223	[-66.43763536596892, 0]
223	[-66.43763536596892, 0]
223	[-66.43763536596892, 0]
223	[-66.43763536596892, 0]
223	[-66.43763536596892, 0]
223	[-66.43763536596892, 0]
223	[-66.43763536596892, 0]
223	[-66.43763536596892, 0]
223	[-61.047381726201245, -1]
223	[-61.047381726201245, -1]
223	[-61.047381726201245, -1]
223	[-61.047381726201245, -1]
224	[-66.43763536596892, 0]
224	[-66.43763536596892, 0]
224	[-66.43763536596892, 0]
224	[-66.43763536596892, 0]
224	[-66.43763536596892, 0]
224	[-66.43763536596892, 0]
224	[-66.43763536596892, 0]
224	[-66.43763536596892, 0]
224	[-66.43763536596892, 0]
224	[-66.43763536596892, 0]
224	[-66.43763536596892, 0]
224	[-61.047381726201245, -1]
224	[-61.047381726201245, -1]
224	[-61.047381726201245, -1]
224	[-61.047381726201245, -1]
224	[-61.047381726201245, -1]
224	[-61.047381726201245, -1]
225	[-66.43763536596892, 0]
225	[-66.43763536596892, 0]
225	[-66.43763536596892, 0]
225	[-66.43763536596892, 0]
225	[-66.43763536596892, 0]
225	[-66.43763536596892, 0]
225	[-66.43763536596892, 0]
225	[-66.43763536596892, 0]
225	[-66.43763536596892, 0]
225	[-66.43763536596892, 0]
225	[-66.43763536596892, 0]
225	[-66.43763536596892, 0]
225	[-61.047381726201245, -1]
225	[-61.047381726201245, -1]
225	[-61.047381726201245, -1]
225	[-61.047381726201245, -1]
225	[-61.047381726201245, -1]
225	[-61.047381726201245, -1]
225	[-61.047381726201245, -1]
226	[-66.43763536596892, 0]
226	[-66.43763536596892, 0]
226	[-66.43763536596892, 0]
226	[-66.43763536596892, 0]
226	[-66.43763536596892, 0]
226	[-66.43763536596892, 0]
226	[-66.43763536596892, 0]
226	[-66.43763536596892, 0]
226	[-66.43763536596892, 0]
226	[-66.43763536596892, 0]
226	[-66.43763536596892, 0]
226	[-66.43763536596892, 0]
226	[-66.43763536596892, 0]
226	[-66.43763536596892, 0]
226	[-61.047381726201245, -1]
226	[-61.047381726201245, -1]
226	[-61.047381726201245, -1]
226	[-61.047381726201245, -1]
226	[-61.047381726201245, -1]
226	[-61.047381726201245, -1]
226	[-61.047381726201245, -1]
226	[-61.047381726201245, -1]
227	[-66.43763536596892, 0]
227	[-66.43763536596892, 0]
227	[-66.43763536596892, 0]
227	[-66.43763536596892, 0]
227	[-66.43763536596892, 0]
227	[-66.43763536596892, 0]
227	[-66.43763536596892, 0]
227	[-66.43763536596892, 0]
227	[-66.43763536596892, 0]
227	[-66.43763536596892, 0]
227	[-66.43763536596892, 0]
227	[-66.43763536596892, 0]
227	[-66.43763536596892, 0]
227	[-66.43763536596892, 0]
227	[-61.047381726201245, -1]
227	[-61.047381726201245, -1]
227	[-61.047381726201245, -1]
227	[-61.047381726201245, -1]
227	[-61.047381726201245, -1]
227	[-61.047381726201245, -1]
227	[-61.047381726201245, -1]
227	[-61.047381726201245, -1]
228	[-66.43763536596892, 0]
228	[-66.43763536596892, 0]
228	[-66.43763536596892, 0]
228	[-66.43763536596892, 0]
228	[-66.43763536596892, 0]
228	[-66.43763536596892, 0]
228	[-66.43763536596892, 0]
228	[-66.43763536596892, 0]
228	[-66.43763536596892, 0]
228	[-66.43763536596892, 0]
228	[-66.43763536596892, 0]
228	[-66.43763536596892, 0]
228	[-66.43763536596892, 0]
228	[-66.43763536596892, 0]
228	[-66.43763536596892, 0]
228	[-66.43763536596892, 0]
228	[-66.43763536596892, 0]
228	[-66.43763536596892, 0]
228	[-61.047381726201245, -1]
228	[-61.047381726201245, -1]
228	[-61.047381726201245, -1]
228	[-61.047381726201245, -1]
228	[-61.047381726201245, -1]
228	[-61.047381726201245, -1]
228	[-61.047381726201245, -1]
228	[-61.047381726201245, -1]
229	[-66.43763536596892, 0]
229	[-66.43763536596892, 0]
229	[-66.43763536596892, 0]
229	[-66.43763536596892, 0]
229	[-66.43763536596892, 0]
229	[-66.43763536596892, 0]
229	[-66.43763536596892, 0]
229	[-66.43763536596892, 0]
229	[-66.43763536596892, 0]
229	[-66.43763536596892, 0]
229	[-66.43763536596892, 0]
229	[-66.43763536596892, 0]
229	[-66.43763536596892, 0]
229	[-66.43763536596892, 0]
229	[-66.43763536596892, 0]
229	[-66.43763536596892, 0]
229	[-66.43763536596892, 0]
229	[-66.43763536596892, 0]
229	[-66.43763536596892, 0]
229	[-66.43763536596892, 0]
229	[-61.047381726201245, -1]
229	[-61.047381726201245, -1]
229	[-61.047381726201245, -1]
229	[-61.047381726201245, -1]
229	[-61.047381726201245, -1]
229	[-61.047381726201245, -1]
229	[-61.047381726201245, -1]
229	[-61.047381726201245, -1]
230	[-66.43763536596892, 0]
230	[-66.43763536596892, 0]
230	[-66.43763536596892, 0]
230	[-66.43763536596892, 0]
230	[-66.43763536596892, 0]
230	[-66.43763536596892, 0]
230	[-66.43763536596892, 0]
230	[-66.43763536596892, 0]
230	[-66.43763536596892, 0]
230	[-66.43763536596892, 0]
230	[-66.43763536596892, 0]
230	[-66.43763536596892, 0]
230	[-66.43763536596892, 0]
230	[-66.43763536596892, 0]
230	[-66.43763536596892, 0]
230	[-66.43763536596892, 0]
230	[-66.43763536596892, 0]
230	[-66.43763536596892, 0]
230	[-66.43763536596892, 0]
230	[-66.43763536596892, 0]
230	[-66.43763536596892, 0]
230	[-66.43763536596892, 0]
230	[-61.047381726201245, -1]
230	[-61.047381726201245, -1]
230	[-61.047381726201245, -1]
230	[-61.047381726201245, -1]
230	[-61.047381726201245, -1]
230	[-61.047381726201245, -1]
230	[-61.047381726201245, -1]
230	[-61.047381726201245, -1]
231	[-66.35071935778497, 0]
231	[-61.047381726201245, -1]
231	[-61.047381726201245, -1]
231	[-61.047381726201245, -1]
231	[-61.047381726201245, -1]
231	[-61.047381726201245, -1]
231	[-61.047381726201245, -1]
231	[-61.047381726201245, -1]
231	[-61.047381726201245, -1]
231	[-61.047381726201245, -1]
232	[-66.35071935778497, 0]
232	[-61.047381726201245, -1]
232	[-61.047381726201245, -1]
232	[-61.047381726201245, -1]
232	[-61.047381726201245, -1]
232	[-61.047381726201245, -1]
232	[-61.047381726201245, -1]
232	[-61.047381726201245, -1]
232	[-61.047381726201245, -1]
232	[-61.047381726201245, -1]
232	[-61.047381726201245, -1]
233	[-66.35071935778497, 0]
233	[-61.047381726201245, -1]
233	[-61.047381726201245, -1]
233	[-61.047381726201245, -1]
233	[-61.047381726201245, -1]
233	[-61.047381726201245, -1]
233	[-61.047381726201245, -1]
233	[-61.047381726201245, -1]
233	[-61.047381726201245, -1]
233	[-61.047381726201245, -1]
233	[-61.047381726201245, -1]
233	[-61.047381726201245, -1]
233	[-61.047381726201245, -1]
233	[-61.047381726201245, -1]
234	[-66.35071935778497, 0]
234	[-61.047381726201245, -1]
234	[-61.047381726201245, -1]
234	[-61.047381726201245, -1]
234	[-61.047381726201245, -1]
234	[-61.047381726201245, -1]
234	[-61.047381726201245, -1]
234	[-61.047381726201245, -1]
234	[-61.047381726201245, -1]
234	[-61.047381726201245, -1]
234	[-61.047381726201245, -1]
234	[-61.047381726201245, -1]
234	[-61.047381726201245, -1]
234	[-61.047381726201245, -1]
234	[-61.047381726201245, -1]
234	[-61.047381726201245, -1]
234	[-61.047381726201245, -1]
235	[-66.35071935778497, 0]
235	[-61.047381726201245, -1]
235	[-61.047381726201245, -1]
235	[-61.047381726201245, -1]
235	[-61.047381726201245, -1]
235	[-61.047381726201245, -1]
235	[-61.047381726201245, -1]
235	[-61.047381726201245, -1]
235	[-61.047381726201245, -1]
235	[-61.047381726201245, -1]
235	[-61.047381726201245, -1]
235	[-61.047381726201245, -1]
235	[-61.047381726201245, -1]
235	[-61.047381726201245, -1]
235	[-61.047381726201245, -1]
235	[-61.047381726201245, -1]
235	[-61.047381726201245, -1]
236	[-66.35071935778497, 0]
236	[-66.35071935778497, 0]
236	[-60.99010302584614, -1]
237	[-66.35071935778497, 0]
237	[-66.35071935778497, 0]
237	[-66.35071935778497, 0]
237	[-60.99010302584614, -1]
238	[-66.35071935778497, 0]
238	[-66.35071935778497, 0]
238	[-66.35071935778497, 0]
238	[-60.99010302584614, -1]
239	[-64.41504444519771, 0]
239	[-60.99010302584614, -1]
239	[-60.99010302584614, -1]
240	[-64.41504444519771, 0]
240	[-60.99010302584614, -1]
240	[-60.99010302584614, -1]
241	[-64.41504444519771, 0]
241	[-64.41504444519771, 0]
241	[-60.99010302584614, -1]
241	[-60.99010302584614, -1]
241	[-60.99010302584614, -1]
241	[-60.99010302584614, -1]
242	[-64.41504444519771, 0]
242	[-64.41504444519771, 0]
242	[-60.99010302584614, -1]
242	[-60.99010302584614, -1]
242	[-60.99010302584614, -1]
242	[-60.99010302584614, -1]
243	[-64.41504444519771, 0]
243	[-64.41504444519771, 0]
243	[-64.41504444519771, 0]
243	[-60.99010302584614, -1]
243	[-60.99010302584614, -1]
243	[-60.99010302584614, -1]
243	[-60.99010302584614, -1]
243	[-60.99010302584614, -1]
244	[-64.41504444519771, 0]
244	[-64.41504444519771, 0]
244	[-64.41504444519771, 0]
244	[-60.75062975866797, -1]
245	[-64.41504444519771, 0]
245	[-64.41504444519771, 0]
245	[-64.41504444519771, 0]
245	[-64.41504444519771, 0]
245	[-60.75062975866797, -1]
245	[-60.75062975866797, -1]
245	[-60.75062975866797, -1]
246	[-64.41504444519771, 0]
246	[-64.41504444519771, 0]
246	[-64.41504444519771, 0]
246	[-64.41504444519771, 0]
246	[-60.75062975866797, -1]
246	[-60.75062975866797, -1]
246	[-60.75062975866797, -1]
247	[-64.41504444519771, 0]
247	[-64.41504444519771, 0]
247	[-64.41504444519771, 0]
247	[-64.41504444519771, 0]
247	[-64.41504444519771, 0]
247	[-60.75062975866797, -1]
247	[-60.75062975866797, -1]
247	[-60.75062975866797, -1]
248	[-64.41504444519771, 0]
248	[-64.41504444519771, 0]
248	[-64.41504444519771, 0]
248	[-64.41504444519771, 0]
248	[-64.41504444519771, 0]
248	[-60.75062975866797, -1]
248	[-60.75062975866797, -1]
248	[-60.75062975866797, -1]
249	[-64.41504444519771, 0]
249	[-64.41504444519771, 0]
249	[-64.41504444519771, 0]
249	[-64.41504444519771, 0]
249	[-64.41504444519771, 0]
249	[-64.41504444519771, 0]
249	[-64.41504444519771, 0]
249	[-60.42482495437991, -1]
250	[-64.41504444519771, 0]
250	[-64.41504444519771, 0]
250	[-64.41504444519771, 0]
250	[-64.41504444519771, 0]
250	[-64.41504444519771, 0]
250	[-64.41504444519771, 0]
250	[-64.41504444519771, 0]
250	[-60.42482495437991, -1]
251	[-64.41504444519771, 0]
251	[-64.41504444519771, 0]
251	[-64.41504444519771, 0]
251	[-64.41504444519771, 0]
251	[-64.41504444519771, 0]
251	[-64.41504444519771, 0]
251	[-64.41504444519771, 0]
251	[-64.41504444519771, 0]
251	[-64.41504444519771, 0]
251	[-60.42482495437991, -1]
252	[-64.41504444519771, 0]
252	[-64.41504444519771, 0]
252	[-64.41504444519771, 0]
252	[-64.41504444519771, 0]
252	[-64.41504444519771, 0]
252	[-64.41504444519771, 0]
252	[-64.41504444519771, 0]
252	[-64.41504444519771, 0]
252	[-64.41504444519771, 0]
252	[-60.39074884011362, -1]
253	[-64.41504444519771, 0]
253	[-64.41504444519771, 0]
253	[-64.41504444519771, 0]
253	[-64.41504444519771, 0]
253	[-64.41504444519771, 0]
253	[-64.41504444519771, 0]
253	[-64.41504444519771, 0]
253	[-64.41504444519771, 0]
253	[-64.41504444519771, 0]
253	[-60.39074884011362, -1]
254	[-64.41504444519771, 0]
254	[-64.41504444519771, 0]
254	[-64.41504444519771, 0]
254	[-64.41504444519771, 0]
254	[-64.41504444519771, 0]
254	[-64.41504444519771, 0]
254	[-64.41504444519771, 0]
254	[-64.41504444519771, 0]
254	[-64.41504444519771, 0]
254	[-64.41504444519771, 0]
254	[-64.41504444519771, 0]
254	[-64.41504444519771, 0]
254	[-64.41504444519771, 0]
254	[-60.39074884011362, -1]
255	[-64.41504444519771, 0]
255	[-64.41504444519771, 0]
255	[-64.41504444519771, 0]
255	[-64.41504444519771, 0]
255	[-64.41504444519771, 0]
255	[-64.41504444519771, 0]
255	[-64.41504444519771, 0]
255	[-64.41504444519771, 0]
255	[-64.41504444519771, 0]
255	[-64.41504444519771, 0]
255	[-64.41504444519771, 0]
255	[-64.41504444519771, 0]
255	[-64.41504444519771, 0]
255	[-64.41504444519771, 0]
255	[-64.41504444519771, 0]
255	[-64.41504444519771, 0]
255	[-64.41504444519771, 0]
255	[-60.300103164726444, -1]
256	[-64.0382011246014, 0]
256	[-60.300103164726444, -1]
257	[-64.0382011246014, 0]
257	[-64.0382011246014, 0]
257	[-60.300103164726444, -1]
258	[-64.0382011246014, 0]
258	[-64.0382011246014, 0]
258	[-60.28994005082867, -1]
259	[-64.0382011246014, 0]
259	[-64.0382011246014, 0]
259	[-64.0382011246014, 0]
259	[-60.28994005082867, -1]
260	[-64.0382011246014, 0]
260	[-64.0382011246014, 0]
260	[-64.0382011246014, 0]
260	[-60.25550490917672, -1]
261	[-64.0382011246014, 0]
261	[-64.0382011246014, 0]
261	[-64.0382011246014, 0]
261	[-60.25550490917672, -1]
262	[-64.0382011246014, 0]
262	[-64.0382011246014, 0]
262	[-64.0382011246014, 0]
262	[-64.0382011246014, 0]
262	[-60.25550490917672, -1]
262	[-60.25550490917672, -1]
263	[-64.0382011246014, 0]
263	[-64.0382011246014, 0]
263	[-64.0382011246014, 0]
263	[-64.0382011246014, 0]
263	[-60.25550490917672, -1]
263	[-60.25550490917672, -1]
263	[-60.25550490917672, -1]
264	[-64.0382011246014, 0]
264	[-64.0382011246014, 0]
264	[-64.0382011246014, 0]
264	[-64.0382011246014, 0]
264	[-64.0382011246014, 0]
264	[-60.25550490917672, -1]
264	[-60.25550490917672, -1]
264	[-60.25550490917672, -1]
265	[-64.0382011246014, 0]
265	[-64.0382011246014, 0]
265	[-64.0382011246014, 0]
265	[-64.0382011246014, 0]
265	[-64.0382011246014, 0]
265	[-64.0382011246014, 0]
265	[-60.25550490917672, -1]
265	[-60.25550490917672, -1]
265	[-60.25550490917672, -1]
266	[-64.0382011246014, 0]
266	[-64.0382011246014, 0]
266	[-64.0382011246014, 0]
266	[-64.0382011246014, 0]
266	[-64.0382011246014, 0]
266	[-64.0382011246014, 0]
266	[-64.0382011246014, 0]
266	[-60.25550490917672, -1]
266	[-60.25550490917672, -1]
266	[-60.25550490917672, -1]
267	[-64.0382011246014, 0]
267	[-64.0382011246014, 0]
267	[-64.0382011246014, 0]
267	[-64.0382011246014, 0]
267	[-64.0382011246014, 0]
267	[-64.0382011246014, 0]
267	[-64.0382011246014, 0]
267	[-64.0382011246014, 0]
267	[-60.25550490917672, -1]
267	[-60.25550490917672, -1]
267	[-60.25550490917672, -1]
267	[-60.25550490917672, -1]
268	[-64.0382011246014, 0]
268	[-64.0382011246014, 0]
268	[-64.0382011246014, 0]
268	[-64.0382011246014, 0]
268	[-64.0382011246014, 0]
268	[-64.0382011246014, 0]
268	[-64.0382011246014, 0]
268	[-64.0382011246014, 0]
268	[-60.25550490917672, -1]
268	[-60.25550490917672, -1]
268	[-60.25550490917672, -1]
268	[-60.25550490917672, -1]
268	[-60.25550490917672, -1]
269	[-64.0382011246014, 0]
269	[-64.0382011246014, 0]
269	[-64.0382011246014, 0]
269	[-64.0382011246014, 0]
269	[-64.0382011246014, 0]
269	[-64.0382011246014, 0]
269	[-64.0382011246014, 0]
269	[-64.0382011246014, 0]
269	[-60.25550490917672, -1]
269	[-60.25550490917672, -1]
269	[-60.25550490917672, -1]
269	[-60.25550490917672, -1]
269	[-60.25550490917672, -1]
269	[-60.25550490917672, -1]
270	[-64.0382011246014, 0]
270	[-64.0382011246014, 0]
270	[-64.0382011246014, 0]
270	[-64.0382011246014, 0]
270	[-64.0382011246014, 0]
270	[-64.0382011246014, 0]
270	[-64.0382011246014, 0]
270	[-64.0382011246014, 0]
270	[-64.0382011246014, 0]
270	[-60.25550490917672, -1]
270	[-60.25550490917672, -1]
270	[-60.25550490917672, -1]
270	[-60.25550490917672, -1]
270	[-60.25550490917672, -1]
270	[-60.25550490917672, -1]
270	[-60.25550490917672, -1]
271	[-64.0382011246014, 0]
271	[-64.0382011246014, 0]
271	[-64.0382011246014, 0]
271	[-64.0382011246014, 0]
271	[-64.0382011246014, 0]
271	[-64.0382011246014, 0]
271	[-64.0382011246014, 0]
271	[-64.0382011246014, 0]
271	[-64.0382011246014, 0]
271	[-64.0382011246014, 0]
271	[-64.0382011246014, 0]
271	[-60.25550490917672, -1]
271	[-60.25550490917672, -1]
271	[-60.25550490917672, -1]
271	[-60.25550490917672, -1]
271	[-60.25550490917672, -1]
271	[-60.25550490917672, -1]
271	[-60.25550490917672, -1]
271	[-60.25550490917672, -1]
272	[-63.99372530981905, 0]
272	[-60.20305322072751, -1]
273	[-63.99372530981905, 0]
273	[-60.20305322072751, -1]
274	[-63.99372530981905, 0]
274	[-60.20305322072751, -1]
275	[-63.99372530981905, 0]
275	[-60.20305322072751, -1]
276	[-63.99372530981905, 0]
276	[-60.20305322072751, -1]
277	[-63.99372530981905, 0]
277	[-60.20305322072751, -1]
277	[-60.20305322072751, -1]
278	[-63.99372530981905, 0]
278	[-60.20305322072751, -1]
278	[-60.20305322072751, -1]
279	[-63.99372530981905, 0]
279	[-60.129919476723735, -1]
280	[-63.99372530981905, 0]
280	[-60.129919476723735, -1]
280	[-60.129919476723735, -1]
281	[-63.99372530981905, 0]
281	[-60.129919476723735, -1]
281	[-60.129919476723735, -1]
282	[-63.99372530981905, 0]
282	[-63.99372530981905, 0]
282	[-60.129919476723735, -1]
282	[-60.129919476723735, -1]
283	[-63.99372530981905, 0]
283	[-63.99372530981905, 0]
283	[-63.99372530981905, 0]
283	[-60.129919476723735, -1]
283	[-60.129919476723735, -1]
283	[-60.129919476723735, -1]
284	[-63.972820748278004, 0]
284	[-59.88783508834393, -1]
285	[-63.972820748278004, 0]
285	[-63.972820748278004, 0]
285	[-59.88783508834393, -1]
285	[-59.88783508834393, -1]
286	[-63.972820748278004, 0]
286	[-63.972820748278004, 0]
286	[-59.88783508834393, -1]
286	[-59.88783508834393, -1]
287	[-63.972820748278004, 0]
287	[-63.972820748278004, 0]
287	[-59.88783508834393, -1]
287	[-59.88783508834393, -1]
288	[-63.972820748278004, 0]
288	[-63.972820748278004, 0]
288	[-59.88783508834393, -1]
288	[-59.88783508834393, -1]
288	[-59.88783508834393, -1]
289	[-63.972820748278004, 0]
289	[-63.972820748278004, 0]
289	[-59.88783508834393, -1]
289	[-59.88783508834393, -1]
289	[-59.88783508834393, -1]
290	[-63.94911237239879, 0]
290	[-59.88783508834393, -1]
290	[-59.88783508834393, -1]
290	[-59.88783508834393, -1]
290	[-59.88783508834393, -1]
291	[-63.94911237239879, 0]
291	[-63.94911237239879, 0]
291	[-59.88783508834393, -1]
291	[-59.88783508834393, -1]
291	[-59.88783508834393, -1]
291	[-59.88783508834393, -1]
291	[-59.88783508834393, -1]
292	[-63.94911237239879, 0]
292	[-63.94911237239879, 0]
292	[-59.88783508834393, -1]
292	[-59.88783508834393, -1]
292	[-59.88783508834393, -1]
292	[-59.88783508834393, -1]
292	[-59.88783508834393, -1]
292	[-59.88783508834393, -1]
293	[-63.94911237239879, 0]
293	[-63.94911237239879, 0]
293	[-59.88783508834393, -1]
293	[-59.88783508834393, -1]
293	[-59.88783508834393, -1]
293	[-59.88783508834393, -1]
293	[-59.88783508834393, -1]
293	[-59.88783508834393, -1]
293	[-59.88783508834393, -1]
294	[-63.94911237239879, 0]
294	[-63.94911237239879, 0]
294	[-63.94911237239879, 0]
294	[-59.88783508834393, -1]
294	[-59.88783508834393, -1]
294	[-59.88783508834393, -1]
294	[-59.88783508834393, -1]
294	[-59.88783508834393, -1]
294	[-59.88783508834393, -1]
294	[-59.88783508834393, -1]
294	[-59.88783508834393, -1]
294	[-59.88783508834393, -1]
294	[-59.88783508834393, -1]
295	[-63.94238244685796, 0]
295	[-59.88783508834393, -1]
295	[-59.88783508834393, -1]
295	[-59.88783508834393, -1]
295	[-59.88783508834393, -1]
295	[-59.88783508834393, -1]
295	[-59.88783508834393, -1]
295	[-59.88783508834393, -1]
295	[-59.88783508834393, -1]
295	[-59.88783508834393, -1]
295	[-59.88783508834393, -1]
295	[-59.88783508834393, -1]
296	[-63.94238244685796, 0]
296	[-59.88783508834393, -1]
296	[-59.88783508834393, -1]
296	[-59.88783508834393, -1]
296	[-59.88783508834393, -1]
296	[-59.88783508834393, -1]
296	[-59.88783508834393, -1]
296	[-59.88783508834393, -1]
296	[-59.88783508834393, -1]
296	[-59.88783508834393, -1]
296	[-59.88783508834393, -1]
296	[-59.88783508834393, -1]
296	[-59.88783508834393, -1]
297	[-63.94238244685796, 0]
297	[-59.88783508834393, -1]
297	[-59.88783508834393, -1]
297	[-59.88783508834393, -1]
297	[-59.88783508834393, -1]
297	[-59.88783508834393, -1]
297	[-59.88783508834393, -1]
297	[-59.88783508834393, -1]
297	[-59.88783508834393, -1]
297	[-59.88783508834393, -1]
297	[-59.88783508834393, -1]
297	[-59.88783508834393, -1]
297	[-59.88783508834393, -1]
297	[-59.88783508834393, -1]
297	[-59.88783508834393, -1]
297	[-59.88783508834393, -1]
298	[-63.94238244685796, 0]
298	[-63.94238244685796, 0]
298	[-63.94238244685796, 0]
298	[-59.88783508834393, -1]
298	[-59.88783508834393, -1]
298	[-59.88783508834393, -1]
298	[-59.88783508834393, -1]
298	[-59.88783508834393, -1]
298	[-59.88783508834393, -1]
298	[-59.88783508834393, -1]
298	[-59.88783508834393, -1]
298	[-59.88783508834393, -1]
298	[-59.88783508834393, -1]
298	[-59.88783508834393, -1]
298	[-59.88783508834393, -1]
298	[-59.88783508834393, -1]
298	[-59.88783508834393, -1]
298	[-59.88783508834393, -1]
298	[-59.88783508834393, -1]
298	[-59.88783508834393, -1]
298	[-59.88783508834393, -1]
299	[-63.93848482633224, 0]
299	[-59.88783508834393, -1]
299	[-59.88783508834393, -1]
299	[-59.88783508834393, -1]
299	[-59.88783508834393, -1]
299	[-59.88783508834393, -1]
299	[-59.88783508834393, -1]
299	[-59.88783508834393, -1]
299	[-59.88783508834393, -1]
299	[-59.88783508834393, -1]
299	[-59.88783508834393, -1]
299	[-59.88783508834393, -1]
299	[-59.88783508834393, -1]
299	[-59.88783508834393, -1]
299	[-59.88783508834393, -1]
299	[-59.88783508834393, -1]
299	[-59.88783508834393, -1]
299	[-59.88783508834393, -1]
299	[-59.88783508834393, -1]
299	[-59.88783508834393, -1]
299	[-59.88783508834393, -1]
299	[-59.88783508834393, -1]
300	[-63.923337891310794, 0]
300	[-59.88783508834393, -1]
300	[-59.88783508834393, -1]
300	[-59.88783508834393, -1]
300	[-59.88783508834393, -1]
300	[-59.88783508834393, -1]
300	[-59.88783508834393, -1]
300	[-59.88783508834393, -1]
300	[-59.88783508834393, -1]
300	[-59.88783508834393, -1]
300	[-59.88783508834393, -1]
300	[-59.88783508834393, -1]
300	[-59.88783508834393, -1]
300	[-59.88783508834393, -1]
300	[-59.88783508834393, -1]
300	[-59.88783508834393, -1]
300	[-59.88783508834393, -1]
300	[-59.88783508834393, -1]
300	[-59.88783508834393, -1]
300	[-59.88783508834393, -1]
300	[-59.88783508834393, -1]
300	[-59.88783508834393, -1]
300	[-59.88783508834393, -1]
300	[-59.88783508834393, -1]
300	[-59.88783508834393, -1]
300	[-63.923337891310794, 0]
300	[-59.88783508834393, -1]
300	[-59.88783508834393, -1]
300	[-59.88783508834393, -1]
300	[-59.88783508834393, -1]
300	[-59.88783508834393, -1]
300	[-59.88783508834393, -1]
300	[-59.88783508834393, -1]
300	[-59.88783508834393, -1]
300	[-59.88783508834393, -1]
300	[-59.88783508834393, -1]
300	[-59.88783508834393, -1]
300	[-59.88783508834393, -1]
300	[-59.88783508834393, -1]
300	[-59.88783508834393, -1]
300	[-59.88783508834393, -1]
300	[-59.88783508834393, -1]
300	[-59.88783508834393, -1]
300	[-59.88783508834393, -1]
300	[-59.88783508834393, -1]
300	[-59.88783508834393, -1]
300	[-59.88783508834393, -1]
300	[-59.88783508834393, -1]
300	[-59.88783508834393, -1]
300	[-59.88783508834393, -1]
