Generation:
1000

Phenotype:
3
V1 = uniform([+9.96e-1, 7.00e-0], 2);
V2 = -3.16e-2 * -V1;
V2 = V2 + gm([7.00e-2, +1.00e+1, 1.89e+0]);
V3 = -7.90e-1 * -9.36e-2;
V3 = V3 + uniform([+3.36e+0, 2.09e+1], 2);

Pre-processed Program
:C = uniform([0.996000, 7.996000], 2);TEMP0 = 0.0316 * C;F = TEMP0;F = F + gm([1.000000], [10], [1.89]);T = 0.0739;T = T + uniform([3.360000, 24.260000], 2);Genotype:
[119, 338, 99, 173, 385, 448, 44, 349, 319, 126, 321, 145, 68, 237, 330, 110, 137, 452, 292, 242, 269, 6, 349, 310, 115, 443, 191, 176, 101, 330, 398, 341, 223, 80, 317, 16, 8, 377, 10, 0, 127, 338, 289, 142, 101, 230, 340, 416, 53, 409, 371, 228, 379, 348, 16, 498, 468, 137, 488, 337, 468, 123, 117, 179, 40, 217, 285, 365, 121, 207, 109, 53, 236, 191, 454, 125, 52, 167, 280, 223, 143, 306, 450, 80, 279, 432, 460, 49, 266, 441, 329, 139, 268, 347, 316, 177, 356, 248, 408, 201, 331, 320, 276, 56, 365, 382, 126, 429, 14]
Tree:
None
Fitness on 5000 data:
-103.50430851752287

Fitness:
-103.50430851752287