0	[-11000000.0, -1]
0	[-310.4693906753955, -2]
1	[-585.7281545529318, -1]
1	[-310.4693906753955, -2]
2	[-252.1194954048702, 0]
2	[-211.9415300218949, -2]
3	[-252.1194954048702, 0]
3	[-211.9415300218949, -2]
4	[-252.1194954048702, 0]
4	[-218.4466097091415, -1]
4	[-211.9415300218949, -2]
5	[-252.1194954048702, 0]
5	[-218.4466097091415, -1]
5	[-205.7654390013102, -2]
6	[-242.83078238580242, 0]
6	[-218.4466097091415, -1]
6	[-205.7654390013102, -2]
7	[-205.82286464870145, 0]
7	[-205.7654390013102, -2]
7	[-195.42882620980566, -4]
8	[-205.82286464870145, 0]
8	[-205.7654390013102, -2]
8	[-198.7995558446673, -3]
8	[-187.52844356069107, -4]
9	[-205.82286464870145, 0]
9	[-205.7654390013102, -2]
9	[-198.7995558446673, -3]
9	[-187.52844356069107, -4]
10	[-193.18675062623538, 0]
10	[-187.52844356069107, -4]
10	[-181.72815014664883, -5]
11	[-193.18675062623538, 0]
11	[-187.52844356069107, -4]
11	[-181.72815014664883, -5]
12	[-193.18675062623538, 0]
12	[-187.52844356069107, -4]
12	[-181.72815014664883, -5]
13	[-193.18675062623538, 0]
13	[-187.52844356069107, -4]
13	[-177.15812399736137, -5]
14	[-187.7542389026289, 0]
14	[-187.52844356069107, -4]
14	[-175.0524272670188, -5]
15	[-187.7542389026289, 0]
15	[-187.52844356069107, -4]
15	[-175.0524272670188, -5]
16	[-187.7542389026289, 0]
16	[-187.52844356069107, -4]
16	[-175.0524272670188, -5]
17	[-187.7542389026289, 0]
17	[-171.3856890804138, -4]
18	[-187.7542389026289, 0]
18	[-168.81087425131471, -1]
19	[-187.2464659451694, 0]
19	[-168.81087425131471, -1]
19	[-163.5134059049755, -4]
20	[-185.80371756817166, 0]
20	[-168.81087425131471, -1]
20	[-163.5134059049755, -4]
21	[-185.80371756817166, 0]
21	[-168.81087425131471, -1]
21	[-163.5134059049755, -4]
22	[-185.80371756817166, 0]
22	[-168.81087425131471, -1]
22	[-163.5134059049755, -4]
23	[-185.80371756817166, 0]
23	[-168.81087425131471, -1]
23	[-163.5134059049755, -4]
24	[-185.80371756817166, 0]
24	[-168.81087425131471, -1]
24	[-163.5134059049755, -4]
25	[-185.80371756817166, 0]
25	[-168.81087425131471, -1]
25	[-163.5134059049755, -4]
26	[-185.80371756817166, 0]
26	[-168.36202766236477, -1]
26	[-163.5134059049755, -4]
27	[-185.80371756817166, 0]
27	[-168.36202766236477, -1]
27	[-163.5134059049755, -4]
28	[-185.80371756817166, 0]
28	[-168.08320646835898, -1]
28	[-163.5134059049755, -4]
29	[-184.86112491579726, 0]
29	[-168.08320646835898, -1]
29	[-164.13359673468813, -3]
29	[-163.5134059049755, -4]
30	[-184.86112491579726, 0]
30	[-168.08320646835898, -1]
30	[-164.13359673468813, -3]
30	[-163.5134059049755, -4]
31	[-184.86112491579726, 0]
31	[-168.08320646835898, -1]
31	[-164.13359673468813, -3]
31	[-163.5134059049755, -4]
32	[-184.86112491579726, 0]
32	[-168.08320646835898, -1]
32	[-164.13359673468813, -3]
32	[-163.5134059049755, -4]
33	[-184.86112491579726, 0]
33	[-168.08320646835898, -1]
33	[-164.13359673468813, -3]
33	[-163.5134059049755, -4]
34	[-184.86112491579726, 0]
34	[-168.08320646835898, -1]
34	[-164.13359673468813, -3]
34	[-163.5134059049755, -4]
35	[-184.86112491579726, 0]
35	[-167.46452000582923, -1]
35	[-164.13359673468813, -3]
35	[-163.5134059049755, -4]
36	[-184.86112491579726, 0]
36	[-165.89471811695492, -1]
36	[-164.13359673468813, -3]
36	[-163.5134059049755, -4]
37	[-184.86112491579726, 0]
37	[-165.89471811695492, -1]
37	[-164.13359673468813, -3]
37	[-163.5134059049755, -4]
38	[-184.86112491579726, 0]
38	[-165.89471811695492, -1]
38	[-164.13359673468813, -3]
38	[-163.5134059049755, -4]
39	[-184.86112491579726, 0]
39	[-165.89471811695492, -1]
39	[-164.13359673468813, -3]
39	[-163.5134059049755, -4]
40	[-184.86112491579726, 0]
40	[-165.87320659029393, -1]
40	[-164.13359673468813, -3]
40	[-163.5134059049755, -4]
41	[-183.44283506230875, 0]
41	[-165.87320659029393, -1]
41	[-164.13359673468813, -3]
41	[-163.5134059049755, -4]
42	[-183.44283506230875, 0]
42	[-163.94351608249173, -1]
42	[-163.5134059049755, -4]
43	[-183.44283506230875, 0]
43	[-163.94351608249173, -1]
43	[-163.5134059049755, -4]
44	[-183.44283506230875, 0]
44	[-163.94351608249173, -1]
44	[-163.5134059049755, -4]
45	[-183.44283506230875, 0]
45	[-163.94351608249173, -1]
45	[-163.5134059049755, -4]
46	[-183.44283506230875, 0]
46	[-163.94351608249173, -1]
46	[-163.5134059049755, -4]
