Generation:
798

Phenotype:
3
V1 = uniform([+2.9e0, 4.2e0], 2);
V2 = +9.9e0;
V2 = V2 + uniform([-0.4e1, 8.0e0], 2);
V3 = +V1;
V3 = V3 + uniform([-0.5e0, 2.0e1], 2);

Pre-processed Program
:C = uniform([2.900000, 7.100000], 2);F = 9.9;F = F + uniform([-4.000000, 4.000000], 2);T = C;T = T + uniform([-0.500000, 19.500000], 2);Genotype:
[5, 254, 2, 251, 189, 361, 500, 152, 229, 498, 427, 324, 192, 492, 310, 388, 230, 331, 171, 418, 429, 119, 178, 101, 81, 437, 387, 410, 364, 291, 24, 388, 50, 368, 387, 136, 260, 266, 294, 44, 93, 292, 440, 383, 10, 395, 46, 127, 92, 330, 391, 112, 15, 167, 377, 165, 482, 6, 214, 444, 280, 386, 487, 372, 336, 27, 174, 420, 410, 310, 51, 221, 158, 298, 191, 284, 60, 124, 412, 426, 250, 171, 126, 224, 300, 312, 429, 199, 361, 236, 127, 403, 169, 100, 437, 421, 127, 38, 296, 447]
Tree:
None
Fitness on 5000 data:
-6.705007222608121

Fitness:
-6.705007222608121