Generation:
798

Phenotype:
3
V1 = uniform([+1.9e0, 5.9e0], 2);
V2 = +V1;
V2 = V2 + gm([7.0e1, +5.0e0, 2.4e0]);
V3 = +V2;
V3 = V3 + uniform([-2.8e0, 1.6e1], 2);

Pre-processed Program
:C = uniform([1.900000, 7.800000], 2);F = C;F = F + gm([1.000000], [5], [2.4]);T = F;T = T + uniform([-2.800000, 13.200000], 2);Genotype:
[441, 206, 80, 177, 404, 101, 236, 171, 69, 344, 284, 485, 189, 250, 67, 330, 284, 292, 324, 386, 270, 494, 322, 101, 407, 230, 445, 213, 34, 265, 330, 252, 249, 162, 214, 164, 261, 472, 444, 32, 210, 315, 287, 348, 62, 175, 442, 218, 478, 28, 301, 56, 171, 168, 69, 134, 246, 116, 439, 422, 477, 281, 26, 27, 458, 463, 318, 198, 31, 168, 384, 105, 220, 176, 7, 134, 352, 304, 451, 338, 446, 209, 107, 201, 461, 437, 147, 273, 114, 160, 203, 357, 451, 342, 257, 89, 4]
Tree:
None
Fitness on 5000 data:
-54.01714476716659

Fitness:
-54.01714476716659