0	[-44.42290098365396, 0]
0	[-35.396467963107426, -1]
0	[-23.725529488435896, -2]
1	[-44.42290098365396, 0]
1	[-35.396467963107426, -1]
1	[-21.4643005649172, -2]
2	[-39.01764917541856, 0]
2	[-21.49749417650802, -1]
2	[-20.563023179440084, -2]
3	[-22.67180925080114, 0]
3	[-21.283813897455236, -1]
3	[-20.563023179440084, -2]
4	[-22.67180925080114, 0]
4	[-21.283813897455236, -1]
4	[-20.563023179440084, -2]
5	[-22.67180925080114, 0]
5	[-21.283813897455236, -1]
5	[-20.563023179440084, -2]
5	[-18.042768101426915, -3]
6	[-20.30687056160293, 0]
6	[-20.28551353974848, -1]
6	[-18.042768101426915, -3]
7	[-20.30687056160293, 0]
7	[-20.28551353974848, -1]
7	[-17.71804793024374, -2]
8	[-20.30687056160293, 0]
8	[-18.758878638559903, -1]
8	[-17.71804793024374, -2]
8	[-17.71804793024374, -2]
9	[-19.779039970110347, 0]
9	[-17.73033451134398, -1]
9	[-17.71804793024374, -2]
9	[-17.71804793024374, -2]
10	[-19.779039970110347, 0]
10	[-17.73033451134398, -1]
10	[-16.223376342761313, -2]
11	[-19.297412491386325, 0]
11	[-17.73033451134398, -1]
11	[-15.788591737262006, -2]
12	[-17.57555112069234, 0]
12	[-16.53884054210344, -1]
12	[-15.788591737262006, -2]
13	[-15.47615642773552, 0]
14	[-15.47615642773552, 0]
15	[-15.47615642773552, 0]
16	[-15.296842135594575, 0]
17	[-15.296842135594575, 0]
18	[-15.296842135594575, 0]
19	[-15.296842135594575, 0]
19	[-15.224028504450224, -1]
20	[-15.296842135594575, 0]
20	[-14.981311122268846, -1]
21	[-14.671592725626837, 0]
22	[-14.671592725626837, 0]
22	[-14.479979276471934, -2]
23	[-14.671592725626837, 0]
23	[-14.479979276471934, -2]
24	[-14.671592725626837, 0]
24	[-14.479979276471934, -2]
25	[-14.655473919375215, 0]
25	[-14.348910195202567, -2]
26	[-14.59574017248782, 0]
26	[-14.330417220790466, -2]
27	[-14.59574017248782, 0]
27	[-14.330417220790466, -2]
28	[-14.43262569554788, 0]
28	[-14.330417220790466, -2]
29	[-14.43262569554788, 0]
29	[-14.198264345719176, -2]
30	[-14.43262569554788, 0]
30	[-14.198264345719176, -2]
31	[-14.43262569554788, 0]
31	[-14.198264345719176, -2]
32	[-14.43262569554788, 0]
32	[-14.198264345719176, -2]
33	[-14.43262569554788, 0]
33	[-14.198264345719176, -2]
34	[-14.43262569554788, 0]
34	[-14.352156309291576, -1]
34	[-14.126353057261115, -2]
35	[-14.43262569554788, 0]
35	[-14.352156309291576, -1]
35	[-14.126353057261115, -2]
36	[-14.228639146082081, 0]
36	[-14.126353057261115, -2]
37	[-14.228639146082081, 0]
37	[-14.07292977053987, -2]
38	[-14.228639146082081, 0]
38	[-14.07292977053987, -2]
39	[-14.228639146082081, 0]
39	[-13.744733177290268, -2]
40	[-14.228639146082081, 0]
40	[-13.744733177290268, -2]
41	[-14.228639146082081, 0]
41	[-13.744733177290268, -2]
42	[-14.195853458669317, 0]
42	[-13.744733177290268, -2]
43	[-14.195853458669317, 0]
43	[-14.195853458669317, 0]
43	[-13.744733177290268, -2]
44	[-14.195853458669317, 0]
44	[-14.195853458669317, 0]
44	[-13.744733177290268, -2]
45	[-13.967874171528184, 0]
45	[-13.744733177290268, -2]
46	[-13.967874171528184, 0]
46	[-13.744733177290268, -2]
47	[-13.967874171528184, 0]
47	[-13.683810863496694, -2]
48	[-13.967874171528184, 0]
48	[-13.683810863496694, -2]
49	[-13.967874171528184, 0]
49	[-13.683810863496694, -2]
50	[-13.967874171528184, 0]
50	[-13.683810863496694, -2]
51	[-13.967874171528184, 0]
51	[-13.683810863496694, -2]
52	[-13.967874171528184, 0]
52	[-13.675858379925984, -2]
53	[-13.967874171528184, 0]
53	[-13.675858379925984, -2]
54	[-13.967874171528184, 0]
54	[-13.675858379925984, -2]
55	[-13.967874171528184, 0]
55	[-13.967874171528184, 0]
55	[-13.324145101163094, -2]
56	[-13.967874171528184, 0]
56	[-13.967874171528184, 0]
56	[-13.324145101163094, -2]
56	[-13.324145101163094, -2]
57	[-13.967874171528184, 0]
57	[-13.967874171528184, 0]
57	[-13.324145101163094, -2]
57	[-13.324145101163094, -2]
58	[-13.967874171528184, 0]
58	[-13.967874171528184, 0]
58	[-13.967874171528184, 0]
58	[-13.324145101163094, -2]
58	[-13.324145101163094, -2]
59	[-13.967874171528184, 0]
59	[-13.967874171528184, 0]
59	[-13.967874171528184, 0]
59	[-13.324145101163094, -2]
59	[-13.324145101163094, -2]
60	[-13.967874171528184, 0]
60	[-13.967874171528184, 0]
60	[-13.967874171528184, 0]
60	[-13.324145101163094, -2]
60	[-13.324145101163094, -2]
61	[-13.438900070175704, 0]
61	[-13.324145101163094, -2]
61	[-13.324145101163094, -2]
62	[-13.438900070175704, 0]
62	[-13.324145101163094, -2]
62	[-13.324145101163094, -2]
63	[-13.438900070175704, 0]
63	[-13.324145101163094, -2]
63	[-13.324145101163094, -2]
64	[-13.438900070175704, 0]
64	[-13.324145101163094, -2]
64	[-13.324145101163094, -2]
65	[-13.438900070175704, 0]
65	[-13.324145101163094, -2]
65	[-13.324145101163094, -2]
66	[-13.438900070175704, 0]
66	[-13.324145101163094, -2]
66	[-13.324145101163094, -2]
67	[-13.438900070175704, 0]
67	[-13.324145101163094, -2]
67	[-13.324145101163094, -2]
68	[-13.438900070175704, 0]
68	[-13.324145101163094, -2]
68	[-13.324145101163094, -2]
69	[-13.438900070175704, 0]
69	[-13.324145101163094, -2]
69	[-13.324145101163094, -2]
70	[-13.438900070175704, 0]
70	[-13.324145101163094, -2]
70	[-13.324145101163094, -2]
71	[-13.438900070175704, 0]
71	[-13.324145101163094, -2]
71	[-13.324145101163094, -2]
72	[-13.438900070175704, 0]
72	[-13.324145101163094, -2]
72	[-13.324145101163094, -2]
73	[-13.438900070175704, 0]
73	[-13.324145101163094, -2]
73	[-13.324145101163094, -2]
74	[-13.438900070175704, 0]
74	[-13.324145101163094, -2]
74	[-13.324145101163094, -2]
75	[-13.438900070175704, 0]
75	[-13.324145101163094, -2]
75	[-13.324145101163094, -2]
76	[-13.387652038864747, 0]
76	[-13.324145101163094, -2]
76	[-13.324145101163094, -2]
77	[-13.387652038864747, 0]
77	[-13.324145101163094, -2]
77	[-13.324145101163094, -2]
78	[-13.387652038864747, 0]
78	[-13.324145101163094, -2]
78	[-13.324145101163094, -2]
79	[-13.387652038864747, 0]
79	[-13.324145101163094, -2]
79	[-13.324145101163094, -2]
80	[-13.387652038864747, 0]
80	[-13.324145101163094, -2]
80	[-13.324145101163094, -2]
81	[-13.387652038864747, 0]
81	[-13.324145101163094, -2]
81	[-13.324145101163094, -2]
82	[-13.387652038864747, 0]
82	[-13.324145101163094, -2]
82	[-13.324145101163094, -2]
83	[-13.246539025647548, 0]
84	[-13.246539025647548, 0]
85	[-13.246539025647548, 0]
86	[-13.246539025647548, 0]
87	[-13.246539025647548, 0]
88	[-13.246539025647548, 0]
89	[-13.246539025647548, 0]
90	[-13.246539025647548, 0]
91	[-13.246539025647548, 0]
92	[-13.246539025647548, 0]
93	[-13.246539025647548, 0]
94	[-13.246539025647548, 0]
95	[-13.246539025647548, 0]
96	[-13.246539025647548, 0]
97	[-13.246539025647548, 0]
98	[-13.246539025647548, 0]
99	[-13.246539025647548, 0]
100	[-13.246539025647548, 0]
101	[-13.246539025647548, 0]
102	[-13.246539025647548, 0]
102	[-13.246539025647548, 0]
103	[-13.185586353381668, 0]
104	[-13.137629582850058, 0]
105	[-12.662350114868323, 0]
106	[-12.662350114868323, 0]
107	[-12.662350114868323, 0]
108	[-12.662350114868323, 0]
109	[-12.662350114868323, 0]
110	[-12.662350114868323, 0]
111	[-12.662350114868323, 0]
112	[-12.662350114868323, 0]
112	[-12.662350114868323, 0]
113	[-12.662350114868323, 0]
113	[-12.662350114868323, 0]
114	[-12.662350114868323, 0]
114	[-12.662350114868323, 0]
115	[-12.662350114868323, 0]
115	[-12.662350114868323, 0]
115	[-12.662350114868323, 0]
116	[-12.662350114868323, 0]
116	[-12.662350114868323, 0]
116	[-12.662350114868323, 0]
117	[-12.662350114868323, 0]
117	[-12.662350114868323, 0]
117	[-12.662350114868323, 0]
118	[-12.662350114868323, 0]
118	[-12.662350114868323, 0]
118	[-12.662350114868323, 0]
119	[-12.662350114868323, 0]
119	[-12.662350114868323, 0]
119	[-12.662350114868323, 0]
119	[-12.662350114868323, 0]
120	[-12.662350114868323, 0]
120	[-12.662350114868323, 0]
120	[-12.662350114868323, 0]
120	[-12.662350114868323, 0]
121	[-12.662350114868323, 0]
121	[-12.662350114868323, 0]
121	[-12.662350114868323, 0]
121	[-12.662350114868323, 0]
122	[-12.662350114868323, 0]
122	[-12.662350114868323, 0]
122	[-12.662350114868323, 0]
122	[-12.662350114868323, 0]
123	[-12.662350114868323, 0]
123	[-12.662350114868323, 0]
123	[-12.662350114868323, 0]
123	[-12.662350114868323, 0]
124	[-12.662350114868323, 0]
124	[-12.662350114868323, 0]
124	[-12.662350114868323, 0]
124	[-12.662350114868323, 0]
124	[-12.662350114868323, 0]
125	[-12.658100462048635, 0]
126	[-12.658100462048635, 0]
126	[-12.658100462048635, 0]
127	[-12.620913135408774, 0]
128	[-12.620913135408774, 0]
129	[-12.620913135408774, 0]
130	[-12.458144110137617, 0]
131	[-12.458144110137617, 0]
132	[-12.43059241923194, 0]
133	[-12.43059241923194, 0]
134	[-12.43059241923194, 0]
135	[-12.43059241923194, 0]
136	[-12.43059241923194, 0]
136	[-12.43059241923194, 0]
137	[-12.43059241923194, 0]
137	[-12.43059241923194, 0]
138	[-12.33877913485499, 0]
139	[-12.27388538549453, 0]
140	[-12.27388538549453, 0]
141	[-12.27388538549453, 0]
142	[-12.27388538549453, 0]
143	[-12.27388538549453, 0]
144	[-12.270653812249323, 0]
145	[-12.270653812249323, 0]
146	[-12.270653812249323, 0]
147	[-12.149021020245652, 0]
148	[-12.055577285758893, 0]
149	[-12.055577285758893, 0]
150	[-12.055577285758893, 0]
151	[-12.055577285758893, 0]
152	[-12.055577285758893, 0]
153	[-12.055577285758893, 0]
153	[-12.055577285758893, 0]
154	[-12.055577285758893, 0]
154	[-12.055577285758893, 0]
155	[-12.055577285758893, 0]
155	[-12.055577285758893, 0]
156	[-12.055577285758893, 0]
156	[-12.055577285758893, 0]
157	[-12.055577285758893, 0]
157	[-12.055577285758893, 0]
158	[-12.055577285758893, 0]
158	[-12.055577285758893, 0]
159	[-12.055577285758893, 0]
159	[-12.055577285758893, 0]
160	[-12.055577285758893, 0]
160	[-12.055577285758893, 0]
161	[-12.055577285758893, 0]
161	[-12.055577285758893, 0]
161	[-12.055577285758893, 0]
162	[-12.055577285758893, 0]
162	[-12.055577285758893, 0]
162	[-12.055577285758893, 0]
163	[-12.055577285758893, 0]
163	[-12.055577285758893, 0]
163	[-12.055577285758893, 0]
163	[-12.055577285758893, 0]
164	[-12.055577285758893, 0]
164	[-12.055577285758893, 0]
164	[-12.055577285758893, 0]
164	[-12.055577285758893, 0]
165	[-12.055577285758893, 0]
165	[-12.055577285758893, 0]
165	[-12.055577285758893, 0]
165	[-12.055577285758893, 0]
166	[-12.055577285758893, 0]
166	[-12.055577285758893, 0]
166	[-12.055577285758893, 0]
166	[-12.055577285758893, 0]
166	[-12.055577285758893, 0]
167	[-12.055577285758893, 0]
167	[-12.055577285758893, 0]
167	[-12.055577285758893, 0]
167	[-12.055577285758893, 0]
167	[-12.055577285758893, 0]
168	[-12.055577285758893, 0]
168	[-12.055577285758893, 0]
168	[-12.055577285758893, 0]
168	[-12.055577285758893, 0]
168	[-12.055577285758893, 0]
168	[-12.055577285758893, 0]
169	[-12.055577285758893, 0]
169	[-12.055577285758893, 0]
169	[-12.055577285758893, 0]
169	[-12.055577285758893, 0]
169	[-12.055577285758893, 0]
169	[-12.055577285758893, 0]
170	[-12.055577285758893, 0]
170	[-12.055577285758893, 0]
170	[-12.055577285758893, 0]
170	[-12.055577285758893, 0]
170	[-12.055577285758893, 0]
170	[-12.055577285758893, 0]
170	[-12.055577285758893, 0]
171	[-12.034439940576807, 0]
172	[-12.034439940576807, 0]
172	[-12.034439940576807, 0]
173	[-12.034439940576807, 0]
173	[-12.034439940576807, 0]
174	[-12.034439940576807, 0]
174	[-12.034439940576807, 0]
175	[-12.034439940576807, 0]
175	[-12.034439940576807, 0]
176	[-12.034439940576807, 0]
176	[-12.034439940576807, 0]
176	[-12.034439940576807, 0]
177	[-12.034439940576807, 0]
177	[-12.034439940576807, 0]
177	[-12.034439940576807, 0]
177	[-12.034439940576807, 0]
178	[-11.9990037063919, 0]
179	[-11.9990037063919, 0]
179	[-11.9990037063919, 0]
180	[-11.9990037063919, 0]
180	[-11.9990037063919, 0]
181	[-11.9990037063919, 0]
181	[-11.9990037063919, 0]
182	[-11.9990037063919, 0]
182	[-11.9990037063919, 0]
183	[-11.9990037063919, 0]
183	[-11.9990037063919, 0]
184	[-11.9990037063919, 0]
184	[-11.9990037063919, 0]
184	[-11.9990037063919, 0]
185	[-11.9990037063919, 0]
185	[-11.9990037063919, 0]
185	[-11.9990037063919, 0]
186	[-11.990105629590262, 0]
187	[-11.990105629590262, 0]
188	[-11.990105629590262, 0]
189	[-11.990105629590262, 0]
190	[-11.950340418498463, 0]
191	[-11.950340418498463, 0]
192	[-11.921473591245904, 0]
193	[-11.921473591245904, 0]
194	[-11.921473591245904, 0]
195	[-11.921473591245904, 0]
196	[-11.921473591245904, 0]
197	[-11.921473591245904, 0]
198	[-11.914539207589456, 0]
199	[-11.863496286160101, 0]
200	[-11.863496286160101, 0]
201	[-11.863496286160101, 0]
202	[-11.863496286160101, 0]
203	[-11.863496286160101, 0]
204	[-11.543037902199186, 0]
205	[-11.543037902199186, 0]
206	[-11.543037902199186, 0]
207	[-11.543037902199186, 0]
208	[-11.543037902199186, 0]
208	[-11.543037902199186, 0]
209	[-11.543037902199186, 0]
209	[-11.543037902199186, 0]
210	[-11.543037902199186, 0]
210	[-11.543037902199186, 0]
211	[-11.543037902199186, 0]
211	[-11.543037902199186, 0]
212	[-11.543037902199186, 0]
212	[-11.543037902199186, 0]
213	[-11.543037902199186, 0]
213	[-11.543037902199186, 0]
213	[-11.543037902199186, 0]
214	[-11.543037902199186, 0]
214	[-11.543037902199186, 0]
214	[-11.543037902199186, 0]
215	[-11.543037902199186, 0]
215	[-11.543037902199186, 0]
215	[-11.543037902199186, 0]
216	[-11.543037902199186, 0]
216	[-11.543037902199186, 0]
216	[-11.543037902199186, 0]
217	[-11.543037902199186, 0]
217	[-11.543037902199186, 0]
217	[-11.543037902199186, 0]
217	[-11.543037902199186, 0]
218	[-11.543037902199186, 0]
218	[-11.543037902199186, 0]
218	[-11.543037902199186, 0]
218	[-11.543037902199186, 0]
219	[-11.543037902199186, 0]
219	[-11.543037902199186, 0]
219	[-11.543037902199186, 0]
219	[-11.543037902199186, 0]
220	[-11.543037902199186, 0]
220	[-11.543037902199186, 0]
220	[-11.543037902199186, 0]
220	[-11.543037902199186, 0]
220	[-11.543037902199186, 0]
221	[-11.543037902199186, 0]
221	[-11.543037902199186, 0]
221	[-11.543037902199186, 0]
221	[-11.543037902199186, 0]
221	[-11.543037902199186, 0]
221	[-11.543037902199186, 0]
222	[-11.543037902199186, 0]
222	[-11.543037902199186, 0]
222	[-11.543037902199186, 0]
222	[-11.543037902199186, 0]
222	[-11.543037902199186, 0]
222	[-11.543037902199186, 0]
222	[-11.543037902199186, 0]
223	[-11.543037902199186, 0]
223	[-11.543037902199186, 0]
223	[-11.543037902199186, 0]
223	[-11.543037902199186, 0]
223	[-11.543037902199186, 0]
223	[-11.543037902199186, 0]
223	[-11.543037902199186, 0]
224	[-11.543037902199186, 0]
224	[-11.543037902199186, 0]
224	[-11.543037902199186, 0]
224	[-11.543037902199186, 0]
224	[-11.543037902199186, 0]
224	[-11.543037902199186, 0]
224	[-11.543037902199186, 0]
224	[-11.543037902199186, 0]
225	[-11.543037902199186, 0]
225	[-11.543037902199186, 0]
225	[-11.543037902199186, 0]
225	[-11.543037902199186, 0]
225	[-11.543037902199186, 0]
225	[-11.543037902199186, 0]
225	[-11.543037902199186, 0]
225	[-11.543037902199186, 0]
226	[-11.543037902199186, 0]
226	[-11.543037902199186, 0]
226	[-11.543037902199186, 0]
226	[-11.543037902199186, 0]
226	[-11.543037902199186, 0]
226	[-11.543037902199186, 0]
226	[-11.543037902199186, 0]
226	[-11.543037902199186, 0]
227	[-11.493535146623623, 0]
228	[-11.485156198324326, 0]
229	[-11.485156198324326, 0]
230	[-11.485156198324326, 0]
231	[-11.485156198324326, 0]
232	[-11.485156198324326, 0]
233	[-11.485156198324326, 0]
234	[-11.485156198324326, 0]
235	[-11.391712413525353, 0]
236	[-11.391712413525353, 0]
237	[-11.391712413525353, 0]
238	[-11.391712413525353, 0]
239	[-11.391712413525353, 0]
240	[-11.391712413525353, 0]
241	[-11.391712413525353, 0]
242	[-11.391712413525353, 0]
243	[-11.391712413525353, 0]
244	[-11.391712413525353, 0]
245	[-11.391712413525353, 0]
246	[-11.391712413525353, 0]
247	[-11.391712413525353, 0]
248	[-11.391712413525353, 0]
248	[-11.391712413525353, 0]
249	[-11.391712413525353, 0]
249	[-11.391712413525353, 0]
250	[-11.391712413525353, 0]
250	[-11.391712413525353, 0]
251	[-11.391712413525353, 0]
251	[-11.391712413525353, 0]
252	[-11.391712413525353, 0]
252	[-11.391712413525353, 0]
253	[-11.391712413525353, 0]
253	[-11.391712413525353, 0]
254	[-11.391712413525353, 0]
254	[-11.391712413525353, 0]
254	[-11.391712413525353, 0]
255	[-11.391712413525353, 0]
255	[-11.391712413525353, 0]
255	[-11.391712413525353, 0]
256	[-11.391712413525353, 0]
256	[-11.391712413525353, 0]
256	[-11.391712413525353, 0]
257	[-11.391712413525353, 0]
257	[-11.391712413525353, 0]
257	[-11.391712413525353, 0]
257	[-11.391712413525353, 0]
258	[-11.391712413525353, 0]
258	[-11.391712413525353, 0]
258	[-11.391712413525353, 0]
258	[-11.391712413525353, 0]
259	[-11.391712413525353, 0]
259	[-11.391712413525353, 0]
259	[-11.391712413525353, 0]
259	[-11.391712413525353, 0]
260	[-11.391712413525353, 0]
260	[-11.391712413525353, 0]
260	[-11.391712413525353, 0]
260	[-11.391712413525353, 0]
261	[-11.391712413525353, 0]
261	[-11.391712413525353, 0]
261	[-11.391712413525353, 0]
261	[-11.391712413525353, 0]
262	[-11.391712413525353, 0]
262	[-11.391712413525353, 0]
262	[-11.391712413525353, 0]
262	[-11.391712413525353, 0]
263	[-11.391712413525353, 0]
263	[-11.391712413525353, 0]
263	[-11.391712413525353, 0]
263	[-11.391712413525353, 0]
264	[-11.391712413525353, 0]
264	[-11.391712413525353, 0]
264	[-11.391712413525353, 0]
264	[-11.391712413525353, 0]
264	[-11.391712413525353, 0]
265	[-11.391712413525353, 0]
265	[-11.391712413525353, 0]
265	[-11.391712413525353, 0]
265	[-11.391712413525353, 0]
265	[-11.391712413525353, 0]
266	[-11.391712413525353, 0]
266	[-11.391712413525353, 0]
266	[-11.391712413525353, 0]
266	[-11.391712413525353, 0]
266	[-11.391712413525353, 0]
267	[-11.391712413525353, 0]
267	[-11.391712413525353, 0]
267	[-11.391712413525353, 0]
267	[-11.391712413525353, 0]
267	[-11.391712413525353, 0]
268	[-11.391712413525353, 0]
268	[-11.391712413525353, 0]
268	[-11.391712413525353, 0]
268	[-11.391712413525353, 0]
268	[-11.391712413525353, 0]
268	[-11.391712413525353, 0]
269	[-11.391712413525353, 0]
269	[-11.391712413525353, 0]
269	[-11.391712413525353, 0]
269	[-11.391712413525353, 0]
269	[-11.391712413525353, 0]
269	[-11.391712413525353, 0]
270	[-11.391712413525353, 0]
270	[-11.391712413525353, 0]
270	[-11.391712413525353, 0]
270	[-11.391712413525353, 0]
270	[-11.391712413525353, 0]
270	[-11.391712413525353, 0]
271	[-11.391712413525353, 0]
271	[-11.391712413525353, 0]
271	[-11.391712413525353, 0]
271	[-11.391712413525353, 0]
271	[-11.391712413525353, 0]
271	[-11.391712413525353, 0]
272	[-11.391712413525353, 0]
272	[-11.391712413525353, 0]
272	[-11.391712413525353, 0]
272	[-11.391712413525353, 0]
272	[-11.391712413525353, 0]
272	[-11.391712413525353, 0]
273	[-11.391712413525353, 0]
273	[-11.391712413525353, 0]
273	[-11.391712413525353, 0]
273	[-11.391712413525353, 0]
273	[-11.391712413525353, 0]
273	[-11.391712413525353, 0]
274	[-11.309782195097851, 0]
275	[-11.309782195097851, 0]
276	[-11.309782195097851, 0]
276	[-11.309782195097851, 0]
277	[-11.309782195097851, 0]
277	[-11.309782195097851, 0]
278	[-11.309782195097851, 0]
278	[-11.309782195097851, 0]
279	[-11.309782195097851, 0]
279	[-11.309782195097851, 0]
280	[-11.309782195097851, 0]
280	[-11.309782195097851, 0]
280	[-11.309782195097851, 0]
281	[-11.309782195097851, 0]
281	[-11.309782195097851, 0]
281	[-11.309782195097851, 0]
281	[-11.309782195097851, 0]
282	[-11.309782195097851, 0]
282	[-11.309782195097851, 0]
282	[-11.309782195097851, 0]
282	[-11.309782195097851, 0]
283	[-11.309782195097851, 0]
283	[-11.309782195097851, 0]
283	[-11.309782195097851, 0]
283	[-11.309782195097851, 0]
284	[-11.309782195097851, 0]
284	[-11.309782195097851, 0]
284	[-11.309782195097851, 0]
284	[-11.309782195097851, 0]
285	[-11.309782195097851, 0]
285	[-11.309782195097851, 0]
285	[-11.309782195097851, 0]
285	[-11.309782195097851, 0]
285	[-11.309782195097851, 0]
285	[-11.309782195097851, 0]
286	[-11.309782195097851, 0]
286	[-11.309782195097851, 0]
286	[-11.309782195097851, 0]
286	[-11.309782195097851, 0]
286	[-11.309782195097851, 0]
286	[-11.309782195097851, 0]
287	[-11.309782195097851, 0]
287	[-11.309782195097851, 0]
287	[-11.309782195097851, 0]
287	[-11.309782195097851, 0]
287	[-11.309782195097851, 0]
287	[-11.309782195097851, 0]
288	[-11.309782195097851, 0]
288	[-11.309782195097851, 0]
288	[-11.309782195097851, 0]
288	[-11.309782195097851, 0]
288	[-11.309782195097851, 0]
288	[-11.309782195097851, 0]
289	[-11.309782195097851, 0]
289	[-11.309782195097851, 0]
289	[-11.309782195097851, 0]
289	[-11.309782195097851, 0]
289	[-11.309782195097851, 0]
289	[-11.309782195097851, 0]
290	[-11.309782195097851, 0]
290	[-11.309782195097851, 0]
290	[-11.309782195097851, 0]
290	[-11.309782195097851, 0]
290	[-11.309782195097851, 0]
290	[-11.309782195097851, 0]
291	[-11.309782195097851, 0]
291	[-11.309782195097851, 0]
291	[-11.309782195097851, 0]
291	[-11.309782195097851, 0]
291	[-11.309782195097851, 0]
291	[-11.309782195097851, 0]
291	[-11.309782195097851, 0]
292	[-11.309782195097851, 0]
292	[-11.309782195097851, 0]
292	[-11.309782195097851, 0]
292	[-11.309782195097851, 0]
292	[-11.309782195097851, 0]
292	[-11.309782195097851, 0]
292	[-11.309782195097851, 0]
293	[-11.309782195097851, 0]
293	[-11.309782195097851, 0]
293	[-11.309782195097851, 0]
293	[-11.309782195097851, 0]
293	[-11.309782195097851, 0]
293	[-11.309782195097851, 0]
293	[-11.309782195097851, 0]
294	[-11.309782195097851, 0]
294	[-11.309782195097851, 0]
294	[-11.309782195097851, 0]
294	[-11.309782195097851, 0]
294	[-11.309782195097851, 0]
294	[-11.309782195097851, 0]
294	[-11.309782195097851, 0]
295	[-11.309782195097851, 0]
295	[-11.309782195097851, 0]
295	[-11.309782195097851, 0]
295	[-11.309782195097851, 0]
295	[-11.309782195097851, 0]
295	[-11.309782195097851, 0]
295	[-11.309782195097851, 0]
296	[-11.309782195097851, 0]
296	[-11.309782195097851, 0]
296	[-11.309782195097851, 0]
296	[-11.309782195097851, 0]
296	[-11.309782195097851, 0]
296	[-11.309782195097851, 0]
296	[-11.309782195097851, 0]
297	[-11.309782195097851, 0]
297	[-11.309782195097851, 0]
297	[-11.309782195097851, 0]
297	[-11.309782195097851, 0]
297	[-11.309782195097851, 0]
297	[-11.309782195097851, 0]
297	[-11.309782195097851, 0]
298	[-11.309782195097851, 0]
298	[-11.309782195097851, 0]
298	[-11.309782195097851, 0]
298	[-11.309782195097851, 0]
298	[-11.309782195097851, 0]
298	[-11.309782195097851, 0]
298	[-11.309782195097851, 0]
298	[-11.309782195097851, 0]
299	[-11.309782195097851, 0]
299	[-11.309782195097851, 0]
299	[-11.309782195097851, 0]
299	[-11.309782195097851, 0]
299	[-11.309782195097851, 0]
299	[-11.309782195097851, 0]
299	[-11.309782195097851, 0]
299	[-11.309782195097851, 0]
300	[-11.309782195097851, 0]
300	[-11.309782195097851, 0]
300	[-11.309782195097851, 0]
300	[-11.309782195097851, 0]
300	[-11.309782195097851, 0]
300	[-11.309782195097851, 0]
300	[-11.309782195097851, 0]
300	[-11.309782195097851, 0]
300	[-11.309782195097851, 0]
300	[-11.309782195097851, 0]
300	[-11.309782195097851, 0]
300	[-11.309782195097851, 0]
300	[-11.309782195097851, 0]
300	[-11.309782195097851, 0]
300	[-11.309782195097851, 0]
300	[-11.309782195097851, 0]
