Generation:
798

Phenotype:
18
V1 = gm([5.3e1, +9.9e0, 3.0e0], [2.6e0, +5.0e0, 0.6e0]);
V2 = gm([9.7e0, +9.9e1, 9.9e1], [0.0e0, -2.2e0, 6.4e1]);
V3 = gm([6.4e0, +4.9e0, 1.6e0]);
V4 = gm([5.1e1, +1.0e1, 2.1e0]);

Pre-processed Program
:T = gm([0.953237, 0.046763], [9.9, 5], [3, 0.6]);E = gm([1.000000, 0.000000], [99, -2.2], [99, 64]);C = gm([1.000000], [4.9], [1.6]);F = gm([1.000000], [10], [2.1]);Genotype:
[257, 377, 112, 83, 417, 154, 345, 63, 41, 411, 220, 179, 269, 476, 390, 73, 300, 182, 316, 482, 272, 286, 18, 167, 362, 125, 300, 410, 316, 310, 26, 2, 236, 294, 33, 331, 69, 427, 58, 240, 446, 89, 119, 179, 242, 389, 419, 345, 36, 453, 310, 250, 196, 437, 61, 102, 402, 364, 348, 246, 74, 411, 194, 146, 164, 86, 16, 284, 18, 219, 456, 244, 319, 356, 260, 291, 326, 88, 484, 107, 12, 345, 185, 381, 461, 388, 146, 351, 460, 301, 258, 82, 91, 224, 264, 374, 397, 314, 91, 99]
Tree:
None
Fitness on 5000 data:
-148.32030341373968

Fitness:
-148.32030341373968