Generation:
1198

Phenotype:
18
V1 = gm([5.9e1, +9.9e0, 3.1e0], [2.4e0, +5.0e0, 0.5e0]);
V2 = gm([8.7e1, +9.9e1, 9.9e1], [0.0e0, -7.2e0, 6.2e1]);
V3 = gm([7.4e0, +4.9e0, 1.6e0]);
V4 = gm([7.2e1, +1.0e1, 2.1e0]);

Pre-processed Program
:T = gm([0.960912, 0.039088], [9.9, 5], [3.1, 0.5]);E = gm([1.000000, 0.000000], [99, -7.2], [99, 62]);C = gm([1.000000], [4.9], [1.6]);F = gm([1.000000], [10], [2.1]);Genotype:
[145, 377, 160, 467, 235, 424, 345, 9, 123, 73, 220, 179, 269, 340, 53, 73, 111, 220, 316, 474, 272, 74, 462, 88, 362, 125, 300, 410, 461, 310, 285, 2, 494, 294, 33, 441, 138, 427, 181, 240, 446, 89, 119, 339, 216, 389, 419, 445, 36, 453, 310, 360, 26, 95, 177, 117, 402, 50, 348, 246, 412, 411, 280, 294, 164, 71, 7, 284, 18, 247, 456, 244, 319, 30, 385, 291, 326, 182, 484, 107, 12, 314, 37, 372, 461, 388, 360, 351, 460, 301, 81, 82, 91, 224, 264, 374, 397, 314, 91, 99]
Tree:
None
Fitness on 5000 data:
-148.317243944297

Fitness:
-148.317243944297