Generation:
398

Phenotype:
18
V1 = gm([3.4e1, +9.9e0, 2.9e0], [2.0e0, +5.3e0, 0.4e0]);
V2 = gm([9.7e1, +9.9e1, 9.9e1], [0.0e0, +8.2e1, 4.1e1]);
V3 = gm([8.0e0, +4.9e0, 1.6e0]);
V4 = gm([3.1e1, +1.0e1, 2.0e0]);

Pre-processed Program
:T = gm([0.944444, 0.055556], [9.9, 5.3], [2.9, 0.4]);E = gm([1.000000, 0.000000], [99, 82], [99, 41]);C = gm([1.000000], [4.9], [1.6]);F = gm([1.000000], [10], [2]);Genotype:
[446, 377, 112, 437, 357, 417, 333, 444, 41, 411, 416, 499, 269, 476, 247, 112, 309, 182, 278, 305, 2, 60, 214, 172, 108, 345, 393, 348, 264, 310, 354, 2, 52, 294, 33, 401, 69, 427, 433, 15, 446, 89, 119, 137, 314, 389, 419, 265, 10, 453, 310, 150, 490, 293, 196, 38, 72, 411, 353, 404, 391, 257, 194, 146, 384, 134, 218, 0, 142, 483, 222, 244, 319, 276, 69, 291, 326, 284, 484, 107, 466, 422, 473, 381, 491, 71, 146, 351, 460, 301, 241, 82, 480, 148, 264, 374, 397, 314, 91, 99]
Tree:
None
Fitness on 5000 data:
-148.41976624746613

Fitness:
-148.41976624746613