Generation:
398

Phenotype:
1
V1 = gm([0.7e+1, +6.7e-0, 7.0e+0], [9.0e+0, +3.9e+2, 3.1e+2], [4.7e+1, +2.7e-0, 7.8e+0], [7.6e-0, +2.8e+1, 2.9e+1]);
V2 = +V1;
V2 = V2 + gm([0.7e+1, +6.7e-0, 7.0e+0], [9.0e+0, +3.9e+2, 3.1e+2], [4.7e+1, +2.7e-0, 7.8e+0], [7.6e-0, +2.8e+1, 2.9e+1]);
V3 = +V2;
V3 = V3 + gm([0.7e+1, +6.7e-0, 7.0e+0], [9.0e+0, +3.9e+2, 3.1e+2], [4.7e+1, +2.7e-0, 7.8e+0], [7.6e-0, +2.8e+1, 2.9e+1]);
V4 = +V1;
V4 = V4 + gm([0.7e+1, +6.7e-0, 7.0e+0], [9.0e+0, +3.9e+2, 3.1e+2], [4.7e+1, +2.7e-0, 7.8e+0], [7.6e-0, +2.8e+1, 2.9e+1]);
V5 = +V2;
V5 = V5 + gm([0.7e+1, +6.7e-0, 7.0e+0], [9.0e+0, +3.9e+2, 3.1e+2], [4.7e+1, +2.7e-0, 7.8e+0], [7.6e-0, +2.8e+1, 2.9e+1]);

Pre-processed Program
:F = gm([0.099150, 0.127479, 0.665722, 0.107649], [6.7, 390, 2.7, 28], [7, 310, 7.8, 29]);C = F;C = C + gm([0.099150, 0.127479, 0.665722, 0.107649], [6.7, 390, 2.7, 28], [7, 310, 7.8, 29]);W = C;W = W + gm([0.099150, 0.127479, 0.665722, 0.107649], [6.7, 390, 2.7, 28], [7, 310, 7.8, 29]);T = F;T = T + gm([0.099150, 0.127479, 0.665722, 0.107649], [6.7, 390, 2.7, 28], [7, 310, 7.8, 29]);P = C;P = P + gm([0.099150, 0.127479, 0.665722, 0.107649], [6.7, 390, 2.7, 28], [7, 310, 7.8, 29]);Genotype:
[324, 258, 201, 138, 477, 415, 441, 270, 67, 176, 214, 449, 102, 116, 497, 147, 27, 259, 17, 30, 328, 138, 481, 440, 349, 130, 158, 309, 416, 474, 173, 179, 264, 467, 66, 3, 391, 248, 110, 19, 174, 34, 117, 500, 499, 102, 498, 132, 327, 489, 123, 192, 227, 98, 122, 492, 30, 183, 7, 486, 69, 114, 133, 24, 332, 98, 58, 340, 411, 342, 209, 170, 274, 422, 194, 80]
Tree:
None
Fitness on 5000 data:
-209.25373997003376

Fitness:
-209.25373997003376