Generation:
1198

Phenotype:
1
V1 = gm([3.1e+1, +6.9e-0, 7.4e+0], [9.8e-0, +5.1e+2, 2.0e+2], [2.2e+1, +1.6e-1, 6.0e-0], [2.2e+0, +5.0e+1, 2.0e+1]);
V2 = +V1;
V2 = V2 + gm([3.1e+1, +6.9e-0, 7.4e+0], [9.8e-0, +5.1e+2, 2.0e+2], [2.2e+1, +1.6e-1, 6.0e-0], [2.2e+0, +5.0e+1, 2.0e+1]);
V3 = +V2;
V3 = V3 + gm([3.1e+1, +6.9e-0, 7.4e+0], [9.8e-0, +5.1e+2, 2.0e+2], [2.2e+1, +1.6e-1, 6.0e-0], [2.2e+0, +5.0e+1, 2.0e+1]);
V4 = +V1;
V4 = V4 + gm([3.1e+1, +6.9e-0, 7.4e+0], [9.8e-0, +5.1e+2, 2.0e+2], [2.2e+1, +1.6e-1, 6.0e-0], [2.2e+0, +5.0e+1, 2.0e+1]);
V5 = +V4;
V5 = V5 + gm([3.1e+1, +6.9e-0, 7.4e+0], [9.8e-0, +5.1e+2, 2.0e+2], [2.2e+1, +1.6e-1, 6.0e-0], [2.2e+0, +5.0e+1, 2.0e+1]);

Pre-processed Program
:F = gm([0.476923, 0.150769, 0.338462, 0.033846], [6.9, 510, 0.16, 50], [7.4, 200, 6, 20]);C = F;C = C + gm([0.476923, 0.150769, 0.338462, 0.033846], [6.9, 510, 0.16, 50], [7.4, 200, 6, 20]);W = C;W = W + gm([0.476923, 0.150769, 0.338462, 0.033846], [6.9, 510, 0.16, 50], [7.4, 200, 6, 20]);T = F;T = T + gm([0.476923, 0.150769, 0.338462, 0.033846], [6.9, 510, 0.16, 50], [7.4, 200, 6, 20]);P = T;P = P + gm([0.476923, 0.150769, 0.338462, 0.033846], [6.9, 510, 0.16, 50], [7.4, 200, 6, 20]);Genotype:
[42, 258, 435, 364, 275, 335, 441, 303, 61, 176, 430, 85, 196, 116, 229, 147, 27, 371, 17, 154, 212, 321, 61, 477, 349, 468, 55, 309, 310, 474, 435, 491, 396, 467, 61, 302, 240, 248, 368, 443, 291, 452, 472, 500, 94, 126, 116, 171, 356, 349, 271, 192, 206, 130, 21, 312, 22, 367, 92, 442, 326, 189, 446, 398, 315, 30, 58, 277, 211, 252, 250, 170, 391, 396, 58, 72]
Tree:
None
Fitness on 5000 data:
-205.99449732943353

Fitness:
-205.99449732943353