Generation:
798

Phenotype:
19
V1 = gm([3.3e0, +9.9e1, 9.9e1]);
V2 = gm([1.0e0, +9.9e0, 0.2e0], [4.9e1, +9.9e0, 2.1e0]);
V3 = uniform([+2.3e0, 5.6e0], 2);
V4 = gm([8.4e1, +9.9e0, 0.3e1]);

Pre-processed Program
:E = gm([1.000000], [99], [99]);F = gm([0.020000, 0.980000], [9.9, 9.9], [0.2, 2.1]);C = uniform([2.300000, 7.900000], 2);T = gm([1.000000], [9.9], [3]);Genotype:
[245, 210, 264, 320, 48, 342, 373, 43, 490, 234, 126, 489, 359, 349, 80, 79, 359, 61, 418, 464, 397, 18, 411, 280, 146, 295, 18, 239, 189, 98, 369, 90, 302, 8, 108, 219, 114, 199, 211, 218, 0, 359, 219, 30, 72, 72, 481, 230, 117, 157, 490, 344, 392, 53, 462, 236, 5, 36, 268, 4, 371, 150, 386, 448, 444, 223, 443, 386, 139, 139, 168, 365, 440, 43, 145, 214, 6, 138, 220, 477, 386, 373, 294, 259, 158, 336, 282, 302, 471, 40, 304, 379, 362, 14, 211, 111, 82, 322, 271, 227]
Tree:
None
Fitness on 5000 data:
-149.3722348769486

Fitness:
-149.3722348769486