Generation:
398

Phenotype:
19
V1 = gm([3.5e1, +9.9e1, 9.9e1]);
V2 = gm([2.0e0, +9.9e0, 0.3e0], [7.7e1, +9.9e0, 2.1e0]);
V3 = uniform([+2.3e0, 5.6e0], 2);
V4 = gm([3.6e1, +9.9e0, 0.3e1]);

Pre-processed Program
:E = gm([1.000000], [99], [99]);F = gm([0.025316, 0.974684], [9.9, 9.9], [0.3, 2.1]);C = uniform([2.300000, 7.900000], 2);T = gm([1.000000], [9.9], [3]);Genotype:
[245, 210, 264, 268, 234, 342, 373, 285, 119, 234, 24, 489, 359, 349, 434, 79, 359, 61, 418, 10, 397, 170, 72, 70, 146, 264, 18, 239, 189, 98, 339, 90, 93, 8, 108, 325, 457, 437, 211, 389, 0, 359, 219, 30, 10, 72, 481, 230, 117, 111, 437, 344, 392, 53, 462, 236, 365, 36, 268, 4, 381, 422, 386, 443, 166, 223, 465, 386, 139, 139, 168, 365, 440, 43, 145, 214, 6, 138, 220, 477, 386, 373, 294, 259, 158, 336, 282, 302, 471, 40, 304, 379, 362, 14, 211, 111, 82, 322, 271, 227]
Tree:
None
Fitness on 5000 data:
-149.3738409725229

Fitness:
-149.3738409725229