Generation:
1500

Phenotype:
19
V1 = gm([7.3e0, +9.9e1, 9.9e1]);
V2 = gm([1.4e0, +9.9e0, 0.2e0], [9.9e1, +9.9e0, 2.1e0]);
V3 = uniform([+2.3e0, 5.6e0], 2);
V4 = gm([3.5e1, +9.9e0, 3.1e0]);

Pre-processed Program
:E = gm([1.000000], [99], [99]);F = gm([0.013944, 0.986056], [9.9, 9.9], [0.2, 2.1]);C = uniform([2.300000, 7.900000], 2);T = gm([1.000000], [9.9], [3.1]);Genotype:
[77, 210, 336, 493, 48, 253, 117, 43, 490, 234, 290, 489, 359, 349, 80, 79, 359, 61, 462, 207, 497, 418, 411, 114, 146, 100, 18, 239, 189, 98, 369, 90, 302, 8, 108, 219, 259, 199, 211, 32, 136, 359, 219, 30, 72, 72, 461, 230, 101, 157, 490, 344, 212, 53, 462, 236, 5, 36, 268, 4, 371, 180, 200, 313, 185, 223, 436, 394, 139, 139, 168, 278, 303, 1, 294, 214, 6, 138, 220, 477, 386, 373, 294, 259, 158, 336, 282, 302, 471, 40, 304, 379, 362, 14, 211, 111, 82, 322, 271, 227]
Tree:
None
Fitness on 5000 data:
-149.35142257275643

Fitness:
-149.35142257275643