Generation:
1500

Phenotype:
3
V1 = uniform([+6.1e0, 7.9e0], 2);
V2 = +V1 + -V1;
V2 = V2 + gm([0.0e1, +9.8e0, 2.0e0], [0.0e1, +9.9e0, 2.0e0]);
V3 = -V1 * -V1 - +0.5e0;
V3 = V3 + gm([6.8e0, +0.1e1, 9.6e0]);

Pre-processed Program
:T = uniform([6.100000, 14.000000], 2);F = T;F = F - T;F = F + gm([1.000000, 1.000000], [9.8, 9.9], [2, 2]);TEMP0 = T * T;P = TEMP0;P = P - 0.5;P = P + gm([1.000000], [1], [9.6]);Genotype:
[348, 356, 265, 307, 279, 394, 102, 266, 401, 208, 268, 217, 249, 366, 62, 41, 20, 152, 202, 306, 164, 450, 476, 344, 397, 367, 128, 240, 257, 334, 470, 250, 25, 381, 216, 439, 458, 414, 496, 272, 380, 248, 344, 498, 140, 110, 51, 101, 198, 329, 159, 10, 249, 162, 420, 162, 228, 397, 202, 7, 82, 362, 297, 212, 398, 449, 104, 169, 330, 389, 283, 38, 180, 295, 370, 32, 456, 270, 261, 46, 158, 140, 65, 382, 320, 71, 425, 189, 459, 446, 72, 62, 56, 22, 423, 451, 187, 220, 94, 9, 192, 98, 195, 442, 313, 126, 419, 180, 99, 461, 346, 396, 466, 499, 432, 435, 457, 174, 436, 333, 58, 498, 121, 145, 254, 78, 328, 195, 457, 59, 408, 315, 70, 382, 379, 220, 258, 182, 273, 477, 342, 295, 328, 121, 145, 314]
Tree:
None
Fitness on 5000 data:
-7.4883874063767175

Fitness:
-7.4883874063767175