Generation:
798

Phenotype:
3
V1 = uniform([+6.1e0, 7.9e0], 2);
V2 = -V1 + +V1;
V2 = V2 + gm([0.0e0, +9.0e1, 1.2e0], [0.6e1, +9.9e0, 2.0e0]);
V3 = -V1 * -V1 + +0.3e0;
V3 = V3 + gm([5.3e1, +0.2e0, 9.8e0]);

Pre-processed Program
:T = uniform([6.100000, 14.000000], 2);F = 0;F = F - T;F = F + T;F = F + gm([0.000000, 1.000000], [90, 9.9], [1.2, 2]);TEMP0 = T * T;P = TEMP0;P = P + 0.3;P = P + gm([1.000000], [0.2], [9.8]);Genotype:
[365, 356, 289, 347, 83, 244, 186, 326, 401, 258, 452, 77, 179, 366, 18, 159, 492, 152, 202, 377, 87, 156, 476, 402, 418, 466, 142, 378, 439, 74, 420, 250, 158, 453, 290, 449, 0, 117, 388, 61, 52, 248, 32, 191, 400, 446, 449, 299, 190, 9, 159, 300, 75, 162, 420, 162, 230, 357, 144, 413, 82, 268, 297, 338, 46, 185, 394, 144, 242, 377, 434, 332, 180, 463, 174, 32, 171, 270, 255, 375, 393, 323, 147, 334, 420, 432, 32, 188, 459, 478, 72, 62, 56, 22, 423, 451, 187, 220, 94, 9, 192, 98, 195, 442, 313, 126, 419, 180, 99, 461, 346, 396, 466, 499, 432, 435, 457, 174, 436, 333, 58, 498, 121, 145, 254, 78, 328, 195, 457, 59, 408, 315, 70, 382, 379, 220, 258, 182, 273, 477, 342, 295, 328, 121, 145, 314]
Tree:
None
Fitness on 5000 data:
-8.179167979290892

Fitness:
-8.179167979290892