Generation:
398

Phenotype:
3
V1 = uniform([+6.0e0, 7.9e0], 2);
V2 = +V1 + -V1;
V2 = V2 + gm([0.0e0, +6.3e0, 1.8e1], [7.6e1, +9.8e0, 2.0e0]);
V3 = -V1 * -V1 + +0.4e0;
V3 = V3 + gm([5.5e0, +0.0e0, 9.7e0]);

Pre-processed Program
:T = uniform([6.000000, 13.900000], 2);F = T;F = F - T;F = F + gm([0.000000, 1.000000], [6.3, 9.8], [18, 2]);TEMP0 = T * T;P = TEMP0;P = P + 0.4;P = P + gm([1.000000], [0], [9.7]);Genotype:
[92, 356, 76, 347, 499, 68, 10, 196, 240, 258, 191, 77, 179, 366, 18, 11, 262, 146, 336, 320, 73, 156, 372, 286, 99, 466, 142, 441, 439, 462, 420, 250, 158, 405, 432, 456, 153, 412, 240, 51, 368, 159, 446, 483, 407, 446, 449, 299, 190, 9, 168, 300, 75, 162, 420, 162, 92, 357, 144, 413, 82, 396, 137, 338, 134, 185, 394, 156, 288, 225, 180, 332, 180, 354, 28, 32, 171, 30, 255, 485, 65, 114, 147, 208, 420, 330, 366, 188, 459, 417, 356, 62, 56, 22, 423, 451, 187, 220, 94, 9, 192, 98, 195, 442, 313, 126, 419, 180, 99, 461, 346, 396, 466, 499, 432, 435, 457, 174, 436, 333, 58, 498, 121, 145, 254, 78, 328, 195, 457, 59, 408, 315, 70, 382, 379, 220, 258, 182, 273, 477, 342, 295, 328, 121, 145, 314]
Tree:
None
Fitness on 5000 data:
-8.18299717652076

Fitness:
-8.18299717652076