Generation:
1198

Phenotype:
3
V1 = uniform([+6.1e0, 7.9e0], 2);
V2 = +V1 + -V1;
V2 = V2 + gm([0.0e1, +9.7e0, 2.4e0], [0.0e1, +9.9e0, 2.0e0]);
V3 = -V1 * -V1 + +0.2e0;
V3 = V3 + gm([9.3e0, +0.2e0, 9.4e0]);

Pre-processed Program
:T = uniform([6.100000, 14.000000], 2);F = T;F = F - T;F = F + gm([1.000000, 1.000000], [9.7, 9.9], [2.4, 2]);TEMP0 = T * T;P = TEMP0;P = P + 0.2;P = P + gm([1.000000], [0.2], [9.4]);Genotype:
[488, 356, 265, 307, 467, 439, 102, 266, 401, 258, 452, 77, 179, 366, 420, 41, 114, 152, 202, 306, 197, 450, 476, 402, 279, 13, 128, 421, 439, 137, 420, 250, 95, 350, 290, 439, 247, 414, 189, 272, 264, 248, 344, 191, 140, 110, 449, 152, 190, 329, 159, 10, 160, 162, 420, 162, 0, 91, 144, 413, 82, 214, 297, 250, 366, 185, 104, 144, 242, 389, 279, 332, 180, 342, 174, 22, 300, 270, 261, 299, 393, 140, 65, 334, 320, 432, 26, 22, 459, 284, 72, 62, 56, 22, 423, 451, 187, 220, 94, 9, 192, 98, 195, 442, 313, 126, 419, 180, 99, 461, 346, 396, 466, 499, 432, 435, 457, 174, 436, 333, 58, 498, 121, 145, 254, 78, 328, 195, 457, 59, 408, 315, 70, 382, 379, 220, 258, 182, 273, 477, 342, 295, 328, 121, 145, 314]
Tree:
None
Fitness on 5000 data:
-7.50286555341625

Fitness:
-7.50286555341625