Generation:
1198

Phenotype:
13
V1 = uniform([+2.2e0, 2.2e1], 2);
V2 = +4.0e1;
V2 = V2 + gm([4.5e0, -2.9e1, 2.2e0]);
V3 = +0.6e0;
V3 = V3 + uniform([+1.3e0, 6.0e0], 2);
V4 = -V1 * -V1 - -5.1e1 * +V3 + -V2;
V4 = V4 + gm([2.6e0, +3.0e0, 9.2e0]);

Pre-processed Program
:T = uniform([2.200000, 24.200000], 2);F = 40;F = F + gm([1.000000], [-29], [2.2]);C = 0.6;C = C + uniform([1.300000, 7.300000], 2);TEMP0 = T * T;TEMP1 = -51 * C;E = TEMP0;E = E - TEMP1;E = E - F;E = E + gm([1.000000], [3], [9.2]);Genotype:
[489, 420, 110, 317, 266, 279, 108, 312, 412, 474, 396, 182, 52, 475, 367, 124, 312, 151, 222, 400, 94, 170, 349, 60, 3, 196, 204, 374, 95, 86, 341, 9, 472, 49, 235, 212, 392, 172, 206, 310, 468, 276, 429, 396, 268, 180, 146, 202, 443, 238, 112, 394, 451, 273, 434, 486, 226, 90, 106, 40, 433, 449, 380, 167, 482, 274, 253, 63, 478, 23, 105, 387, 335, 12, 89, 474, 51, 435, 471, 173, 346, 116, 386, 356, 206, 490, 483, 466, 422, 388, 80, 416, 72, 146, 356, 147, 8, 163, 70, 76, 35, 309, 202, 92, 199, 260, 427, 280, 23, 344, 52, 388, 353, 374, 201, 485, 357, 38, 495, 401, 243, 389, 263, 419, 497, 161, 336, 125, 460, 89, 58, 352, 126, 19, 273, 354, 439, 105, 38, 224, 360, 337, 321, 52, 119, 55, 80, 336, 135, 179, 346, 351, 265, 382, 71, 110, 252, 329, 443, 303, 279, 377, 337, 420, 267, 59, 150, 163, 498, 254, 43, 176, 128, 402, 105, 265, 280, 200, 160, 7, 39, 209, 335, 273, 55, 473, 183, 423, 57, 341, 123, 146, 397, 292, 378, 124, 284, 240, 243, 45, 135, 117, 212, 351, 265, 382, 213, 112, 73, 329, 128, 253, 369, 1, 309, 297, 468, 59, 150, 163, 498, 252, 5, 391, 128, 303, 105, 265, 280, 126, 442, 7, 400, 33, 335, 258, 102, 402, 494, 481, 261, 100, 332, 421, 452, 350, 302, 500, 132, 467, 53, 156, 43, 188, 274, 230, 13, 197, 494, 329, 62, 89, 464, 112, 323, 66, 52, 424, 95, 3, 195, 198, 450, 89, 73, 401, 17, 196, 303, 289, 470, 196, 366, 268, 28, 323, 329, 401, 300, 74, 252, 195, 198, 450, 137, 308, 411, 17, 177]
Tree:
None
Fitness on 5000 data:
-94.23645437705095

Fitness:
-94.23645437705095