Generation:
1198

Phenotype:
6
V1 = uniform([+4.4e0, 2.0e1], 2);
V2 = -V1;
V2 = V2 + uniform([+8.2e0, 2.2e1], 2);
V3 = +V2;
V3 = V3 + gm([3.6e1, +5.0e0, 1.1e0]);

Pre-processed Program
:T = uniform([4.400000, 24.400000], 2);C = 0;C = C - T;C = C + uniform([8.200000, 30.200000], 2);F = C;F = F + gm([1.000000], [5], [1.1]);Genotype:
[79, 347, 98, 221, 65, 267, 440, 454, 304, 282, 471, 292, 170, 93, 237, 496, 242, 114, 325, 264, 51, 389, 277, 270, 98, 262, 414, 371, 262, 482, 299, 169, 60, 484, 314, 332, 395, 126, 82, 140, 147, 3, 306, 321, 184, 378, 435, 140, 90, 83, 121, 351, 314, 461, 43, 434, 414, 489, 70, 15, 420, 322, 429, 390, 305, 112, 408, 441, 64, 227, 126, 158, 440, 99, 97, 377, 491, 318, 60, 90, 389, 353, 281, 319, 174, 192, 485, 178, 330, 34, 387, 130, 172, 261, 455, 450, 301, 335, 103, 43]
Tree:
None
Fitness on 5000 data:
-7.336488823830816

Fitness:
-7.336488823830816