Generation:
398

Phenotype:
4
V1 = uniform([-0.3e0, 1.6e1], 2);
V2 = gm([3.9e0, +9.9e1, 9.9e1]);
V3 = gm([2.7e0, +9.9e0, 2.0e0]);

Pre-processed Program
:T = uniform([-0.300000, 15.700000], 2);P = gm([1.000000], [99], [99]);F = gm([1.000000], [9.9], [2]);Genotype:
[288, 447, 377, 486, 151, 465, 420, 303, 352, 144, 41, 296, 313, 52, 38, 366, 397, 203, 169, 342, 339, 430, 269, 89, 275, 41, 239, 339, 271, 74, 491, 444, 252, 322, 147, 374, 83, 48, 69, 89, 428, 42, 42, 360, 316, 78, 416, 236, 72, 19, 378, 122, 82, 191, 120, 250, 62, 200, 125, 180, 51, 383, 304, 157, 413, 70, 366, 268, 47, 191, 360, 454, 206, 74, 408, 29, 210, 413, 305, 440, 483, 211, 309, 106, 381, 324, 35, 185, 149, 316, 72, 491, 279, 197, 486, 121, 115]
Tree:
None
Fitness on 5000 data:
-89.9755448986369

Fitness:
-89.9755448986369