Generation:
1500

Phenotype:
5
V1 = uniform([+0.4e1, 1.9e1], 2);
V2 = gm([4.5e1, +9.9e0, 2.0e0]);
V3 = uniform([+0.1e0, 1.0e1], 2);

Pre-processed Program
:T = uniform([4.000000, 23.000000], 2);F = gm([1.000000], [9.9], [2]);W = uniform([0.100000, 10.100000], 2);Genotype:
[146, 190, 351, 466, 219, 438, 10, 234, 401, 317, 311, 269, 317, 240, 53, 242, 395, 384, 325, 141, 88, 114, 149, 59, 364, 3, 82, 370, 188, 475, 302, 250, 438, 370, 11, 22, 453, 141, 350, 91, 80, 155, 235, 193, 100, 241, 324, 145, 261, 273, 312, 149, 62, 15, 188, 15, 14, 322, 234, 470, 392, 460, 316, 37, 446, 272, 130, 375, 101, 111, 115, 340, 73, 21, 403, 399, 322, 218, 150, 62, 140, 197, 373, 364, 72, 431, 224, 396, 343, 46, 430, 392]
Tree:
None
Fitness on 5000 data:
-58.654003791302515

Fitness:
-58.654003791302515