Generation:
398

Phenotype:
3
V1 = gm([5.5e1, +0.8e1, 4.3e0]);
V2 = gm([0.0e1, +2.6e1, 3.4e0], [0.0e1, +6.3e1, 3.8e0], [1.3e0, +8.7e0, 7.7e1], [8.4e1, +9.8e0, 2.1e0]);
V3 = gm([3.3e0, +9.8e1, 9.9e1], [2.2e0, +9.8e0, 1.6e1]);

Pre-processed Program
:T = gm([1.000000], [8], [4.3]);F = gm([0.000000, 0.000000, 0.015240, 0.984760], [26, 63, 8.7, 9.8], [3.4, 3.8, 77, 2.1]);P = gm([0.600000, 0.400000], [98, 9.8], [99, 16]);Genotype:
[278, 482, 428, 171, 36, 197, 115, 255, 125, 220, 444, 360, 328, 421, 152, 394, 213, 272, 12, 262, 113, 407, 290, 480, 483, 187, 34, 2, 346, 303, 470, 363, 324, 42, 207, 449, 100, 480, 241, 54, 80, 276, 403, 317, 303, 163, 118, 418, 85, 87, 261, 443, 396, 84, 226, 338, 357, 276, 392, 57, 207, 261, 450, 153, 488, 244, 121, 232, 338, 339, 18, 60, 70, 492, 431, 58, 236, 276, 163, 460, 13, 423, 100, 425, 346, 89, 78, 373, 200, 439, 269, 275, 160, 260, 2, 442, 232, 253, 312, 399]
Tree:
None
Fitness on 5000 data:
-86.8556154399712

Fitness:
-86.8556154399712