Generation:
1198

Phenotype:
3
V1 = gm([0.5e1, +0.8e1, 4.5e0], [2.9e0, +9.9e0, 3.2e0]);
V2 = gm([0.0e1, -9.9e1, 2.5e1], [0.0e1, +8.5e1, 6.8e0], [2.2e1, +9.9e0, 2.1e0]);
V3 = gm([3.5e0, +9.9e1, 9.9e1], [2.1e0, +9.8e0, 1.5e1]);

Pre-processed Program
:T = gm([0.632911, 0.367089], [8, 9.9], [4.5, 3.2]);F = gm([0.000000, 0.000000, 1.000000], [-99, 85, 9.9], [25, 6.8, 2.1]);P = gm([0.625000, 0.375000], [99, 9.8], [99, 15]);Genotype:
[278, 482, 192, 241, 455, 197, 330, 255, 461, 27, 268, 360, 328, 421, 152, 394, 365, 214, 12, 73, 162, 259, 290, 444, 168, 279, 489, 2, 222, 103, 402, 216, 208, 311, 131, 322, 100, 470, 79, 54, 317, 199, 49, 385, 253, 202, 105, 403, 85, 359, 90, 300, 93, 496, 226, 488, 85, 181, 332, 126, 308, 262, 142, 417, 442, 162, 247, 364, 338, 299, 139, 190, 107, 492, 431, 58, 186, 276, 439, 430, 13, 215, 100, 335, 450, 89, 419, 475, 461, 439, 39, 349, 406, 313, 2, 351, 244, 256, 162, 399]
Tree:
None
Fitness on 5000 data:
-86.52058414910337

Fitness:
-86.52058414910337