Generation:
1500

Phenotype:
3
V1 = gm([0.5e1, +0.8e1, 4.5e0], [2.7e0, +9.9e0, 3.0e0]);
V2 = gm([0.0e0, -9.3e1, 2.4e0], [0.0e1, +5.8e1, 8.8e0], [2.2e1, +9.9e0, 2.0e0]);
V3 = gm([3.9e0, +9.9e1, 9.9e1], [2.4e0, +9.9e0, 1.5e1]);

Pre-processed Program
:T = gm([0.649351, 0.350649], [8, 9.9], [4.5, 3]);F = gm([0.000000, 0.000000, 1.000000], [-93, 58, 9.9], [2.4, 8.8, 2]);P = gm([0.619048, 0.380952], [99, 9.9], [99, 15]);Genotype:
[469, 482, 192, 241, 445, 197, 330, 255, 461, 27, 268, 360, 328, 283, 73, 394, 365, 300, 12, 271, 162, 387, 290, 92, 308, 279, 489, 2, 180, 103, 370, 216, 208, 423, 15, 332, 100, 30, 188, 54, 381, 199, 143, 385, 253, 202, 64, 20, 443, 488, 90, 300, 93, 323, 226, 495, 8, 181, 448, 108, 148, 262, 258, 71, 442, 162, 247, 174, 338, 299, 139, 190, 211, 12, 200, 58, 186, 276, 439, 380, 13, 119, 100, 335, 58, 89, 419, 475, 461, 439, 39, 23, 174, 313, 2, 74, 244, 256, 6, 399]
Tree:
None
Fitness on 5000 data:
-86.49124508946342

Fitness:
-86.49124508946342