Generation:
798

Phenotype:
3
V1 = gm([5.5e1, +0.8e1, 4.3e0]);
V2 = gm([0.0e1, +2.2e1, 6.8e0], [0.0e1, +1.6e1, 1.7e0], [0.0e1, +8.7e1, 6.8e0], [8.1e1, +9.9e0, 2.1e0]);
V3 = gm([3.3e0, +9.9e1, 9.9e1], [2.0e0, +9.8e0, 1.4e1]);

Pre-processed Program
:T = gm([1.000000], [8], [4.3]);F = gm([0.000000, 0.000000, 0.000000, 1.000000], [22, 16, 87, 9.9], [6.8, 1.7, 6.8, 2.1]);P = gm([0.622642, 0.377358], [99, 9.8], [99, 14]);Genotype:
[278, 482, 4, 171, 274, 197, 115, 255, 461, 27, 268, 360, 328, 421, 152, 394, 213, 272, 12, 256, 113, 309, 290, 480, 95, 279, 186, 2, 222, 103, 422, 216, 208, 114, 353, 322, 100, 470, 241, 54, 166, 241, 326, 317, 71, 221, 117, 52, 85, 359, 90, 300, 93, 91, 226, 488, 357, 181, 392, 46, 98, 370, 142, 153, 238, 61, 247, 446, 338, 299, 139, 190, 12, 492, 431, 58, 186, 276, 439, 430, 13, 423, 100, 191, 376, 89, 419, 373, 455, 439, 39, 349, 406, 444, 2, 430, 404, 471, 162, 399]
Tree:
None
Fitness on 5000 data:
-86.69009438304622

Fitness:
-86.69009438304622