0	[-183.285033976483, -1]
1	[-150.14055822873564, -1]
2	[-243.73755071100362, 0]
2	[-150.14055822873564, -1]
2	[-126.57752915944576, -3]
3	[-243.27859701147153, 0]
3	[-150.14055822873564, -1]
3	[-142.57811792740256, -2]
3	[-93.23452315061022, -3]
4	[-243.20001476051033, 0]
4	[-124.17732397839492, -1]
4	[-93.23452315061022, -3]
5	[-127.16559132344922, 0]
5	[-122.71231136637643, -1]
5	[-93.23452315061022, -3]
6	[-127.16559132344922, 0]
6	[-111.55834694371747, -1]
6	[-110.79437146744489, -2]
6	[-93.23452315061022, -3]
7	[-127.16559132344922, 0]
7	[-111.55834694371747, -1]
7	[-110.79437146744489, -2]
7	[-93.23452315061022, -3]
8	[-127.16559132344922, 0]
8	[-127.16559132344922, 0]
8	[-111.55834694371747, -1]
8	[-110.79437146744489, -2]
8	[-93.23452315061022, -3]
9	[-127.16559132344922, 0]
9	[-127.16559132344922, 0]
9	[-111.29203301920197, -1]
9	[-110.79437146744489, -2]
9	[-88.16076076913659, -3]
10	[-126.97621315582703, 0]
10	[-111.29203301920197, -1]
10	[-110.79437146744489, -2]
10	[-88.16076076913659, -3]
11	[-126.97621315582703, 0]
11	[-110.88555763071469, -1]
11	[-110.79437146744489, -2]
11	[-88.16076076913659, -3]
12	[-126.97621315582703, 0]
12	[-107.18736935531024, -1]
12	[-88.16076076913659, -3]
13	[-124.32691252229273, 0]
13	[-107.18736935531024, -1]
13	[-89.84654041326547, -2]
13	[-88.16076076913659, -3]
14	[-124.32691252229273, 0]
14	[-107.18736935531024, -1]
14	[-89.84654041326547, -2]
14	[-87.00323460943584, -3]
15	[-120.2818594643571, 0]
15	[-107.18736935531024, -1]
15	[-89.84654041326547, -2]
15	[-87.00323460943584, -3]
16	[-120.2818594643571, 0]
16	[-107.18736935531024, -1]
16	[-89.84654041326547, -2]
16	[-87.00323460943584, -3]
17	[-118.78247028780056, 0]
17	[-106.8315684829607, -1]
17	[-89.84654041326547, -2]
17	[-87.00323460943584, -3]
18	[-118.78247028780056, 0]
18	[-106.8315684829607, -1]
18	[-89.84654041326547, -2]
18	[-85.75196139937786, -3]
19	[-118.57179060291935, 0]
19	[-106.8315684829607, -1]
19	[-89.83668175046397, -2]
19	[-85.751944776696, -3]
20	[-118.5713653987191, 0]
20	[-104.86337567720064, -1]
20	[-89.83668175046397, -2]
20	[-85.751944776696, -3]
21	[-101.34550733480857, 0]
21	[-89.83668175046397, -2]
21	[-85.751944776696, -3]
22	[-101.34550733480857, 0]
22	[-89.83668175046397, -2]
22	[-84.0124679611535, -3]
23	[-101.34550733480857, 0]
23	[-89.83668175046397, -2]
23	[-84.0124679611535, -3]
24	[-101.34550733480857, 0]
24	[-89.83668175046397, -2]
24	[-84.0124679611535, -3]
25	[-101.34550733480857, 0]
25	[-89.83668175046397, -2]
25	[-84.0124679611535, -3]
26	[-95.79300658112818, 0]
26	[-89.83668175046397, -2]
26	[-84.0124679611535, -3]
27	[-95.79300658112818, 0]
27	[-89.83668175046397, -2]
27	[-84.0124679611535, -3]
28	[-95.79300658112818, 0]
28	[-89.83668175046397, -2]
28	[-84.0124679611535, -3]
29	[-95.79300658112818, 0]
29	[-89.83668175046397, -2]
29	[-84.0124679611535, -3]
30	[-95.79300658112818, 0]
30	[-89.83668175046397, -2]
30	[-84.0124679611535, -3]
31	[-95.79300658112818, 0]
31	[-89.83668175046397, -2]
31	[-84.0124679611535, -3]
32	[-95.79300658112818, 0]
32	[-94.18181643834717, -1]
32	[-89.83668175046397, -2]
32	[-84.0124679611535, -3]
33	[-95.79300658112818, 0]
33	[-94.18181643834717, -1]
33	[-89.83668175046397, -2]
33	[-84.0124679611535, -3]
34	[-90.20661729809393, 0]
34	[-89.83668175046397, -2]
34	[-84.0124679611535, -3]
35	[-90.20661729809393, 0]
35	[-89.7923596535573, -2]
35	[-84.0124679611535, -3]
36	[-90.20661729809393, 0]
36	[-89.7923596535573, -2]
36	[-84.0124679611535, -3]
37	[-90.20661729809393, 0]
37	[-89.7923596535573, -2]
37	[-84.0124679611535, -3]
38	[-90.20661729809393, 0]
38	[-89.7923596535573, -2]
38	[-84.0124679611535, -3]
39	[-90.20661729809393, 0]
39	[-89.79151407973305, -2]
39	[-84.0124679611535, -3]
40	[-90.20661729809393, 0]
40	[-89.79151407973305, -2]
40	[-84.0124679611535, -3]
41	[-90.20661729809393, 0]
41	[-88.85945128961491, -1]
41	[-84.0124679611535, -3]
42	[-90.20661729809393, 0]
42	[-88.81914009997662, -1]
42	[-84.0124679611535, -3]
43	[-90.20661729809393, 0]
43	[-88.41816838582062, -1]
43	[-83.48398569151217, -3]
44	[-90.20661729809393, 0]
44	[-77.86250254679796, -1]
45	[-88.64744369672833, 0]
45	[-77.86250254679796, -1]
46	[-88.64744369672833, 0]
46	[-88.64744369672833, 0]
46	[-77.86250254679796, -1]
47	[-88.64744369672833, 0]
47	[-88.64744369672833, 0]
47	[-77.86250254679796, -1]
48	[-88.64744369672833, 0]
48	[-88.64744369672833, 0]
48	[-77.86250254679796, -1]
49	[-88.64744369672833, 0]
49	[-88.64744369672833, 0]
49	[-77.86250254679796, -1]
50	[-87.23319523278066, 0]
50	[-77.86250254679796, -1]
51	[-85.47926286187436, 0]
51	[-77.86250254679796, -1]
52	[-85.43652355621867, 0]
52	[-77.86250254679796, -1]
53	[-84.54755301486922, 0]
53	[-77.86250254679796, -1]
54	[-84.54755301486922, 0]
54	[-77.86250254679796, -1]
55	[-84.54755301486922, 0]
55	[-77.22293546261699, -1]
56	[-84.54755301486922, 0]
56	[-77.22293546261699, -1]
57	[-81.81115678523386, 0]
57	[-77.22293546261699, -1]
58	[-81.81115678523386, 0]
58	[-77.22293546261699, -1]
59	[-81.81115678523386, 0]
59	[-75.21827116488157, -1]
60	[-81.81115678523386, 0]
60	[-75.21827116488157, -1]
61	[-81.81115678523386, 0]
61	[-75.20182380008245, -1]
62	[-81.81115678523386, 0]
62	[-75.20182380008245, -1]
63	[-81.81115678523386, 0]
63	[-75.16206980193384, -1]
64	[-81.81115678523386, 0]
64	[-75.16206980193384, -1]
65	[-81.74756651250978, 0]
65	[-74.22703758487071, -1]
66	[-81.31417425758835, 0]
66	[-74.22703758487071, -1]
67	[-81.31417425758835, 0]
67	[-74.22703758487071, -1]
68	[-81.31417425758835, 0]
68	[-74.22703758487071, -1]
69	[-81.31417425758835, 0]
69	[-74.22703758487071, -1]
70	[-81.31417425758835, 0]
70	[-74.22703758487071, -1]
71	[-71.08915328201762, 0]
72	[-71.08915328201762, 0]
73	[-71.07134373800349, 0]
74	[-70.92211963886345, 0]
75	[-70.92211963886345, 0]
76	[-70.92211963886345, 0]
77	[-70.92211963886345, 0]
78	[-70.73050832424033, 0]
79	[-70.73050832424033, 0]
80	[-70.73050832424033, 0]
81	[-70.73050832424033, 0]
82	[-70.73050832424033, 0]
83	[-70.73050832424033, 0]
84	[-70.73050832424033, 0]
85	[-70.73050832424033, 0]
86	[-69.63936258629857, 0]
87	[-69.63936258629857, 0]
88	[-69.63936258629857, 0]
89	[-69.48422940379307, 0]
90	[-69.48422940379307, 0]
91	[-69.48422940379307, 0]
92	[-69.48422940379307, 0]
93	[-69.48422940379307, 0]
94	[-69.48422940379307, 0]
95	[-69.48422940379307, 0]
96	[-69.48422940379307, 0]
97	[-69.48422940379307, 0]
98	[-65.74731566706996, 0]
99	[-65.74731566706996, 0]
100	[-65.74731566706996, 0]
101	[-65.74731566706996, 0]
102	[-65.74731566706996, 0]
103	[-65.74731566706996, 0]
104	[-65.74731566706996, 0]
105	[-65.74731566706996, 0]
106	[-65.74731566706996, 0]
107	[-65.73247455593699, 0]
108	[-65.71499725889588, 0]
109	[-65.71499725889588, 0]
110	[-65.71499725889588, 0]
111	[-65.5669246008644, 0]
112	[-65.5669246008644, 0]
113	[-64.8381868840065, 0]
114	[-64.8381868840065, 0]
115	[-64.8381868840065, 0]
116	[-64.79325508372816, 0]
117	[-64.7217561811362, 0]
118	[-64.7217561811362, 0]
119	[-64.7217561811362, 0]
120	[-64.7217561811362, 0]
121	[-64.71633334761802, 0]
122	[-64.71633334761802, 0]
123	[-64.71633334761802, 0]
124	[-64.6775604478522, 0]
125	[-64.6775604478522, 0]
125	[-64.6775604478522, 0]
126	[-64.36768628174465, 0]
127	[-64.36768628174465, 0]
128	[-64.36768628174465, 0]
129	[-64.36768628174465, 0]
130	[-64.36768628174465, 0]
131	[-64.36768628174465, 0]
132	[-64.36768628174465, 0]
133	[-64.36768628174465, 0]
134	[-64.36768628174465, 0]
135	[-64.36768628174465, 0]
136	[-64.36768628174465, 0]
137	[-64.31490940186764, 0]
138	[-64.31490940186764, 0]
139	[-64.31490940186764, 0]
140	[-64.31490940186764, 0]
141	[-64.31490940186764, 0]
142	[-64.31490940186764, 0]
143	[-64.31490940186764, 0]
144	[-64.31490940186764, 0]
145	[-64.31490940186764, 0]
146	[-64.31490940186764, 0]
147	[-64.31490940186764, 0]
148	[-64.31490940186764, 0]
149	[-64.31490940186764, 0]
150	[-64.31490940186764, 0]
151	[-64.31490940186764, 0]
152	[-64.31490940186764, 0]
153	[-64.31490940186764, 0]
154	[-64.31490940186764, 0]
155	[-64.1081050774602, 0]
156	[-64.1081050774602, 0]
157	[-64.1081050774602, 0]
158	[-64.1081050774602, 0]
159	[-64.1081050774602, 0]
160	[-64.1081050774602, 0]
161	[-64.1081050774602, 0]
162	[-64.1081050774602, 0]
163	[-64.1081050774602, 0]
164	[-64.1081050774602, 0]
165	[-63.66960691882769, 0]
166	[-63.66960691882769, 0]
167	[-63.66960691882769, 0]
168	[-63.66960691882769, 0]
169	[-63.66960691882769, 0]
170	[-63.6343876792015, 0]
171	[-63.6343876792015, 0]
172	[-63.6343876792015, 0]
173	[-63.59679780852297, 0]
174	[-63.59679780852297, 0]
174	[-63.59679780852297, 0]
175	[-63.59679780852297, 0]
175	[-63.59679780852297, 0]
176	[-63.59679780852297, 0]
176	[-63.59679780852297, 0]
176	[-63.59679780852297, 0]
177	[-63.521898073090824, 0]
178	[-63.521898073090824, 0]
179	[-63.521898073090824, 0]
180	[-63.521898073090824, 0]
181	[-63.521898073090824, 0]
182	[-63.521898073090824, 0]
183	[-63.521898073090824, 0]
184	[-63.521898073090824, 0]
185	[-63.521898073090824, 0]
186	[-63.521898073090824, 0]
187	[-63.521898073090824, 0]
188	[-63.31164306404012, 0]
189	[-63.287657064686165, 0]
190	[-63.287657064686165, 0]
191	[-63.287657064686165, 0]
192	[-63.287657064686165, 0]
193	[-63.287657064686165, 0]
194	[-63.287657064686165, 0]
195	[-63.287657064686165, 0]
196	[-63.287657064686165, 0]
196	[-63.287657064686165, 0]
197	[-63.287657064686165, 0]
197	[-63.287657064686165, 0]
198	[-63.287657064686165, 0]
198	[-63.287657064686165, 0]
199	[-63.287657064686165, 0]
199	[-63.287657064686165, 0]
200	[-63.287657064686165, 0]
200	[-63.287657064686165, 0]
201	[-63.287657064686165, 0]
201	[-63.287657064686165, 0]
202	[-63.287657064686165, 0]
202	[-63.287657064686165, 0]
203	[-63.246748090750486, 0]
204	[-63.246748090750486, 0]
205	[-63.246748090750486, 0]
206	[-63.150621646244595, 0]
207	[-63.150621646244595, 0]
208	[-63.150621646244595, 0]
209	[-63.120108399066346, 0]
210	[-63.120108399066346, 0]
211	[-63.120108399066346, 0]
212	[-63.120108399066346, 0]
213	[-63.120108399066346, 0]
214	[-63.120108399066346, 0]
215	[-63.120108399066346, 0]
216	[-63.120108399066346, 0]
217	[-63.08367216917979, 0]
218	[-63.08367216917979, 0]
219	[-63.08367216917979, 0]
220	[-63.08367216917979, 0]
221	[-63.08367216917979, 0]
221	[-63.08367216917979, 0]
222	[-63.08367216917979, 0]
222	[-63.08367216917979, 0]
222	[-63.08367216917979, 0]
223	[-63.08367216917979, 0]
223	[-63.08367216917979, 0]
223	[-63.08367216917979, 0]
223	[-63.08367216917979, 0]
224	[-63.08367216917979, 0]
224	[-63.08367216917979, 0]
224	[-63.08367216917979, 0]
224	[-63.08367216917979, 0]
225	[-63.08367216917979, 0]
225	[-63.08367216917979, 0]
225	[-63.08367216917979, 0]
225	[-63.08367216917979, 0]
226	[-63.07297493876238, 0]
227	[-63.07297493876238, 0]
228	[-63.07297493876238, 0]
229	[-63.07297493876238, 0]
230	[-63.07297493876238, 0]
231	[-63.07297493876238, 0]
232	[-63.07297493876238, 0]
233	[-63.07297493876238, 0]
234	[-63.015504746175566, 0]
235	[-63.015504746175566, 0]
235	[-63.015504746175566, 0]
236	[-63.007529234469004, 0]
237	[-63.00387957273156, 0]
238	[-62.96812809071454, 0]
239	[-62.96812809071454, 0]
240	[-62.96812809071454, 0]
241	[-62.96812809071454, 0]
242	[-62.96812809071454, 0]
243	[-62.96812809071454, 0]
244	[-62.96812809071454, 0]
245	[-62.96812809071454, 0]
246	[-62.96812809071454, 0]
247	[-62.96812809071454, 0]
248	[-62.96812809071454, 0]
249	[-62.96812809071454, 0]
250	[-62.96812809071454, 0]
251	[-62.96812809071454, 0]
252	[-62.96812809071454, 0]
253	[-62.96812809071454, 0]
254	[-62.96812809071454, 0]
255	[-62.96812809071454, 0]
256	[-62.96812809071454, 0]
257	[-62.96812809071454, 0]
258	[-62.96812809071454, 0]
259	[-62.96812809071454, 0]
260	[-62.96812809071454, 0]
261	[-62.96812809071454, 0]
262	[-62.96812809071454, 0]
263	[-62.96727648235896, 0]
264	[-62.96727648235896, 0]
265	[-62.96727648235896, 0]
266	[-62.96727648235896, 0]
267	[-62.96727648235896, 0]
268	[-62.96727648235896, 0]
269	[-62.96727648235896, 0]
270	[-62.96727648235896, 0]
271	[-62.96727648235896, 0]
272	[-62.95449679493408, 0]
273	[-62.95449679493408, 0]
274	[-62.95449679493408, 0]
275	[-62.95449679493408, 0]
276	[-62.95449679493408, 0]
277	[-62.95449679493408, 0]
277	[-62.95449679493408, 0]
278	[-62.95449679493408, 0]
278	[-62.95449679493408, 0]
279	[-62.95449679493408, 0]
279	[-62.95449679493408, 0]
280	[-62.95449679493408, 0]
280	[-62.95449679493408, 0]
281	[-62.95449679493408, 0]
281	[-62.95449679493408, 0]
282	[-62.95449679493408, 0]
282	[-62.95449679493408, 0]
283	[-62.95449679493408, 0]
283	[-62.95449679493408, 0]
284	[-62.95449679493408, 0]
284	[-62.95449679493408, 0]
285	[-62.95449679493408, 0]
285	[-62.95449679493408, 0]
286	[-62.95449679493408, 0]
286	[-62.95449679493408, 0]
287	[-62.95449679493408, 0]
287	[-62.95449679493408, 0]
288	[-62.95449679493408, 0]
288	[-62.95449679493408, 0]
289	[-62.95449679493408, 0]
289	[-62.95449679493408, 0]
290	[-62.95449679493408, 0]
290	[-62.95449679493408, 0]
291	[-62.95449679493408, 0]
291	[-62.95449679493408, 0]
292	[-62.95449679493408, 0]
292	[-62.95449679493408, 0]
293	[-62.95449679493408, 0]
293	[-62.95449679493408, 0]
294	[-62.95449679493408, 0]
294	[-62.95449679493408, 0]
295	[-62.95449679493408, 0]
295	[-62.95449679493408, 0]
295	[-62.95449679493408, 0]
296	[-62.95449679493408, 0]
296	[-62.95449679493408, 0]
296	[-62.95449679493408, 0]
297	[-62.95449679493408, 0]
297	[-62.95449679493408, 0]
297	[-62.95449679493408, 0]
298	[-62.95449679493408, 0]
298	[-62.95449679493408, 0]
298	[-62.95449679493408, 0]
299	[-62.95449679493408, 0]
299	[-62.95449679493408, 0]
299	[-62.95449679493408, 0]
299	[-62.95449679493408, 0]
300	[-62.95449679493408, 0]
300	[-62.95449679493408, 0]
300	[-62.95449679493408, 0]
300	[-62.95449679493408, 0]
300	[-62.95449679493408, 0]
300	[-62.95449679493408, 0]
300	[-62.95449679493408, 0]
300	[-62.95449679493408, 0]
