Generation:
798

Phenotype:
15
V1 = uniform([+3.8e0, 1.2e1], 2);
V2 = gm([9.2e1, +5.0e0, 1.6e0]);
V3 = gm([6.2e1, +9.9e0, 1.9e0]);
V4 = gm([0.0e1, -7.7e0, 7.9e1], [9.7e1, +9.9e1, 9.9e1], [0.0e0, -3.9e0, 2.3e1]);

Pre-processed Program
:T = uniform([3.800000, 15.800000], 2);C = gm([1.000000], [5], [1.6]);F = gm([1.000000], [9.9], [1.9]);E = gm([0.000000, 1.000000, 0.000000], [-7.7, 99, -3.9], [79, 99, 23]);Genotype:
[391, 374, 297, 271, 4, 446, 63, 78, 146, 456, 251, 232, 431, 12, 261, 428, 378, 119, 212, 211, 375, 154, 45, 180, 236, 354, 211, 276, 42, 486, 104, 340, 260, 336, 352, 435, 178, 106, 29, 449, 348, 148, 121, 389, 300, 340, 66, 217, 148, 170, 360, 297, 146, 13, 367, 447, 272, 76, 407, 119, 41, 277, 383, 319, 117, 15, 55, 476, 169, 49, 211, 350, 169, 329, 353, 150, 324, 450, 180, 490, 495, 331, 53, 319, 96, 255, 292, 233, 133, 2, 87, 68, 291, 113, 92, 50, 476, 290, 29, 389, 276, 315, 81, 329, 360, 142, 327, 289, 427, 101, 63, 302, 98, 70, 191, 358, 479, 456, 156, 206, 416, 279, 392, 426, 442, 111, 200, 391, 185, 103, 250, 78, 418, 109, 45, 295, 286]
Tree:
None
Fitness on 5000 data:
-149.47388891155458

Fitness:
-149.47388891155458