Generation:
398

Phenotype:
15
V1 = uniform([+4.0e0, 1.2e1], 2);
V2 = gm([9.7e1, +5.0e0, 1.6e0]);
V3 = gm([3.2e0, +9.9e0, 1.9e0]);
V4 = gm([0.0e0, -2.9e0, 4.9e1], [9.7e1, +9.9e1, 9.9e1], [0.0e0, +3.1e0, 2.6e0]);

Pre-processed Program
:T = uniform([4.000000, 16.000000], 2);C = gm([1.000000], [5], [1.6]);F = gm([1.000000], [9.9], [1.9]);E = gm([0.000000, 1.000000, 0.000000], [-2.9, 99, 3.1], [49, 99, 2.6]);Genotype:
[90, 374, 457, 271, 4, 446, 54, 140, 146, 456, 251, 232, 431, 12, 261, 428, 315, 119, 127, 211, 440, 34, 45, 440, 236, 483, 211, 276, 42, 486, 155, 340, 260, 23, 352, 298, 399, 106, 29, 449, 348, 148, 121, 389, 300, 108, 135, 343, 291, 170, 360, 62, 146, 245, 352, 439, 272, 76, 174, 119, 41, 281, 383, 159, 117, 407, 55, 476, 169, 49, 317, 411, 169, 329, 353, 150, 81, 450, 180, 490, 495, 34, 53, 441, 96, 255, 292, 496, 216, 2, 87, 68, 291, 113, 92, 50, 476, 290, 29, 389, 276, 315, 81, 329, 360, 142, 327, 289, 427, 101, 63, 302, 98, 70, 191, 358, 479, 456, 156, 206, 416, 279, 392, 426, 442, 111, 200, 391, 185, 103, 250, 78, 418, 109, 45, 295, 286]
Tree:
None
Fitness on 5000 data:
-149.47813844163994

Fitness:
-149.47813844163994