Generation:
1200

Phenotype:
4
V1 = uniform([+8.49e+0, 2.01e+1], 2);
V2 = +4.12e-0 + -V1 * -5.01e+0;
V2 = V2 + gm([4.09e+3, +8.07e-0, 2.72e-0], [5.41e-3, -5.34e+0, 7.43e+0], [7.03e+0, -7.62e+0, 9.19e-1]);
V3 = +9.20e-0;
V3 = V3 + uniform([+8.98e+0, 2.10e+1], 2);

Pre-processed Program
:belief = uniform([8.490000, 28.590000], 2);TEMP0 = 5.01 * belief;result = 4.12;result = result + TEMP0;result = result + gm([0.998283, 0.000001, 0.001716], [8.07, -5.34, -7.62], [2.72, 7.43, 0.919]);skill = 9.2;skill = skill + uniform([8.980000, 29.980000], 2);Genotype:
[388, 189, 481, 499, 137, 9, 354, 138, 194, 429, 264, 184, 209, 472, 250, 401, 312, 141, 264, 393, 200, 428, 489, 458, 168, 124, 491, 112, 481, 120, 18, 117, 290, 84, 277, 331, 33, 46, 305, 175, 120, 371, 334, 204, 104, 209, 325, 349, 54, 40, 179, 364, 359, 33, 40, 58, 280, 107, 359, 424, 415, 112, 287, 282, 135, 220, 197, 76, 255, 184, 281, 127, 347, 249, 17, 395, 23, 314, 420, 360, 372, 497, 454, 273, 218, 172, 404, 304, 147, 30, 433, 446, 124, 303, 85, 307, 416, 212, 120, 444]
Tree:
None
Fitness on 5000 data:
-66.78495416395104

Fitness:
-66.78495416395104