Generation:
398

Phenotype:
3
V1 = uniform([+0.0e0, 1.0e1], 2);
V2 = +V1;
V2 = V2 + gm([5.6e0, +5.0e0, 3.6e0]);
V3 = +V1;
V3 = V3 + uniform([+4.9e0, 1.0e1], 2);

Pre-processed Program
:W = uniform([0.000000, 10.000000], 2);F = W;F = F + gm([1.000000], [5], [3.6]);T = W;T = T + uniform([4.900000, 14.900000], 2);Genotype:
[383, 500, 85, 487, 481, 484, 344, 470, 70, 354, 235, 421, 230, 229, 406, 318, 474, 402, 26, 379, 258, 216, 418, 326, 475, 376, 76, 19, 230, 305, 380, 86, 441, 3, 336, 158, 260, 310, 454, 74, 274, 368, 433, 497, 164, 28, 54, 179, 256, 317, 111, 60, 391, 177, 468, 100, 201, 384, 174, 324, 284, 238, 352, 473, 167, 454, 372, 201, 110, 18, 375, 136, 44, 14, 422, 393, 410, 133, 337, 327, 356, 41, 419, 160, 58, 251, 316, 72, 89, 95, 278, 290, 183, 120, 193, 187, 206, 364, 63, 350, 274, 83, 75, 44, 310, 283, 221, 173, 208, 151, 420, 219, 289, 118, 13, 31]
Tree:
None
Fitness on 5000 data:
-7.509081997865299

Fitness:
-7.509081997865299