Generation:
1198

Phenotype:
3
V1 = uniform([-0.0e0, 1.0e1], 2);
V2 = +V1;
V2 = V2 + gm([4.2e0, +5.0e0, 3.5e0]);
V3 = +V1;
V3 = V3 + uniform([+6.0e0, 8.3e0], 2);

Pre-processed Program
:W = uniform([0.000000, 10.000000], 2);F = W;F = F + gm([1.000000], [5], [3.5]);T = W;T = T + uniform([6.000000, 14.300000], 2);Genotype:
[166, 500, 262, 471, 481, 484, 257, 120, 400, 354, 369, 421, 230, 141, 203, 128, 474, 402, 26, 379, 110, 476, 418, 326, 374, 222, 180, 6, 260, 265, 380, 494, 171, 43, 435, 200, 117, 258, 454, 440, 88, 478, 433, 242, 70, 264, 386, 130, 334, 317, 238, 113, 252, 177, 468, 100, 201, 384, 174, 324, 284, 238, 352, 473, 167, 454, 372, 201, 110, 18, 375, 136, 44, 14, 422, 393, 410, 133, 337, 327, 356, 41, 419, 160, 58, 251, 316, 72, 89, 95, 278, 290, 183, 120, 193, 187, 206, 364, 63, 350, 274, 83, 75, 44, 310, 283, 221, 173, 208, 151, 420, 219, 289, 118, 13, 31]
Tree:
None
Fitness on 5000 data:
-7.449126840163626

Fitness:
-7.449126840163626