Generation:
1500

Phenotype:
3
V1 = uniform([-0.0e0, 1.0e1], 2);
V2 = +3.9e0;
V2 = V2 + gm([0.6e0, +5.9e0, 2.0e0]);
V3 = +V1;
V3 = V3 + uniform([+6.0e0, 8.3e0], 2);

Pre-processed Program
:W = uniform([0.000000, 10.000000], 2);F = 3.9;F = F + gm([1.000000], [5.9], [2]);T = W;T = T + uniform([6.000000, 14.300000], 2);Genotype:
[294, 500, 171, 117, 440, 77, 257, 120, 400, 62, 244, 431, 230, 73, 118, 128, 206, 247, 114, 140, 373, 229, 354, 202, 274, 390, 346, 0, 386, 258, 199, 260, 495, 449, 490, 190, 242, 30, 320, 203, 258, 102, 286, 220, 478, 93, 272, 202, 146, 386, 130, 144, 167, 318, 93, 190, 177, 468, 100, 201, 384, 174, 324, 284, 238, 352, 473, 167, 454, 372, 201, 110, 18, 375, 136, 44, 14, 422, 393, 410, 133, 337, 327, 356, 41, 419, 160, 58, 251, 316, 72, 89, 95, 278, 290, 183, 120, 193, 187, 206, 364, 63, 350, 274, 83, 75, 44, 310, 283, 221, 173, 208, 151, 420, 219, 289, 118, 13, 31]
Tree:
None
Fitness on 5000 data:
-6.894417202746795

Fitness:
-6.894417202746795