Generation:
798

Phenotype:
4
V1 = gm([5.4e1, +9.0e0, 4.2e0]);
V2 = gm([4.1e0, +9.9e0, 1.5e1], [6.6e0, +9.9e1, 9.9e1]);
V3 = uniform([+5.9e0, 7.7e0], 2);

Pre-processed Program
:T = gm([1.000000], [9], [4.2]);P = gm([0.383178, 0.616822], [9.9, 99], [15, 99]);F = uniform([5.900000, 13.600000], 2);Genotype:
[216, 9, 330, 443, 472, 129, 395, 124, 459, 474, 24, 109, 310, 24, 205, 274, 462, 430, 74, 4, 417, 57, 104, 241, 218, 27, 46, 249, 409, 80, 425, 11, 335, 383, 330, 169, 226, 316, 274, 294, 262, 389, 59, 299, 41, 309, 249, 201, 499, 356, 237, 492, 345, 59, 116, 486, 207, 437, 302, 106, 416, 303, 121, 269, 115, 112, 295, 427, 95, 207, 261, 41, 104, 491, 455, 243, 466, 276, 63, 160, 481, 205, 122, 60, 88, 445, 168, 428, 417, 311, 91, 309, 352, 108, 492, 80, 264, 369, 153, 423]
Tree:
None
Fitness on 5000 data:
-87.5891429253818

Fitness:
-87.5891429253818