Generation:
398

Phenotype:
4
V1 = gm([5.4e0, +9.0e0, 4.2e0]);
V2 = gm([4.0e0, +9.8e0, 1.5e1], [6.3e0, +9.9e1, 9.9e1]);
V3 = uniform([+5.9e0, 7.7e0], 2);

Pre-processed Program
:T = gm([1.000000], [9], [4.2]);P = gm([0.388350, 0.611650], [9.8, 99], [15, 99]);F = uniform([5.900000, 13.600000], 2);Genotype:
[216, 207, 34, 443, 472, 129, 35, 124, 330, 233, 24, 109, 310, 24, 205, 274, 462, 430, 74, 4, 417, 103, 104, 270, 218, 27, 46, 249, 108, 354, 425, 11, 335, 123, 330, 169, 226, 63, 274, 366, 274, 389, 59, 261, 217, 389, 249, 345, 499, 395, 285, 492, 345, 59, 116, 382, 207, 437, 302, 106, 416, 303, 121, 269, 115, 112, 295, 427, 95, 207, 261, 41, 104, 491, 455, 243, 466, 276, 63, 160, 481, 205, 122, 60, 88, 445, 168, 428, 417, 311, 91, 309, 352, 108, 492, 80, 264, 369, 153, 423]
Tree:
None
Fitness on 5000 data:
-87.59263835554606

Fitness:
-87.59263835554606