Generation:
1500

Phenotype:
4
V1 = gm([6.0e1, +8.7e0, 4.2e0]);
V2 = gm([4.1e0, +9.9e0, 1.5e1], [6.6e0, +9.9e1, 9.9e1]);
V3 = uniform([+6.3e0, 7.3e0], 2);

Pre-processed Program
:T = gm([1.000000], [8.7], [4.2]);P = gm([0.383178, 0.616822], [9.9, 99], [15, 99]);F = uniform([6.300000, 13.600000], 2);Genotype:
[216, 9, 330, 23, 472, 296, 326, 260, 459, 167, 24, 48, 207, 110, 234, 274, 462, 184, 12, 236, 417, 57, 104, 241, 218, 27, 46, 249, 409, 80, 372, 11, 55, 461, 278, 403, 226, 316, 274, 18, 492, 389, 249, 299, 164, 309, 499, 271, 499, 107, 95, 492, 136, 173, 116, 303, 207, 313, 302, 106, 416, 303, 121, 269, 115, 112, 295, 427, 95, 207, 261, 41, 104, 491, 455, 243, 466, 276, 63, 160, 481, 205, 122, 60, 88, 445, 168, 428, 417, 311, 91, 309, 352, 108, 492, 80, 264, 369, 153, 423]
Tree:
None
Fitness on 5000 data:
-87.49970232182082

Fitness:
-87.49970232182082