Generation:
1500

Phenotype:
5
V1 = uniform([-2.89e+1, 4.94e+2], 2);
V2 = +0.78e-2 - -0.10e-0;
V2 = V2 + gm([9.96e+3, +9.78e+0, 3.01e+0], [6.84e-1, +2.17e+2, 2.57e-0]);
V3 = +V2;
V3 = V3 + gm([3.92e+2, +7.47e-0, 4.40e+0], [8.58e+1, -6.73e-3, 8.82e-1], [1.78e+0, -1.89e+0, 1.00e+3]);

Pre-processed Program
:P = uniform([-28.900000, 465.100000], 2);F = 0.0078;F = F + 0.1;F = F + gm([0.999931, 0.000069], [9.78, 217], [3.01, 2.57]);T = F;T = T + gm([0.817382, 0.178907, 0.003712], [7.47, -0.0067, -1.89], [4.4, 0.882, 1000]);Genotype:
[8, 106, 222, 429, 234, 86, 403, 92, 198, 239, 52, 73, 269, 104, 79, 174, 250, 478, 440, 317, 242, 452, 429, 332, 420, 300, 117, 218, 81, 234, 143, 450, 189, 118, 439, 160, 271, 500, 263, 288, 328, 201, 477, 433, 319, 389, 206, 88, 295, 52, 380, 389, 457, 248, 456, 324, 214, 173, 160, 211, 122, 44, 112, 170, 106, 468, 434, 11, 261, 462, 438, 282, 21, 387, 50, 446, 493, 192, 125, 357, 263, 156, 498, 12, 406, 404, 478, 127, 68, 47, 151, 321, 453, 229, 242, 126, 166, 418, 472, 367, 454, 287, 407, 448, 245, 94, 234, 370, 440, 460, 227, 328, 158, 155, 258, 134, 45, 26, 251, 306, 87, 113, 3, 11, 277, 48, 338, 62, 1, 293, 70, 273, 441, 27, 198, 208, 120, 420, 177, 321, 218, 379, 216, 84, 108, 141, 310, 130, 104, 323, 295, 493, 127, 494, 262, 124, 425, 116, 12, 250, 438, 332, 108, 358, 21, 270, 111, 107, 92, 259, 353, 309, 288, 121, 281, 370, 258, 23, 318, 377, 370, 402, 247, 200, 74, 322, 18, 342, 263, 0, 204, 490, 251, 453, 124, 425, 116, 12, 250, 194, 332, 258, 217, 102, 208, 484, 107, 447, 439, 18, 279, 489, 19, 281, 370, 157, 23, 0, 420, 300, 260, 221, 81, 234, 363, 450, 189, 118, 102, 160, 271, 337, 263, 258, 328, 201, 225, 145, 13, 389, 206, 90, 398, 301, 6, 238, 283, 314, 189, 51, 261, 187, 18, 333, 42, 203, 350, 207, 479, 172, 154, 288, 206, 61, 132, 162, 266, 248, 496, 397, 298, 299, 125, 69, 260, 451, 234, 413, 22, 27, 240, 388, 301, 299, 150, 189, 219, 480, 300, 25, 92, 226, 105, 479, 145, 81, 413, 100, 206, 189, 108, 7, 196, 220, 498, 32, 33, 404, 478, 334, 296, 392, 321, 216, 402, 88, 242, 350, 340, 418, 472, 336, 254, 5, 407, 413, 101, 184, 234, 344, 415, 460, 70, 487, 158, 32, 22, 134, 45, 26, 180, 306, 116, 226, 178, 11, 43, 271, 168, 226, 175, 64, 287, 455, 118, 52, 336, 75, 413, 255, 38, 117, 314, 217, 132, 166, 306, 432, 257, 400, 306, 431, 488, 39, 489, 105, 191, 356, 8, 6, 84, 225, 257, 249, 165, 259, 90, 170, 480, 339, 496, 64, 165, 26, 393, 358, 221, 57, 473, 184, 209, 200, 233, 427, 68, 14, 151, 275, 115, 331, 401, 51, 237, 68, 172, 77, 252, 340, 284, 9, 87, 261, 102, 333, 470, 467, 210, 347, 229, 165, 352, 393, 163, 332, 448, 423, 3, 21, 497, 376, 463, 171, 382, 158, 318, 97, 134, 395, 26, 251, 306, 431, 213, 3, 159, 277, 48, 430, 431, 1, 54, 339, 273, 337, 27, 202, 41, 412, 308, 472, 405, 201, 322, 302, 354, 225, 336, 161, 335, 358, 470, 443, 455, 242, 21, 263, 338, 259, 48, 175, 403, 308, 7, 314, 116, 129, 346, 178, 490, 127, 340, 8, 430, 57, 334, 356, 314, 291, 166, 341, 472, 496, 64, 154, 407, 448, 101, 111, 497, 39, 453, 16, 127, 54, 120, 411, 370, 179, 224, 318, 377, 416, 413, 215, 200, 24, 207, 6, 480, 324, 103, 425, 28, 260, 28, 207, 107, 142, 11, 170, 280, 355, 59, 158, 289, 491, 391, 40, 330, 96, 9, 397, 79, 267, 471, 407, 288, 419, 315, 223, 275, 451, 492, 271, 469, 160]
Tree:
None
Fitness on 5000 data:
-89.57780301777683

Fitness:
-89.57780301777683