Generation:
1198

Phenotype:
1
V1 = uniform([+5.9e0, 8.0e0], 2);
V2 = +V1;
V2 = V2 + uniform([-7.2e0, 4.3e0], 2);
V3 = -0.5e0;
V3 = V3 + uniform([+4.9e0, 2.0e1], 2);

Pre-processed Program
:F = uniform([5.900000, 13.900000], 2);C = F;C = C + uniform([-7.200000, -2.900000], 2);T = 0;T = T - 0.5;T = T + uniform([4.900000, 24.900000], 2);Genotype:
[413, 162, 434, 217, 97, 125, 92, 75, 389, 92, 279, 78, 490, 236, 232, 218, 6, 204, 118, 116, 359, 329, 317, 409, 377, 342, 330, 439, 24, 3, 12, 304, 112, 42, 311, 176, 253, 200, 365, 328, 249, 327, 257, 292, 4, 319, 134, 191, 182, 80, 171, 175, 223, 157, 496, 36, 103, 52, 185, 52, 383, 47, 440, 312, 132, 472, 425, 437, 96, 76, 485, 334, 8, 307, 93, 292, 432, 0, 244, 44, 394, 388, 1, 120, 342, 21, 362, 106, 87, 299, 274, 248, 24, 270, 79, 241, 10, 346, 174, 396]
Tree:
None
Fitness on 5000 data:
-6.730561895231903

Fitness:
-6.730561895231903