Generation:
798

Phenotype:
3
V1 = gm([1.9e1, +8.1e0, 4.3e0]);
V2 = -3.1e0;
V2 = V2 + uniform([+0.9e1, 8.1e0], 2);
V3 = +V1 * +V1;
V3 = V3 + gm([0.8e1, +0.9e0, 9.8e0]);

Pre-processed Program
:T = gm([1.000000], [8.1], [4.3]);F = 0;F = F - 3.1;F = F + uniform([9.000000, 17.100000], 2);TEMP0 = T * T;P = TEMP0;P = P + gm([1.000000], [0.9], [9.8]);Genotype:
[110, 260, 55, 158, 409, 492, 194, 281, 289, 35, 206, 168, 458, 401, 288, 454, 34, 63, 254, 74, 14, 326, 293, 386, 425, 273, 381, 140, 307, 42, 471, 88, 350, 149, 339, 22, 218, 461, 438, 172, 414, 321, 176, 94, 108, 280, 492, 42, 96, 240, 41, 0, 160, 140, 258, 37, 408, 88, 90, 179, 482, 194, 489, 68, 306, 63, 448, 141, 469, 364, 95, 479, 399, 127, 392, 91, 345, 338, 217, 371, 378, 298, 473, 201, 270, 9, 381, 51, 157, 120, 79, 289, 264, 391, 489, 8, 73, 63, 448, 141, 304, 468, 410, 420, 32, 172, 52, 290, 456, 395, 428, 449, 435, 114, 224, 319, 191, 370, 410, 209, 64, 287, 336, 75, 175, 193, 132, 176, 423, 63, 468, 252, 319, 250, 68, 465, 468, 196, 47, 185, 143, 289, 176, 165, 135, 1, 98, 138, 410, 299, 74, 84, 470, 191, 145, 402, 132, 176, 423, 26, 496, 252, 0, 250, 68, 465, 255, 196, 287, 335, 441, 181, 494, 326, 156, 404, 294, 158, 263, 32, 491, 444, 63, 451, 255, 196, 483, 209, 143, 476, 485, 26, 496, 252, 101, 250, 51, 61, 373, 99, 58, 72, 484, 366, 426, 213, 451, 71, 245, 389, 1, 7, 158, 263, 146, 156, 407, 95, 451, 255, 333, 169, 95, 451, 255, 196, 287, 131, 44, 31, 485]
Tree:
None
Fitness on 5000 data:
-73.58616196901224

Fitness:
-73.58616196901224