Generation:
1198

Phenotype:
1
V1 = gm([5.2e0, +9.9e0, 2.0e0]);
V2 = +V1;
V2 = V2 + uniform([-2.0e0, 4.0e0], 2);
V3 = -V2 * -V2;
V3 = V3 + gm([7.4e1, +0.4e0, 1.0e1]);

Pre-processed Program
:F = gm([1.000000], [9.9], [2]);T = F;T = T + uniform([-2.000000, 2.000000], 2);TEMP0 = T * T;P = TEMP0;P = P + gm([1.000000], [0.4], [10]);Genotype:
[404, 234, 102, 98, 37, 398, 33, 5, 352, 264, 469, 104, 29, 299, 228, 150, 492, 170, 202, 151, 178, 310, 468, 438, 401, 45, 324, 360, 137, 102, 70, 88, 388, 134, 500, 104, 100, 496, 263, 48, 418, 411, 87, 42, 307, 121, 234, 420, 420, 350, 347, 64, 441, 401, 132, 200, 4, 160, 190, 1, 90, 309, 34, 296, 113, 74, 14, 208, 240, 41, 0, 157, 140, 333, 6, 133, 88, 90, 378, 439, 128, 489, 68, 306, 63, 448, 19, 469, 177, 95, 479, 197, 127, 392, 282, 345, 338, 224, 319, 191, 370, 410, 209, 64, 287, 336, 75, 175, 193, 132, 176, 423, 63, 468, 252, 319, 250, 68, 465, 468, 196, 47, 185, 143, 289, 176, 165, 135, 1, 98, 138, 410, 299, 74, 84, 470, 191, 145, 402, 132, 176, 423, 26, 496, 252, 0, 250, 68, 465, 255, 196, 287, 335, 441, 181, 494, 326, 156, 404, 294, 158, 263, 32, 491, 444, 63, 451, 255, 196, 483, 209, 143, 476, 485, 26, 496, 252, 101, 250, 51, 61, 373, 99, 58, 72, 484, 366, 426, 213, 451, 71, 245, 389, 1, 7, 158, 263, 146, 156, 407, 95, 451, 255, 333, 169, 95, 451, 255, 196, 287, 131, 44, 31, 485]
Tree:
None
Fitness on 5000 data:
-57.66383769656945

Fitness:
-57.66383769656945