Generation:
1200

Phenotype:
6
V1 = uniform([+9.99e-1, 0.24e+2], 2);
V2 = -9.98e-2 * -V1;
V2 = V2 + uniform([+9.99e-1, 5.20e+0], 2);
V3 = +V2 * +1.59e-1;
V3 = V3 + gm([3.21e-1, +9.30e+0, 1.93e-0]);

Pre-processed Program
:T = uniform([0.999000, 24.999000], 2);TEMP0 = 0.0998 * T;C = TEMP0;C = C + uniform([0.999000, 6.199000], 2);TEMP1 = 0.159 * C;F = TEMP1;F = F + gm([1.000000], [9.3], [1.93]);Genotype:
[288, 473, 142, 43, 461, 58, 152, 219, 289, 59, 325, 5, 21, 350, 362, 134, 200, 10, 28, 54, 273, 42, 41, 485, 249, 39, 489, 18, 379, 26, 472, 271, 76, 225, 192, 496, 150, 299, 279, 389, 351, 165, 214, 25, 132, 460, 224, 260, 46, 8, 145, 164, 174, 16, 419, 417, 92, 28, 91, 45, 129, 449, 113, 266, 427, 126, 441, 483, 2, 341, 99, 301, 235, 240, 379, 183, 350, 248, 68, 163, 301, 389, 443, 365, 36, 404, 104, 396, 404, 394, 49, 168, 96, 234, 391, 160, 235, 328, 40, 401, 299, 369, 47, 76, 26, 157, 357, 358, 293, 324, 353, 131, 176, 456, 302, 448, 314, 278, 95, 188, 496, 347]
Tree:
None
Fitness on 5000 data:
-99.15045690378616

Fitness:
-99.15045690378616