Generation:
300

Phenotype:
1
V1 = gm([41.2, 10.2, 2], [0.5, 27, 21.5]);
V2 = 0.7;
V2 = V2 + gm([8.5, 4.2, 1.7]);
V3 = 0 * 13;
V3 = V3 + uniform([41, 16.8], 3) - uniform([34, 3], 3);

Pre-processed Program
:F = gm([0.988010, 0.011990], [10.2, 27], [2, 21.5]);C = 0.7;C = C;C = C + gm([1.000000], [4.2], [1.7]);T = 0;T = T;T = T + uniform([41.000000, 57.800000], 3);T = T - uniform([34.000000, 37.000000], 3);Genotype:
[219, 294, 266, 494, 467, 484, 130, 205, 277, 347, 370, 291, 367, 478, 236, 2, 260, 17, 459, 409, 48, 486, 49, 72, 94, 44, 208, 24, 47, 79, 102, 375, 164, 417, 322, 389, 176, 187, 263, 58, 439, 208, 442, 457, 358, 87, 258, 384, 47, 382, 111, 374, 0, 255, 124, 166, 357, 164, 285, 391, 310, 296, 499, 67, 223, 176, 109, 47, 333, 362, 493, 176, 380, 131, 354, 233, 362, 479, 231, 452, 318, 292, 191, 441, 175, 381, 268, 34, 268, 116, 110, 262, 204, 248, 69, 292, 373, 40, 276, 101, 5, 450, 84, 120, 67]
Tree:
None
Fitness on 5000 data:
-54.15321916918867

Fitness:
[-54.03491793435934, 0]