Generation:
1000

Phenotype:
4
V1 = uniform([+9.99e-1, 6.79e-0], 2);
V2 = +V1;
V2 = V2 + gm([0.96e-1, +9.99e-0, 6.00e+0]);
V3 = +V1;
V3 = V3 + gm([0.54e-3, +7.02e-0, 0.31e-3], [7.47e+0, -1.17e-0, 1.16e+0], [3.12e+2, +5.18e+0, 2.30e+0], [4.81e-3, -6.46e-1, 3.17e+3]);

Pre-processed Program
:C = uniform([0.999000, 7.789000], 2);T = C;T = T + gm([1.000000], [9.99], [6]);F = C;F = F + gm([0.000002, 0.023382, 0.976601, 0.000015], [7.02, -1.17, 5.18, -0.646], [0.0003, 1.16, 2.3, 3170]);Genotype:
[295, 219, 97, 263, 166, 104, 246, 159, 109, 429, 463, 281, 197, 146, 407, 229, 277, 88, 142, 408, 354, 206, 366, 257, 60, 446, 308, 335, 10, 139, 146, 39, 169, 228, 404, 199, 159, 139, 195, 288, 413, 126, 170, 180, 264, 404, 116, 194, 428, 114, 308, 276, 160, 46, 471, 380, 40, 195, 324, 125, 123, 159, 4, 157, 220, 122, 445, 204, 122, 420, 333, 321, 473, 99, 275, 22, 227, 424, 327, 434, 444, 132, 85, 301, 71, 147, 33, 208, 423, 331, 191, 356, 150, 436, 327, 310, 63, 81, 102, 300, 366, 364, 128, 95, 211, 178, 488, 376, 299, 172, 353, 110, 124, 268, 468, 256, 324, 8, 241]
Tree:
None
Fitness on 5000 data:
-58.56322232257366

Fitness:
-58.56322232257366