Generation:
1198

Phenotype:
1
V1 = uniform([+6.2e0, 7.5e0], 2);
V2 = -8.9e0 - -V1;
V2 = V2 + gm([5.6e1, +4.1e0, 1.4e0], [2.6e0, +1.1e0, 0.4e0]);
V3 = +V1;
V3 = V3 + gm([0.0e1, +3.6e0, 6.8e0], [4.8e1, -0.0e0, 1.0e0]);

Pre-processed Program
:F = uniform([6.200000, 13.700000], 2);C = 0;C = C - 8.9;C = C + F;C = C + gm([0.955631, 0.044369], [4.1, 1.1], [1.4, 0.4]);T = F;T = T + gm([0.000000, 1.000000], [3.6, 0], [6.8, 1]);Genotype:
[149, 378, 299, 125, 331, 241, 320, 256, 112, 240, 432, 487, 415, 160, 262, 183, 70, 444, 215, 103, 249, 478, 19, 264, 493, 278, 36, 287, 96, 420, 181, 463, 327, 115, 286, 143, 28, 246, 224, 271, 216, 220, 201, 254, 66, 248, 175, 222, 356, 228, 109, 428, 61, 181, 342, 438, 60, 114, 260, 327, 500, 62, 76, 266, 496, 482, 295, 257, 49, 370, 250, 447, 243, 54, 3, 246, 100, 353, 306, 298, 262, 330, 295, 194, 328, 415, 260, 123, 350, 370, 146, 423, 471, 180, 454, 87, 180, 311, 5, 474]
Tree:
None
Fitness on 5000 data:
-40.645968012059065

Fitness:
-40.645968012059065