Generation:
1500

Phenotype:
3
V1 = gm([1.1e0, +5.0e0, 1.6e0]);
V2 = +V1;
V2 = V2 + gm([0.6e0, -4.7e0, 9.8e0], [7.7e1, +0.5e1, 1.3e0], [5.6e0, -0.6e0, 1.1e0], [9.7e1, +6.0e0, 2.4e0]);
V3 = +V2;
V3 = V3 + gm([0.0e0, +9.8e0, 1.6e0], [0.0e0, +2.4e0, 0.4e1]);

Pre-processed Program
:C = gm([1.000000], [5], [1.6]);F = C;F = F + gm([0.003330, 0.427303, 0.031077, 0.538291], [-4.7, 5, -0.6, 6], [9.8, 1.3, 1.1, 2.4]);T = F;T = T + gm([1.000000, 1.000000], [9.8, 2.4], [1.6, 4]);Genotype:
[120, 488, 250, 324, 489, 398, 240, 271, 241, 136, 500, 12, 215, 20, 130, 24, 101, 436, 42, 474, 222, 290, 200, 14, 351, 188, 432, 219, 59, 10, 426, 490, 8, 267, 134, 267, 168, 205, 89, 8, 328, 231, 277, 337, 217, 175, 17, 120, 330, 25, 31, 157, 211, 293, 70, 123, 71, 185, 256, 428, 168, 77, 470, 146, 106, 435, 251, 171, 222, 378, 313, 489, 197, 99, 55, 344, 256, 220, 226, 120, 112, 244, 276, 458, 302, 136, 28, 74, 25, 98, 428, 169, 125, 160]
Tree:
None
Fitness on 5000 data:
-46.64217624923255

Fitness:
-46.64217624923255