Generation:
798

Phenotype:
3
V1 = gm([0.4e1, +5.0e0, 1.5e0]);
V2 = +V1;
V2 = V2 + gm([5.1e0, +9.9e0, 1.2e0], [5.9e0, +0.3e1, 3.3e0], [4.2e0, +2.0e0, 3.1e0], [8.9e1, +4.9e0, 2.0e0]);
V3 = +V2;
V3 = V3 + gm([0.7e0, +6.2e0, 4.5e0]);

Pre-processed Program
:C = gm([1.000000], [5], [1.5]);F = C;F = F + gm([0.048944, 0.056622, 0.040307, 0.854127], [9.9, 3, 2, 4.9], [1.2, 3.3, 3.1, 2]);T = F;T = T + gm([1.000000], [6.2], [4.5]);Genotype:
[367, 8, 232, 10, 466, 452, 54, 460, 24, 455, 120, 12, 215, 90, 360, 363, 101, 5, 394, 474, 298, 342, 254, 408, 422, 376, 299, 147, 127, 155, 131, 254, 324, 500, 99, 369, 374, 227, 421, 422, 50, 473, 257, 125, 409, 350, 36, 22, 330, 243, 105, 319, 163, 283, 198, 439, 258, 414, 332, 428, 253, 46, 452, 410, 480, 129, 443, 491, 374, 140, 149, 78, 169, 39, 298, 450, 284, 499, 104, 160, 112, 40, 212, 251, 202, 344, 486, 62, 451, 164, 249, 224, 374, 160]
Tree:
None
Fitness on 5000 data:
-54.398716948377164

Fitness:
-54.398716948377164