Generation:
398

Phenotype:
3
V1 = gm([2.4e0, +5.0e0, 1.5e0]);
V2 = +V1;
V2 = V2 + gm([7.9e0, +9.1e0, 1.1e0], [8.5e0, +3.6e0, 4.0e0], [3.0e0, +2.2e0, 5.1e0], [8.5e1, +4.9e0, 2.0e0]);
V3 = +V2;
V3 = V3 + gm([2.7e0, +6.2e0, 4.6e0]);

Pre-processed Program
:C = gm([1.000000], [5], [1.5]);F = C;F = F + gm([0.075670, 0.081418, 0.028736, 0.814176], [9.1, 3.6, 2.2, 4.9], [1.1, 4, 5.1, 2]);T = F;T = T + gm([1.000000], [6.2], [4.6]);Genotype:
[47, 8, 213, 10, 466, 452, 268, 152, 304, 316, 120, 310, 215, 90, 360, 321, 101, 5, 154, 473, 102, 50, 230, 408, 48, 166, 47, 147, 200, 37, 439, 42, 28, 356, 99, 301, 402, 359, 151, 331, 4, 171, 202, 378, 405, 238, 274, 84, 233, 426, 248, 33, 304, 440, 162, 131, 94, 53, 390, 362, 167, 284, 452, 462, 132, 11, 475, 491, 156, 456, 199, 58, 125, 97, 352, 450, 284, 339, 104, 168, 112, 290, 492, 405, 286, 192, 486, 230, 451, 126, 140, 346, 238, 262]
Tree:
None
Fitness on 5000 data:
-54.45947182525636

Fitness:
-54.45947182525636