Generation:
398

Phenotype:
1
V1 = gm([0.6e0, +9.9e0, 3.3e0], [9.1e1, +1.0e1, 2.1e0], [0.0e1, -3.9e0, 2.0e0], [0.0e0, -6.6e1, 8.2e1], [0.0e0, +0.6e1, 6.9e1]);
V2 = +V1;
V2 = V2 + gm([5.6e0, -5.0e0, 3.5e0]);
V3 = +V2;
V3 = V3 + gm([0.6e0, +9.9e0, 3.3e0], [9.1e1, +1.0e1, 2.1e0], [0.0e1, -3.9e0, 2.0e0], [0.0e0, -6.6e1, 8.2e1], [0.0e0, +0.6e1, 6.9e1]);

Pre-processed Program
:F = gm([0.006550, 0.993450, 0.000000, 0.000000, 0.000000], [9.9, 10, -3.9, -66, 6], [3.3, 2.1, 2, 82, 69]);W = F;W = W + gm([1.000000], [-5], [3.5]);T = W;T = T + gm([0.006550, 0.993450, 0.000000, 0.000000, 0.000000], [9.9, 10, -3.9, -66, 6], [3.3, 2.1, 2, 82, 69]);Genotype:
[98, 216, 49, 456, 279, 345, 459, 260, 6, 6, 314, 360, 419, 349, 78, 422, 293, 163, 350, 301, 137, 439, 151, 379, 368, 336, 61, 230, 45, 64, 392, 111, 328, 189, 211, 200, 270, 231, 423, 141, 363, 149, 220, 296, 312, 480, 162, 227, 139, 200, 430, 48, 239, 251, 406, 426, 397, 28, 308, 462, 439, 438, 280, 380, 190, 330, 419, 346, 440, 76, 95, 9, 56, 359, 139, 182, 324, 92, 432, 158, 346, 464, 6, 312, 490, 365, 356, 302, 96, 439, 135, 330, 218, 463, 283, 25, 164, 373, 76, 42]
Tree:
None
Fitness on 5000 data:
-7.032969253040873

Fitness:
-7.032969253040873