Generation:
798

Phenotype:
1
V1 = gm([1.5e0, +9.9e0, 3.0e0], [5.5e1, +1.0e1, 2.1e0], [0.0e1, -2.7e1, 3.0e0], [0.0e1, -9.6e1, 2.2e1], [0.0e1, +2.3e0, 4.4e0]);
V2 = +V1;
V2 = V2 + gm([9.5e0, -5.0e0, 3.5e0]);
V3 = +V2;
V3 = V3 + gm([1.5e0, +9.9e0, 3.0e0], [5.5e1, +1.0e1, 2.1e0], [0.0e1, -2.7e1, 3.0e0], [0.0e1, -9.6e1, 2.2e1], [0.0e1, +2.3e0, 4.4e0]);

Pre-processed Program
:F = gm([0.026549, 0.973451, 0.000000, 0.000000, 0.000000], [9.9, 10, -27, -96, 2.3], [3, 2.1, 3, 22, 4.4]);W = F;W = W + gm([1.000000], [-5], [3.5]);T = W;T = T + gm([0.026549, 0.973451, 0.000000, 0.000000, 0.000000], [9.9, 10, -27, -96, 2.3], [3, 2.1, 3, 22, 4.4]);Genotype:
[178, 96, 49, 456, 279, 345, 135, 111, 35, 6, 472, 438, 419, 349, 236, 422, 293, 500, 292, 301, 481, 95, 435, 379, 92, 336, 61, 230, 237, 64, 392, 111, 328, 9, 235, 200, 470, 231, 26, 109, 92, 287, 191, 224, 33, 480, 226, 313, 139, 200, 430, 27, 28, 251, 389, 426, 399, 278, 272, 352, 499, 438, 15, 380, 190, 445, 411, 290, 352, 353, 478, 463, 34, 314, 4, 22, 324, 58, 432, 158, 255, 244, 11, 312, 380, 439, 315, 302, 202, 439, 215, 330, 218, 142, 283, 25, 266, 210, 464, 20]
Tree:
None
Fitness on 5000 data:
-7.032743101563724

Fitness:
-7.032743101563724