Generation:
300

Phenotype:
3
V1 = gm([1.97e+3, +5.01e-0, 2.38e+0]);
V2 = +V1 - -2.15e+0;
V2 = V2 + gm([8.62e+1, +9.53e+0, 4.38e-1], [6.40e+2, -1.99e+0, 1.25e-0], [1.25e-1, +2.39e+2, 5.01e+1], [1.97e+3, +5.01e-0, 2.38e+0]);
V3 = +V2 - -2.15e+0;
V3 = V3 + gm([8.62e+1, +9.53e+0, 4.38e-1], [6.40e+2, -1.99e+0, 1.25e-0], [1.25e-1, +2.39e+2, 5.01e+1], [1.97e+3, +5.01e-0, 2.38e+0]);

Pre-processed Program
:C = gm([1.000000], [5.01], [2.38]);F = C;F = F + 2.15;F = F + gm([0.031969, 0.237360, 0.000046, 0.730624], [9.53, -1.99, 239, 5.01], [0.438, 1.25, 50.1, 2.38]);T = F;T = T + 2.15;T = T + gm([0.031969, 0.237360, 0.000046, 0.730624], [9.53, -1.99, 239, 5.01], [0.438, 1.25, 50.1, 2.38]);Genotype:
[495, 350, 351, 92, 405, 34, 379, 61, 349, 117, 6, 327, 0, 114, 225, 340, 241, 421, 176, 71, 412, 473, 88, 28, 188, 60, 499, 270, 108, 14, 206, 267, 357, 134, 353, 356, 409, 222, 471, 55, 452, 152, 32, 7, 401, 400, 468, 456, 252, 476, 217, 85, 330, 419, 265, 333, 264, 124, 291, 344, 373, 48, 17, 317, 403, 478, 236, 84, 180, 260, 38, 34, 115, 301, 59, 399, 448, 144, 325, 391, 32, 295, 321, 156, 411, 493, 181, 232, 245, 291, 305, 458, 476, 342, 43, 359, 222, 290, 49]
Tree:
None
Fitness on 5000 data:
-56.08140159121224

Fitness:
-56.08140159121224