0	[-187.65987183511137, -1]
1	[-183.08729316464007, -1]
1	[-168.27056645377303, -2]
2	[-201.7319296563868, 0]
2	[-183.08729316464007, -1]
2	[-128.98782565380318, -2]
3	[-201.7319296563868, 0]
3	[-160.52408956554441, -1]
3	[-128.98782565380318, -2]
4	[-166.8028492375658, 0]
4	[-160.52408956554441, -1]
4	[-128.98782565380318, -2]
5	[-107.26704205514879, 0]
6	[-107.26704205514879, 0]
7	[-107.26704205514879, 0]
8	[-107.26704205514879, 0]
9	[-107.26704205514879, 0]
10	[-107.26704205514879, 0]
11	[-107.26704205514879, 0]
12	[-107.26704205514879, 0]
12	[-103.08380551745428, -1]
13	[-107.26704205514879, 0]
13	[-103.08380551745428, -1]
14	[-107.26704205514879, 0]
14	[-103.08380551745428, -1]
15	[-103.37943179987393, 0]
15	[-103.08380551745428, -1]
16	[-103.37943179987393, 0]
16	[-103.08380551745428, -1]
16	[-100.99101171565519, -3]
17	[-103.37943179987393, 0]
17	[-96.13277221512146, -1]
18	[-101.16289018279842, 0]
18	[-96.13277221512146, -1]
19	[-101.16289018279842, 0]
19	[-96.13277221512146, -1]
20	[-91.2385307478134, 0]
21	[-91.2385307478134, 0]
22	[-91.2385307478134, 0]
23	[-77.4291327819386, 0]
24	[-77.4291327819386, 0]
25	[-77.4291327819386, 0]
26	[-76.56822139002918, 0]
27	[-76.56822139002918, 0]
28	[-76.56822139002918, 0]
29	[-76.56822139002918, 0]
30	[-76.56822139002918, 0]
31	[-76.56822139002918, 0]
32	[-76.55624437425915, 0]
33	[-74.27966521828505, 0]
34	[-73.33645244039687, 0]
35	[-73.33645244039687, 0]
36	[-73.33645244039687, 0]
37	[-73.33645244039687, 0]
38	[-73.33645244039687, 0]
39	[-73.33645244039687, 0]
40	[-73.33645244039687, 0]
41	[-73.33645244039687, 0]
42	[-73.33645244039687, 0]
43	[-73.33645244039687, 0]
44	[-73.33645244039687, 0]
45	[-71.92283105375877, 0]
46	[-71.92283105375877, 0]
47	[-71.92283105375877, 0]
48	[-71.92283105375877, 0]
49	[-71.92283105375877, 0]
50	[-71.92283105375877, 0]
51	[-70.27210011057883, 0]
52	[-69.74870481753844, 0]
53	[-69.74870481753844, 0]
54	[-69.74870481753844, 0]
55	[-69.74870481753844, 0]
56	[-69.74870481753844, 0]
57	[-67.93925867149748, 0]
58	[-67.75720462426771, 0]
59	[-67.75720462426771, 0]
60	[-67.75720462426771, 0]
61	[-67.33687322087802, 0]
