Generation:
1198

Phenotype:
3
V1 = uniform([-0.3e0, 1.6e1], 2);
V2 = +5.3e0 * +1.7e0;
V2 = V2 + gm([6.9e1, +1.1e0, 2.0e0]);
V3 = +V1 * +V1;
V3 = V3 + gm([2.9e1, -0.7e0, 8.3e0], [5.1e1, +3.4e0, 1.0e1]);

Pre-processed Program
:T = uniform([-0.300000, 15.700000], 2);F = 9.01;F = F + gm([1.000000], [1.1], [2]);TEMP0 = T * T;P = TEMP0;P = P + gm([0.362500, 0.637500], [-0.7, 3.4], [8.3, 10]);Genotype:
[430, 344, 442, 197, 441, 7, 409, 90, 483, 272, 299, 331, 86, 323, 140, 300, 5, 26, 83, 389, 210, 335, 353, 278, 99, 116, 496, 271, 457, 242, 350, 118, 474, 497, 276, 409, 81, 470, 396, 221, 31, 286, 384, 2, 170, 248, 203, 452, 323, 28, 314, 166, 308, 292, 362, 188, 196, 291, 481, 160, 252, 139, 323, 406, 189, 420, 47, 464, 393, 168, 323, 164, 250, 265, 145, 441, 157, 374, 308, 193, 264, 388, 223, 101, 180, 341, 148, 464, 50, 207, 306, 230, 458, 351, 161, 459, 288, 289, 239, 96, 218, 227, 175, 290, 471, 384, 444, 89, 309, 405, 500]
Tree:
None
Fitness on 5000 data:
-69.19493789876917

Fitness:
-69.19493789876917