Generation:
1198

Phenotype:
2
V1 = uniform([+6.4e0, 0.7e1], 2);
V2 = uniform([+4.2e0, 1.9e1], 2);
V3 = uniform([+0.1e0, 1.0e1], 2);

Pre-processed Program
:F = uniform([6.400000, 13.400000], 2);T = uniform([4.200000, 23.200000], 2);W = uniform([0.100000, 10.100000], 2);Genotype:
[481, 157, 151, 300, 291, 182, 466, 304, 476, 369, 200, 377, 399, 399, 280, 315, 76, 374, 192, 390, 321, 201, 19, 189, 217, 375, 474, 406, 420, 51, 36, 429, 471, 240, 161, 190, 181, 23, 368, 61, 344, 389, 209, 315, 116, 478, 68, 340, 175, 403, 238, 113, 411, 206, 259, 385, 296, 219, 396, 23, 405, 84, 166, 204, 433, 457, 270, 194, 185, 301, 350, 35, 342, 185, 128, 140, 33, 126, 291, 358, 72, 112, 95, 268, 356, 40, 136, 1, 193, 79, 374, 490, 40, 424, 198, 19, 327, 449, 402, 475, 74, 196, 353, 389, 372, 465, 309, 474, 116, 113, 192, 274, 69, 60, 196, 431, 36, 176, 427, 86, 384, 263, 475, 178, 26, 1, 235, 81]
Tree:
None
Fitness on 5000 data:
-59.65664838128427

Fitness:
-59.65664838128427