Generation:
398

Phenotype:
5
V1 = uniform([-5.87e+0, 4.86e+2], 2);
V2 = +5.98e-2 - -6.49e-2;
V2 = V2 + gm([9.74e+2, +9.38e-0, 3.42e-0], [3.11e+0, +2.47e+3, 2.18e-2]);
V3 = +V2;
V3 = V3 + gm([7.17e+2, +4.67e+0, 5.39e+0], [6.31e-0, +8.49e-3, 8.55e-0]);

Pre-processed Program
:P = uniform([-5.870000, 480.130000], 2);F = 0.0598;F = F + 0.0649;F = F + gm([0.996817, 0.003183], [9.38, 2470], [3.42, 0.0218]);T = F;T = T + gm([0.991276, 0.008724], [4.67, 0.0085], [5.39, 8.55]);Genotype:
[330, 106, 136, 449, 297, 464, 403, 245, 198, 187, 4, 116, 194, 104, 118, 86, 412, 478, 270, 175, 242, 192, 437, 326, 18, 45, 199, 98, 81, 238, 349, 6, 207, 376, 451, 196, 194, 259, 263, 294, 328, 312, 325, 386, 319, 317, 54, 370, 398, 195, 250, 389, 393, 248, 395, 68, 361, 173, 94, 82, 497, 156, 126, 124, 443, 291, 111, 120, 136, 383, 94, 282, 274, 357, 280, 259, 285, 442, 421, 308, 149, 346, 402, 22, 154, 194, 320, 299, 334, 435, 151, 151, 27, 101, 277, 198, 166, 418, 166, 404, 146, 287, 370, 340, 333, 465, 323, 239, 416, 112, 256, 70, 256, 113, 61, 175, 16, 273, 28, 58, 454, 39, 7, 483, 261, 118, 175, 95, 193, 168, 419, 32, 489, 269, 199, 222, 163, 425, 373, 145, 88, 318, 431, 310, 340, 10, 45, 161, 419, 136, 303, 22, 79, 392, 320, 243, 210, 419, 32, 489, 269, 33, 61, 53, 333, 364, 424, 118, 33, 60, 468, 180, 478, 222, 50, 184, 384, 28, 188, 165, 68, 128, 121, 315, 280, 161, 294, 254, 440, 175, 301, 498, 326, 438, 246, 461, 258, 339, 449, 138, 396, 151, 9, 318, 350, 318, 469, 219, 353, 100, 256, 280, 457, 66, 45, 46, 188, 3, 361, 135, 299, 45, 22, 79, 186, 320, 299, 288, 419, 32, 489, 269, 199, 222, 163, 197, 373, 145, 12, 233, 302, 310, 340, 353, 45, 478]
Tree:
None
Fitness on 5000 data:
-92.93071987674189

Fitness:
-92.93071987674189