Generation:
300

Phenotype:
5
V1 = uniform([+4.93e-0, 1.89e+1], 2);
V2 = -9.06e+2 * +2.85e-3;
V2 = V2 + gm([7.09e-0, +1.19e+1, 0.20e+1]);
V3 = +V2;
V3 = V3 + gm([5.54e+1, -4.98e-0, 2.00e+0]);

Pre-processed Program
:T = uniform([4.930000, 23.830000], 2);F = 0;F = F - 2.5368;F = F + gm([1.000000], [11.9], [2]);C = F;C = C + gm([1.000000], [-4.98], [2]);Genotype:
[310, 352, 385, 373, 331, 241, 130, 454, 409, 373, 141, 328, 484, 111, 388, 339, 42, 81, 200, 414, 135, 210, 251, 180, 441, 19, 390, 496, 92, 382, 479, 452, 474, 312, 408, 325, 191, 7, 376, 469, 494, 205, 227, 480, 249, 421, 500, 282, 230, 21, 211, 409, 478, 233, 277, 40, 382, 460, 468, 365, 32, 334, 454, 376, 116, 251, 340, 269, 394, 53, 295, 355, 14, 18, 77, 133, 149, 424, 69, 348, 225, 428, 65, 72, 300, 150, 160, 240, 472, 199, 454, 356, 112, 124, 285, 418, 278, 448, 121, 32]
Tree:
None
Fitness on 5000 data:
-54.35305057676189

Fitness:
-54.35305057676189