Generation:
398

Phenotype:
1
V1 = gm([4.5e+2, +9.9e-0, 2.0e-0]);
V2 = +8.5e-1;
V2 = V2 + gm([5.7e-2, +3.9e+0, 0.2e+1]);
V3 = +V1 - -9.6e-0;
V3 = V3 + gm([2.6e-0, -3.3e-0, 5.3e+0]);

Pre-processed Program
:F = gm([1.000000], [9.9], [2]);C = 0.85;C = C + gm([1.000000], [3.9], [2]);T = F;T = T + 9.6;T = T + gm([1.000000], [-3.3], [5.3]);Genotype:
[384, 258, 0, 220, 17, 336, 116, 4, 395, 482, 38, 31, 380, 29, 129, 447, 282, 141, 142, 210, 117, 6, 428, 236, 180, 263, 369, 162, 258, 15, 213, 388, 188, 242, 160, 450, 115, 387, 39, 41, 120, 136, 423, 179, 312, 126, 257, 40, 372, 234, 217, 360, 9, 118, 440, 242, 372, 234, 401, 44, 91, 20, 181, 189, 116, 107, 474, 290, 92, 56, 345, 92, 106, 295, 171, 485, 351, 243, 163, 217, 177, 3, 155, 433, 158, 372, 54, 381, 294, 65, 439, 36, 29, 497, 84, 469, 233, 449, 217, 481, 295, 330, 484, 339, 346, 138, 396, 417, 472, 115, 284, 142, 469, 283, 325, 100, 256, 457, 279, 10, 106, 293, 498, 337, 292, 103, 215, 260, 256, 61, 286, 79, 378, 208, 199, 463, 11, 488, 334, 238, 150, 416, 2, 89, 353, 293, 232, 25, 34, 315, 397, 7, 28, 376, 8, 331, 65, 285, 182, 16, 326, 169, 118, 460, 81, 175, 321, 256, 495, 3, 272, 84, 74, 115, 192, 500, 380, 284, 156, 392, 450, 468, 27, 15, 326, 435, 241, 261, 156, 493, 209, 208, 416, 50, 349, 63, 60, 75]
Tree:
None
Fitness on 5000 data:
-54.29837513894336

Fitness:
-54.29837513894336