Generation:
798

Phenotype:
4
V1 = gm([0.0e0, +4.0e1, 4.6e1], [6.0e1, +4.9e0, 1.5e0]);
V2 = +V1;
V2 = V2 + gm([1.6e1, +4.9e0, 2.4e0]);
V3 = +V1;
V3 = V3 + gm([5.0e0, +9.4e0, 0.9e0], [8.7e0, +5.0e0, 3.8e0], [4.0e0, +0.0e1, 0.8e0], [0.0e0, +4.0e1, 4.6e1], [6.0e1, +4.9e0, 1.5e0]);

Pre-processed Program
:C = gm([0.000000, 1.000000], [40, 4.9], [46, 1.5]);T = C;T = T + gm([1.000000], [4.9], [2.4]);F = C;F = F + gm([0.064350, 0.111969, 0.051480, 0.000000, 0.772201], [9.4, 5, 0, 40, 4.9], [0.9, 3.8, 0.8, 46, 1.5]);Genotype:
[499, 123, 340, 148, 114, 365, 496, 240, 470, 402, 305, 230, 124, 180, 317, 240, 264, 26, 333, 202, 150, 146, 160, 127, 126, 218, 14, 49, 42, 58, 211, 105, 218, 352, 388, 204, 234, 228, 208, 386, 5, 498, 51, 61, 486, 175, 290, 180, 244, 429, 262, 445, 12, 214, 100, 282, 322, 360, 300, 264, 54, 180, 133, 141, 149, 465, 260, 146, 138, 220, 219, 104, 200, 481, 50, 239, 336, 147, 461, 88, 67, 312, 463, 20, 115, 490, 360, 9, 453, 338, 84, 225, 430, 244, 170, 230, 70, 136, 260, 290]
Tree:
None
Fitness on 5000 data:
-48.75653666749003

Fitness:
-48.75653666749003