Generation:
1500

Phenotype:
4
V1 = gm([0.0e0, +4.9e0, 2.0e0], [0.0e1, +4.8e0, 1.3e0]);
V2 = +V1;
V2 = V2 + gm([0.2e0, +4.8e0, 2.5e0]);
V3 = +V1;
V3 = V3 + gm([5.4e0, +4.9e0, 0.9e0], [0.8e1, +5.3e0, 3.2e0]);

Pre-processed Program
:C = gm([1.000000, 1.000000], [4.9, 4.8], [2, 1.3]);T = C;T = T + gm([1.000000], [4.8], [2.5]);F = C;F = F + gm([0.402985, 0.597015], [4.9, 5.3], [0.9, 3.2]);Genotype:
[150, 489, 429, 8, 375, 365, 499, 370, 470, 72, 202, 114, 404, 459, 294, 459, 492, 470, 472, 36, 178, 0, 370, 395, 108, 214, 14, 18, 42, 438, 211, 323, 272, 186, 334, 228, 174, 470, 24, 416, 66, 322, 39, 10, 342, 120, 319, 74, 244, 308, 210, 486, 12, 15, 82, 206, 304, 202, 136, 388, 54, 40, 144, 165, 149, 5, 284, 86, 136, 220, 144, 279, 234, 383, 50, 239, 34, 140, 42, 320, 128, 263, 56, 56, 115, 53, 80, 132, 453, 472, 80, 182, 202, 37, 320, 370, 127, 448, 22, 14, 49, 42, 119, 211, 105, 218, 352, 388, 204, 225, 430, 483, 424, 230, 158, 75, 260, 290]
Tree:
None
Fitness on 5000 data:
-42.659841850378584

Fitness:
-42.659841850378584