Generation:
1198

Phenotype:
4
V1 = gm([0.0e1, +4.7e0, 2.0e0], [0.0e0, +4.9e0, 1.2e0]);
V2 = +V1;
V2 = V2 + gm([0.7e0, +4.6e0, 2.6e0]);
V3 = +V1;
V3 = V3 + gm([8.8e0, +4.9e0, 0.9e0], [0.8e1, +5.5e0, 3.2e0]);

Pre-processed Program
:C = gm([1.000000, 1.000000], [4.7, 4.9], [2, 1.2]);T = C;T = T + gm([1.000000], [4.6], [2.6]);F = C;F = F + gm([0.523810, 0.476190], [4.9, 5.5], [0.9, 3.2]);Genotype:
[9, 489, 340, 8, 219, 365, 448, 240, 470, 219, 202, 302, 404, 437, 446, 389, 462, 470, 472, 36, 470, 320, 370, 476, 381, 202, 14, 49, 42, 166, 211, 392, 476, 157, 386, 228, 234, 480, 144, 332, 495, 260, 39, 370, 77, 120, 319, 180, 244, 306, 210, 445, 12, 356, 134, 187, 304, 126, 38, 264, 54, 464, 144, 165, 149, 478, 18, 262, 437, 472, 144, 279, 200, 413, 50, 239, 458, 438, 95, 320, 128, 407, 188, 286, 115, 255, 460, 275, 453, 472, 84, 182, 202, 37, 320, 370, 127, 448, 22, 14, 49, 42, 119, 211, 105, 218, 352, 388, 204, 225, 430, 483, 424, 230, 158, 75, 260, 290]
Tree:
None
Fitness on 5000 data:
-42.86610358977068

Fitness:
-42.86610358977068