0	[-36.23889995520455, -1]
0	[-32.525668455520226, -2]
0	[-19.666827929584894, -3]
1	[-258.2266392862389, 0]
1	[-24.555255086955547, -1]
1	[-20.307418887112657, -2]
1	[-19.666827929584894, -3]
2	[-258.2266392862389, 0]
2	[-23.184801397892763, -1]
2	[-18.67710698629243, -2]
3	[-21.86911188876244, 0]
3	[-18.3104145411567, -2]
4	[-21.86911188876244, 0]
4	[-19.81816187973185, -1]
4	[-16.197661482111684, -2]
5	[-21.86911188876244, 0]
5	[-19.81816187973185, -1]
5	[-15.757416595602265, -2]
6	[-19.131021876306374, 0]
6	[-15.757416595602265, -2]
7	[-19.131021876306374, 0]
7	[-15.757416595602265, -2]
8	[-19.131021876306374, 0]
8	[-17.87765311761512, -1]
8	[-15.757416595602265, -2]
9	[-19.131021876306374, 0]
9	[-17.87765311761512, -1]
9	[-15.757416595602265, -2]
10	[-19.131021876306374, 0]
10	[-16.764212681528008, -1]
10	[-15.757416595602265, -2]
11	[-19.131021876306374, 0]
11	[-16.13833998005262, -1]
11	[-15.501507019593602, -2]
12	[-18.06496390362157, 0]
12	[-16.13833998005262, -1]
12	[-15.501507019593602, -2]
13	[-18.06496390362157, 0]
13	[-15.146692361565876, -1]
13	[-15.124968753719775, -2]
14	[-17.7747185060469, 0]
14	[-14.929181277331445, -1]
15	[-17.7747185060469, 0]
15	[-14.929181277331445, -1]
16	[-17.7747185060469, 0]
16	[-14.929181277331445, -1]
17	[-16.391532233876845, 0]
17	[-14.929181277331445, -1]
17	[-14.864186131647987, -2]
18	[-16.391532233876845, 0]
18	[-14.929181277331445, -1]
18	[-14.864186131647987, -2]
19	[-16.391532233876845, 0]
19	[-14.929181277331445, -1]
19	[-14.864186131647987, -2]
20	[-15.777265744071387, 0]
20	[-14.929181277331445, -1]
20	[-14.864186131647987, -2]
21	[-15.777265744071387, 0]
21	[-14.929181277331445, -1]
21	[-14.864186131647987, -2]
22	[-15.739605058118554, 0]
22	[-14.929181277331445, -1]
22	[-14.864186131647987, -2]
23	[-15.739605058118554, 0]
23	[-14.929181277331445, -1]
23	[-14.864186131647987, -2]
24	[-15.31316193298291, 0]
24	[-14.929181277331445, -1]
24	[-14.864186131647987, -2]
25	[-14.74847486241528, 0]
26	[-14.74847486241528, 0]
27	[-14.74847486241528, 0]
28	[-14.74847486241528, 0]
29	[-14.74847486241528, 0]
30	[-14.74847486241528, 0]
31	[-14.74847486241528, 0]
32	[-14.74847486241528, 0]
32	[-14.342680658718464, -1]
33	[-14.74847486241528, 0]
33	[-14.342680658718464, -1]
34	[-14.74847486241528, 0]
34	[-14.342680658718464, -1]
35	[-14.74847486241528, 0]
35	[-14.342680658718464, -1]
36	[-14.74847486241528, 0]
36	[-14.342680658718464, -1]
37	[-14.664145740946473, 0]
37	[-14.342680658718464, -1]
38	[-14.284414858250559, 0]
39	[-14.284414858250559, 0]
40	[-14.284414858250559, 0]
41	[-14.284414858250559, 0]
42	[-14.284414858250559, 0]
43	[-14.284414858250559, 0]
44	[-14.284414858250559, 0]
45	[-14.284414858250559, 0]
46	[-14.284414858250559, 0]
47	[-14.284414858250559, 0]
48	[-14.284414858250559, 0]
49	[-13.497604450216084, 0]
50	[-13.497604450216084, 0]
51	[-13.497604450216084, 0]
52	[-13.497604450216084, 0]
52	[-13.372078040545171, -2]
53	[-13.497604450216084, 0]
53	[-13.372078040545171, -2]
54	[-13.497604450216084, 0]
54	[-13.372078040545171, -2]
55	[-13.497604450216084, 0]
55	[-13.372078040545171, -2]
56	[-13.497604450216084, 0]
56	[-13.372078040545171, -2]
57	[-13.497604450216084, 0]
57	[-13.372078040545171, -2]
58	[-13.497604450216084, 0]
58	[-13.372078040545171, -2]
59	[-13.497604450216084, 0]
59	[-13.372078040545171, -2]
60	[-13.497604450216084, 0]
60	[-13.372078040545171, -2]
61	[-13.390350612438564, 0]
61	[-13.372078040545171, -2]
62	[-13.390350612438564, 0]
62	[-13.372078040545171, -2]
63	[-13.390350612438564, 0]
63	[-13.372078040545171, -2]
64	[-13.390350612438564, 0]
64	[-12.767840794269803, -1]
65	[-13.333022639947016, 0]
65	[-12.767840794269803, -1]
65	[-12.767840794269803, -1]
66	[-13.333022639947016, 0]
66	[-12.767840794269803, -1]
66	[-12.767840794269803, -1]
67	[-13.333022639947016, 0]
67	[-12.767840794269803, -1]
67	[-12.767840794269803, -1]
68	[-13.333022639947016, 0]
68	[-12.575352478994256, -1]
69	[-13.333022639947016, 0]
69	[-12.459906393029854, -1]
70	[-12.994408263767424, 0]
70	[-12.459906393029854, -1]
71	[-12.994408263767424, 0]
71	[-12.459906393029854, -1]
72	[-12.994408263767424, 0]
72	[-12.459906393029854, -1]
73	[-12.994408263767424, 0]
73	[-12.459906393029854, -1]
74	[-12.994408263767424, 0]
74	[-12.459906393029854, -1]
75	[-12.994408263767424, 0]
75	[-12.459906393029854, -1]
76	[-12.994408263767424, 0]
76	[-12.459906393029854, -1]
77	[-12.994408263767424, 0]
77	[-12.459906393029854, -1]
77	[-12.459906393029854, -1]
78	[-12.994408263767424, 0]
78	[-12.459906393029854, -1]
78	[-12.459906393029854, -1]
79	[-12.551729036083605, 0]
79	[-12.459906393029854, -1]
79	[-12.459906393029854, -1]
80	[-12.551729036083605, 0]
80	[-12.459906393029854, -1]
80	[-12.459906393029854, -1]
81	[-12.551729036083605, 0]
81	[-12.459906393029854, -1]
81	[-12.459906393029854, -1]
82	[-12.551729036083605, 0]
82	[-12.088366938742885, -1]
83	[-12.551729036083605, 0]
83	[-12.088366938742885, -1]
84	[-12.551729036083605, 0]
84	[-12.088366938742885, -1]
85	[-12.548741561278701, 0]
85	[-12.088366938742885, -1]
86	[-12.548741561278701, 0]
86	[-12.088366938742885, -1]
87	[-12.548741561278701, 0]
87	[-12.088366938742885, -1]
88	[-12.544792512511599, 0]
88	[-12.088366938742885, -1]
89	[-12.544792512511599, 0]
89	[-12.088366938742885, -1]
90	[-12.544792512511599, 0]
90	[-12.088366938742885, -1]
91	[-12.477220990977253, 0]
91	[-12.010712193869386, -1]
92	[-12.477220990977253, 0]
92	[-12.010712193869386, -1]
93	[-12.477220990977253, 0]
93	[-12.010712193869386, -1]
94	[-12.477220990977253, 0]
94	[-12.010712193869386, -1]
95	[-12.477220990977253, 0]
95	[-12.010712193869386, -1]
96	[-12.477220990977253, 0]
96	[-12.010712193869386, -1]
97	[-12.477220990977253, 0]
97	[-12.010712193869386, -1]
98	[-12.477220990977253, 0]
98	[-11.980936290328383, -1]
99	[-12.477220990977253, 0]
99	[-11.980936290328383, -1]
100	[-12.477220990977253, 0]
100	[-11.980936290328383, -1]
101	[-12.477220990977253, 0]
101	[-11.939088966412308, -1]
102	[-12.477220990977253, 0]
102	[-11.939088966412308, -1]
103	[-12.477220990977253, 0]
103	[-11.91249638586556, -1]
104	[-12.477220990977253, 0]
104	[-11.91249638586556, -1]
105	[-12.477220990977253, 0]
105	[-11.4989245311851, -1]
106	[-12.412521688585764, 0]
106	[-11.4989245311851, -1]
107	[-12.412521688585764, 0]
107	[-12.412521688585764, 0]
107	[-11.4989245311851, -1]
108	[-12.412521688585764, 0]
108	[-12.412521688585764, 0]
108	[-11.4989245311851, -1]
109	[-12.412521688585764, 0]
109	[-12.412521688585764, 0]
109	[-11.4989245311851, -1]
110	[-12.412521688585764, 0]
110	[-12.412521688585764, 0]
110	[-12.412521688585764, 0]
110	[-11.4989245311851, -1]
111	[-12.412521688585764, 0]
111	[-12.412521688585764, 0]
111	[-12.412521688585764, 0]
111	[-11.4989245311851, -1]
112	[-12.412521688585764, 0]
112	[-12.412521688585764, 0]
112	[-12.412521688585764, 0]
112	[-11.4989245311851, -1]
113	[-12.412521688585764, 0]
113	[-12.412521688585764, 0]
113	[-12.412521688585764, 0]
113	[-11.4989245311851, -1]
114	[-12.412521688585764, 0]
114	[-12.412521688585764, 0]
114	[-12.412521688585764, 0]
114	[-11.4989245311851, -1]
115	[-12.412521688585764, 0]
115	[-12.412521688585764, 0]
115	[-12.412521688585764, 0]
115	[-12.412521688585764, 0]
115	[-11.4989245311851, -1]
116	[-12.197993035195697, 0]
116	[-11.4989245311851, -1]
117	[-12.197993035195697, 0]
117	[-11.4989245311851, -1]
118	[-12.197993035195697, 0]
118	[-11.4989245311851, -1]
119	[-12.197993035195697, 0]
119	[-11.4989245311851, -1]
120	[-12.197993035195697, 0]
120	[-11.4989245311851, -1]
121	[-12.197993035195697, 0]
121	[-11.4989245311851, -1]
122	[-12.197993035195697, 0]
122	[-11.4989245311851, -1]
123	[-12.197993035195697, 0]
123	[-11.4989245311851, -1]
124	[-12.197993035195697, 0]
124	[-11.4989245311851, -1]
125	[-12.197993035195697, 0]
125	[-11.4989245311851, -1]
126	[-12.197993035195697, 0]
126	[-11.4989245311851, -1]
127	[-12.197993035195697, 0]
127	[-11.4989245311851, -1]
128	[-12.197993035195697, 0]
128	[-11.4989245311851, -1]
129	[-12.197993035195697, 0]
129	[-11.4989245311851, -1]
130	[-12.197993035195697, 0]
130	[-11.4989245311851, -1]
131	[-12.197993035195697, 0]
131	[-11.448684036611223, -1]
132	[-12.197993035195697, 0]
132	[-11.448684036611223, -1]
133	[-12.197993035195697, 0]
133	[-11.424967755430139, -1]
134	[-12.197993035195697, 0]
134	[-11.424967755430139, -1]
135	[-12.122192212552331, 0]
135	[-11.424967755430139, -1]
136	[-12.122192212552331, 0]
136	[-11.424967755430139, -1]
137	[-12.122192212552331, 0]
137	[-11.424967755430139, -1]
138	[-12.122192212552331, 0]
138	[-11.424967755430139, -1]
139	[-12.122192212552331, 0]
139	[-11.424967755430139, -1]
140	[-12.026315100205963, 0]
140	[-11.424967755430139, -1]
141	[-12.026315100205963, 0]
141	[-11.424967755430139, -1]
142	[-12.026315100205963, 0]
142	[-11.424967755430139, -1]
143	[-12.026315100205963, 0]
143	[-11.424967755430139, -1]
144	[-12.026315100205963, 0]
144	[-11.424967755430139, -1]
145	[-12.026315100205963, 0]
145	[-11.424967755430139, -1]
146	[-12.026315100205963, 0]
146	[-11.424967755430139, -1]
147	[-12.026315100205963, 0]
147	[-11.424967755430139, -1]
148	[-12.026315100205963, 0]
148	[-11.227558028850696, -1]
149	[-12.026315100205963, 0]
149	[-11.227558028850696, -1]
150	[-12.026315100205963, 0]
150	[-11.227558028850696, -1]
151	[-12.026315100205963, 0]
151	[-11.227558028850696, -1]
152	[-12.026315100205963, 0]
152	[-11.227558028850696, -1]
153	[-12.026315100205963, 0]
153	[-11.227558028850696, -1]
154	[-11.931029391320372, 0]
154	[-11.227558028850696, -1]
155	[-11.931029391320372, 0]
155	[-11.227558028850696, -1]
156	[-11.931029391320372, 0]
156	[-11.227558028850696, -1]
157	[-11.931029391320372, 0]
157	[-11.227558028850696, -1]
158	[-11.931029391320372, 0]
158	[-11.227558028850696, -1]
159	[-11.931029391320372, 0]
159	[-11.227558028850696, -1]
160	[-11.931029391320372, 0]
160	[-11.227558028850696, -1]
161	[-11.931029391320372, 0]
161	[-11.227558028850696, -1]
162	[-11.859796930129992, 0]
162	[-11.227558028850696, -1]
163	[-11.859796930129992, 0]
163	[-11.227558028850696, -1]
164	[-11.859796930129992, 0]
164	[-11.227558028850696, -1]
165	[-11.859796930129992, 0]
165	[-11.227558028850696, -1]
166	[-11.859796930129992, 0]
166	[-11.227558028850696, -1]
167	[-11.859796930129992, 0]
167	[-11.227558028850696, -1]
168	[-11.859796930129992, 0]
168	[-11.227558028850696, -1]
169	[-11.850660750047616, 0]
169	[-11.227558028850696, -1]
170	[-11.850660750047616, 0]
170	[-11.227558028850696, -1]
171	[-11.850660750047616, 0]
171	[-11.227558028850696, -1]
172	[-11.850660750047616, 0]
172	[-11.227558028850696, -1]
173	[-11.850660750047616, 0]
173	[-11.227558028850696, -1]
174	[-11.850660750047616, 0]
174	[-11.227558028850696, -1]
174	[-11.227558028850696, -1]
175	[-11.850660750047616, 0]
175	[-11.227558028850696, -1]
175	[-11.227558028850696, -1]
176	[-11.850660750047616, 0]
176	[-11.227558028850696, -1]
176	[-11.227558028850696, -1]
177	[-11.850660750047616, 0]
177	[-11.227558028850696, -1]
177	[-11.227558028850696, -1]
178	[-11.789294818292685, 0]
178	[-11.227558028850696, -1]
178	[-11.227558028850696, -1]
179	[-11.789294818292685, 0]
179	[-11.227558028850696, -1]
179	[-11.227558028850696, -1]
180	[-11.789294818292685, 0]
180	[-11.227558028850696, -1]
180	[-11.227558028850696, -1]
181	[-11.789294818292685, 0]
181	[-11.227558028850696, -1]
181	[-11.227558028850696, -1]
182	[-11.789294818292685, 0]
182	[-11.227558028850696, -1]
182	[-11.227558028850696, -1]
183	[-11.789294818292685, 0]
183	[-11.227558028850696, -1]
183	[-11.227558028850696, -1]
184	[-11.789294818292685, 0]
184	[-11.227558028850696, -1]
184	[-11.227558028850696, -1]
185	[-11.789294818292685, 0]
185	[-11.190176248676654, -1]
186	[-11.789294818292685, 0]
186	[-11.190176248676654, -1]
187	[-11.789294818292685, 0]
187	[-11.190176248676654, -1]
188	[-11.789294818292685, 0]
188	[-11.190176248676654, -1]
189	[-11.689493026524742, 0]
189	[-11.176328416296277, -1]
190	[-11.689493026524742, 0]
190	[-11.176328416296277, -1]
190	[-11.176328416296277, -1]
191	[-11.689493026524742, 0]
191	[-11.176328416296277, -1]
191	[-11.176328416296277, -1]
191	[-11.176328416296277, -1]
192	[-11.689493026524742, 0]
192	[-11.176328416296277, -1]
192	[-11.176328416296277, -1]
192	[-11.176328416296277, -1]
193	[-11.689493026524742, 0]
193	[-11.689493026524742, 0]
193	[-11.176328416296277, -1]
193	[-11.176328416296277, -1]
193	[-11.176328416296277, -1]
194	[-11.689493026524742, 0]
194	[-11.689493026524742, 0]
194	[-11.176328416296277, -1]
194	[-11.176328416296277, -1]
194	[-11.176328416296277, -1]
194	[-11.176328416296277, -1]
195	[-11.635386142767677, 0]
195	[-11.152845893756615, -1]
196	[-11.635386142767677, 0]
196	[-11.152845893756615, -1]
197	[-11.635386142767677, 0]
197	[-11.152845893756615, -1]
198	[-11.635386142767677, 0]
198	[-11.152845893756615, -1]
199	[-11.635386142767677, 0]
199	[-11.152845893756615, -1]
200	[-11.635386142767677, 0]
200	[-11.152845893756615, -1]
201	[-11.615281028603963, 0]
201	[-11.146368823665531, -1]
202	[-11.615281028603963, 0]
202	[-11.127242792628147, -1]
203	[-11.615281028603963, 0]
203	[-11.615281028603963, 0]
203	[-11.127242792628147, -1]
204	[-11.615281028603963, 0]
204	[-11.615281028603963, 0]
204	[-11.127242792628147, -1]
205	[-11.615281028603963, 0]
205	[-11.615281028603963, 0]
205	[-11.127242792628147, -1]
206	[-11.615281028603963, 0]
206	[-11.615281028603963, 0]
206	[-11.127242792628147, -1]
207	[-11.615281028603963, 0]
207	[-11.615281028603963, 0]
207	[-11.127242792628147, -1]
208	[-11.615281028603963, 0]
208	[-11.615281028603963, 0]
208	[-11.127242792628147, -1]
209	[-11.615281028603963, 0]
209	[-11.615281028603963, 0]
209	[-11.615281028603963, 0]
209	[-11.127242792628147, -1]
210	[-11.615281028603963, 0]
210	[-11.615281028603963, 0]
210	[-11.615281028603963, 0]
210	[-11.127242792628147, -1]
211	[-11.615281028603963, 0]
211	[-11.615281028603963, 0]
211	[-11.615281028603963, 0]
211	[-11.127242792628147, -1]
212	[-11.57662744927815, 0]
212	[-11.127242792628147, -1]
213	[-11.57662744927815, 0]
213	[-11.127242792628147, -1]
214	[-11.57662744927815, 0]
214	[-11.024551295120597, -1]
215	[-11.57662744927815, 0]
215	[-11.024551295120597, -1]
216	[-11.57662744927815, 0]
216	[-11.024551295120597, -1]
217	[-11.57662744927815, 0]
217	[-11.024551295120597, -1]
218	[-11.57662744927815, 0]
218	[-11.024551295120597, -1]
219	[-11.57662744927815, 0]
219	[-11.024551295120597, -1]
220	[-11.57662744927815, 0]
220	[-11.024551295120597, -1]
221	[-11.57662744927815, 0]
221	[-11.024551295120597, -1]
222	[-11.57662744927815, 0]
222	[-11.024551295120597, -1]
222	[-11.024551295120597, -1]
223	[-11.57662744927815, 0]
223	[-11.024551295120597, -1]
223	[-11.024551295120597, -1]
224	[-11.57662744927815, 0]
224	[-11.024551295120597, -1]
224	[-11.024551295120597, -1]
225	[-11.48061317965477, 0]
225	[-11.024551295120597, -1]
225	[-11.024551295120597, -1]
225	[-10.993336694904968, -2]
226	[-11.48061317965477, 0]
226	[-11.024551295120597, -1]
226	[-11.024551295120597, -1]
226	[-10.993336694904968, -2]
227	[-11.48061317965477, 0]
227	[-11.024551295120597, -1]
227	[-11.024551295120597, -1]
227	[-10.993336694904968, -2]
228	[-11.48061317965477, 0]
228	[-11.024551295120597, -1]
228	[-11.024551295120597, -1]
228	[-10.993336694904968, -2]
229	[-11.48061317965477, 0]
229	[-11.024551295120597, -1]
229	[-11.024551295120597, -1]
229	[-10.993336694904968, -2]
230	[-11.48061317965477, 0]
230	[-11.024551295120597, -1]
230	[-11.024551295120597, -1]
230	[-10.993336694904968, -2]
231	[-11.48061317965477, 0]
231	[-11.024551295120597, -1]
231	[-11.024551295120597, -1]
231	[-10.993336694904968, -2]
232	[-11.48061317965477, 0]
232	[-11.024551295120597, -1]
232	[-11.024551295120597, -1]
232	[-10.993336694904968, -2]
233	[-11.48061317965477, 0]
233	[-11.024551295120597, -1]
233	[-11.024551295120597, -1]
233	[-10.993336694904968, -2]
234	[-11.48061317965477, 0]
234	[-10.964147993658509, -1]
235	[-11.48061317965477, 0]
235	[-10.964147993658509, -1]
236	[-11.48061317965477, 0]
236	[-10.964147993658509, -1]
237	[-11.48061317965477, 0]
237	[-10.964147993658509, -1]
238	[-11.48061317965477, 0]
238	[-10.964147993658509, -1]
239	[-11.48061317965477, 0]
239	[-10.964147993658509, -1]
240	[-11.407765581605462, 0]
240	[-10.964147993658509, -1]
241	[-11.407765581605462, 0]
241	[-10.964147993658509, -1]
242	[-11.407765581605462, 0]
242	[-10.964147993658509, -1]
243	[-11.407765581605462, 0]
243	[-10.964147993658509, -1]
244	[-11.407765581605462, 0]
244	[-10.964147993658509, -1]
245	[-11.407765581605462, 0]
245	[-10.964147993658509, -1]
245	[-10.935844621542481, -2]
246	[-11.407765581605462, 0]
246	[-10.964147993658509, -1]
246	[-10.935844621542481, -2]
247	[-11.377060146959645, 0]
247	[-10.964147993658509, -1]
247	[-10.935844621542481, -2]
248	[-11.377060146959645, 0]
248	[-10.964147993658509, -1]
248	[-10.935844621542481, -2]
249	[-11.377060146959645, 0]
249	[-10.964147993658509, -1]
249	[-10.935844621542481, -2]
250	[-11.377060146959645, 0]
250	[-10.964147993658509, -1]
250	[-10.935844621542481, -2]
251	[-11.377060146959645, 0]
251	[-10.964147993658509, -1]
251	[-10.935844621542481, -2]
252	[-11.377060146959645, 0]
252	[-11.377060146959645, 0]
252	[-10.964147993658509, -1]
252	[-10.935844621542481, -2]
253	[-11.377060146959645, 0]
253	[-11.377060146959645, 0]
253	[-10.964147993658509, -1]
253	[-10.935844621542481, -2]
254	[-11.377060146959645, 0]
254	[-11.377060146959645, 0]
254	[-10.964147993658509, -1]
254	[-10.935844621542481, -2]
255	[-11.377060146959645, 0]
255	[-11.377060146959645, 0]
255	[-10.964147993658509, -1]
255	[-10.935844621542481, -2]
256	[-11.377060146959645, 0]
256	[-11.377060146959645, 0]
256	[-10.964147993658509, -1]
256	[-10.935844621542481, -2]
257	[-11.377060146959645, 0]
257	[-11.377060146959645, 0]
257	[-10.964147993658509, -1]
257	[-10.935844621542481, -2]
258	[-11.377060146959645, 0]
258	[-11.377060146959645, 0]
258	[-10.964147993658509, -1]
258	[-10.935844621542481, -2]
259	[-11.377060146959645, 0]
259	[-11.377060146959645, 0]
259	[-10.964147993658509, -1]
259	[-10.904842589265062, -2]
260	[-11.377060146959645, 0]
260	[-11.377060146959645, 0]
260	[-10.964147993658509, -1]
260	[-10.904842589265062, -2]
261	[-11.377060146959645, 0]
261	[-11.377060146959645, 0]
261	[-10.964147993658509, -1]
261	[-10.904842589265062, -2]
262	[-11.377060146959645, 0]
262	[-11.377060146959645, 0]
262	[-10.964147993658509, -1]
262	[-10.904842589265062, -2]
263	[-11.377060146959645, 0]
263	[-11.377060146959645, 0]
263	[-10.964147993658509, -1]
263	[-10.904842589265062, -2]
264	[-11.377060146959645, 0]
264	[-11.377060146959645, 0]
264	[-10.964147993658509, -1]
264	[-10.904842589265062, -2]
265	[-11.377060146959645, 0]
265	[-11.377060146959645, 0]
265	[-10.964147993658509, -1]
265	[-10.904842589265062, -2]
266	[-11.377060146959645, 0]
266	[-11.377060146959645, 0]
266	[-10.964147993658509, -1]
266	[-10.904842589265062, -2]
267	[-11.377060146959645, 0]
267	[-11.377060146959645, 0]
267	[-10.964147993658509, -1]
267	[-10.904842589265062, -2]
268	[-11.377060146959645, 0]
268	[-11.377060146959645, 0]
268	[-10.964147993658509, -1]
268	[-10.904842589265062, -2]
269	[-11.377060146959645, 0]
269	[-11.377060146959645, 0]
269	[-11.377060146959645, 0]
269	[-10.964147993658509, -1]
269	[-10.904842589265062, -2]
270	[-11.377060146959645, 0]
270	[-11.377060146959645, 0]
270	[-11.377060146959645, 0]
270	[-11.377060146959645, 0]
270	[-10.964147993658509, -1]
270	[-10.904842589265062, -2]
271	[-11.377060146959645, 0]
271	[-11.377060146959645, 0]
271	[-11.377060146959645, 0]
271	[-11.377060146959645, 0]
271	[-10.964147993658509, -1]
271	[-10.904842589265062, -2]
272	[-11.377060146959645, 0]
272	[-11.377060146959645, 0]
272	[-11.377060146959645, 0]
272	[-11.377060146959645, 0]
272	[-10.964147993658509, -1]
272	[-10.904842589265062, -2]
273	[-11.377060146959645, 0]
273	[-11.377060146959645, 0]
273	[-11.377060146959645, 0]
273	[-11.377060146959645, 0]
273	[-10.964147993658509, -1]
273	[-10.904842589265062, -2]
274	[-11.377060146959645, 0]
274	[-11.377060146959645, 0]
274	[-11.377060146959645, 0]
274	[-11.377060146959645, 0]
274	[-10.964147993658509, -1]
274	[-10.904842589265062, -2]
275	[-11.377060146959645, 0]
275	[-11.377060146959645, 0]
275	[-11.377060146959645, 0]
275	[-11.377060146959645, 0]
275	[-10.964147993658509, -1]
275	[-10.904842589265062, -2]
276	[-11.377060146959645, 0]
276	[-11.377060146959645, 0]
276	[-11.377060146959645, 0]
276	[-11.377060146959645, 0]
276	[-10.964147993658509, -1]
276	[-10.904842589265062, -2]
277	[-11.377060146959645, 0]
277	[-11.377060146959645, 0]
277	[-11.377060146959645, 0]
277	[-11.377060146959645, 0]
277	[-10.964147993658509, -1]
277	[-10.904842589265062, -2]
278	[-11.377060146959645, 0]
278	[-11.377060146959645, 0]
278	[-11.377060146959645, 0]
278	[-11.377060146959645, 0]
278	[-10.964147993658509, -1]
278	[-10.904842589265062, -2]
279	[-11.377060146959645, 0]
279	[-11.377060146959645, 0]
279	[-11.377060146959645, 0]
279	[-11.377060146959645, 0]
279	[-10.964147993658509, -1]
279	[-10.904842589265062, -2]
280	[-11.377060146959645, 0]
280	[-11.377060146959645, 0]
280	[-11.377060146959645, 0]
280	[-11.377060146959645, 0]
280	[-10.964147993658509, -1]
280	[-10.904842589265062, -2]
281	[-11.377060146959645, 0]
281	[-11.377060146959645, 0]
281	[-11.377060146959645, 0]
281	[-11.377060146959645, 0]
281	[-10.964147993658509, -1]
281	[-10.904842589265062, -2]
282	[-11.377060146959645, 0]
282	[-11.377060146959645, 0]
282	[-11.377060146959645, 0]
282	[-11.377060146959645, 0]
282	[-10.964147993658509, -1]
282	[-10.904842589265062, -2]
283	[-11.377060146959645, 0]
283	[-11.377060146959645, 0]
283	[-11.377060146959645, 0]
283	[-11.377060146959645, 0]
283	[-10.964147993658509, -1]
283	[-10.904842589265062, -2]
284	[-11.377060146959645, 0]
284	[-11.377060146959645, 0]
284	[-11.377060146959645, 0]
284	[-11.377060146959645, 0]
284	[-10.964147993658509, -1]
284	[-10.904842589265062, -2]
285	[-11.377060146959645, 0]
285	[-11.377060146959645, 0]
285	[-11.377060146959645, 0]
285	[-11.377060146959645, 0]
285	[-10.964147993658509, -1]
285	[-10.904842589265062, -2]
286	[-11.377060146959645, 0]
286	[-11.377060146959645, 0]
286	[-11.377060146959645, 0]
286	[-11.377060146959645, 0]
286	[-10.964147993658509, -1]
286	[-10.904842589265062, -2]
287	[-11.377060146959645, 0]
287	[-11.377060146959645, 0]
287	[-11.377060146959645, 0]
287	[-11.377060146959645, 0]
287	[-10.907334801782435, -1]
287	[-10.904842589265062, -2]
288	[-11.377060146959645, 0]
288	[-11.377060146959645, 0]
288	[-11.377060146959645, 0]
288	[-11.377060146959645, 0]
288	[-10.907334801782435, -1]
288	[-10.904842589265062, -2]
289	[-11.377060146959645, 0]
289	[-11.377060146959645, 0]
289	[-11.377060146959645, 0]
289	[-11.377060146959645, 0]
289	[-10.907334801782435, -1]
289	[-10.904842589265062, -2]
290	[-11.377060146959645, 0]
290	[-11.377060146959645, 0]
290	[-11.377060146959645, 0]
290	[-11.377060146959645, 0]
290	[-10.907334801782435, -1]
290	[-10.904842589265062, -2]
291	[-11.377060146959645, 0]
291	[-11.377060146959645, 0]
291	[-11.377060146959645, 0]
291	[-11.377060146959645, 0]
291	[-10.907334801782435, -1]
291	[-10.904842589265062, -2]
292	[-11.377060146959645, 0]
292	[-11.377060146959645, 0]
292	[-11.377060146959645, 0]
292	[-11.377060146959645, 0]
292	[-10.907334801782435, -1]
292	[-10.904842589265062, -2]
293	[-11.377060146959645, 0]
293	[-11.377060146959645, 0]
293	[-11.377060146959645, 0]
293	[-11.377060146959645, 0]
293	[-10.907334801782435, -1]
293	[-10.904842589265062, -2]
294	[-11.377060146959645, 0]
294	[-11.377060146959645, 0]
294	[-11.377060146959645, 0]
294	[-11.377060146959645, 0]
294	[-10.907334801782435, -1]
294	[-10.773168124854076, -2]
295	[-11.377060146959645, 0]
295	[-11.377060146959645, 0]
295	[-11.377060146959645, 0]
295	[-11.377060146959645, 0]
295	[-10.907334801782435, -1]
295	[-10.773168124854076, -2]
296	[-11.377060146959645, 0]
296	[-11.377060146959645, 0]
296	[-11.377060146959645, 0]
296	[-11.377060146959645, 0]
296	[-10.907334801782435, -1]
296	[-10.773168124854076, -2]
297	[-11.377060146959645, 0]
297	[-11.377060146959645, 0]
297	[-11.377060146959645, 0]
297	[-11.377060146959645, 0]
297	[-10.907334801782435, -1]
297	[-10.773168124854076, -2]
298	[-11.377060146959645, 0]
298	[-11.377060146959645, 0]
298	[-11.377060146959645, 0]
298	[-11.377060146959645, 0]
298	[-10.907334801782435, -1]
298	[-10.710024982707237, -2]
299	[-11.377060146959645, 0]
299	[-11.377060146959645, 0]
299	[-11.377060146959645, 0]
299	[-11.377060146959645, 0]
299	[-10.84614371812626, -1]
299	[-10.710024982707237, -2]
300	[-11.377060146959645, 0]
300	[-11.377060146959645, 0]
300	[-11.377060146959645, 0]
300	[-11.377060146959645, 0]
300	[-10.84614371812626, -1]
300	[-10.710024982707237, -2]
300	[-11.377060146959645, 0]
300	[-11.377060146959645, 0]
300	[-11.377060146959645, 0]
300	[-11.377060146959645, 0]
300	[-10.84614371812626, -1]
300	[-10.710024982707237, -2]
