Generation:
1198

Phenotype:
5
V1 = uniform([+0.4e1, 2.0e1], 2);
V2 = +6.2e0;
V2 = V2 + uniform([-0.1e0, 7.6e0], 2);
V3 = +V2;
V3 = V3 + gm([0.0e1, -4.8e0, 7.6e0], [8.8e0, -4.9e0, 1.5e0]);

Pre-processed Program
:T = uniform([4.000000, 24.000000], 2);F = 6.2;F = F + uniform([-0.100000, 7.500000], 2);C = F;C = C + gm([0.000000, 1.000000], [-4.8, -4.9], [7.6, 1.5]);Genotype:
[140, 142, 58, 303, 137, 254, 304, 30, 314, 281, 452, 432, 340, 245, 396, 244, 208, 39, 359, 2, 396, 192, 390, 91, 496, 197, 145, 240, 341, 346, 269, 237, 46, 284, 194, 14, 12, 396, 422, 131, 296, 493, 461, 382, 240, 210, 63, 456, 79, 484, 168, 482, 277, 377, 206, 38, 362, 386, 378, 288, 186, 358, 91, 214, 339, 460, 130, 111, 35, 416, 424, 191, 371, 104, 474, 168, 257, 314, 359, 398, 129, 478, 376, 412, 86, 13, 184, 323, 440, 314, 87, 23, 332, 149, 431, 481, 71, 61, 289, 295, 348, 211, 180, 78, 188, 492, 76, 0, 408, 278, 230, 389, 260, 6, 323, 310, 225, 464, 388, 329, 61, 102, 418, 29, 112, 282, 75, 468, 247, 209, 213, 77, 350]
Tree:
None
Fitness on 5000 data:
-53.898170875395486

Fitness:
-53.898170875395486