0	[-187.74813933050675, -1]
1	[-183.084390491919, -1]
1	[-168.26732719256626, -2]
2	[-5072.091476892264, 0]
2	[-131.71818063093073, -1]
2	[-131.1379374489535, -3]
3	[-201.8407877209008, 0]
3	[-131.71818063093073, -1]
3	[-131.1379374489535, -3]
4	[-201.8407877209008, 0]
4	[-127.69836367226797, -1]
5	[-127.5935215809903, 0]
5	[-98.78828567169589, -3]
6	[-127.5935215809903, 0]
6	[-119.137120026636, -1]
6	[-98.78828567169589, -3]
7	[-127.5935215809903, 0]
7	[-119.137120026636, -1]
7	[-98.78828567169589, -3]
8	[-127.5935215809903, 0]
8	[-119.137120026636, -1]
8	[-107.54575608964743, -2]
8	[-98.78828567169589, -3]
9	[-127.5935215809903, 0]
9	[-103.56657187249299, -1]
9	[-98.78828567169589, -3]
10	[-127.5935215809903, 0]
10	[-94.31025658825979, -1]
11	[-127.37902373427816, 0]
11	[-94.31025658825979, -1]
12	[-127.37902373427816, 0]
12	[-94.31025658825979, -1]
13	[-125.30673859844835, 0]
13	[-94.31025658825979, -1]
14	[-125.30673859844835, 0]
14	[-94.31025658825979, -1]
14	[-92.36719202971365, -3]
15	[-113.87279565772786, 0]
15	[-94.31025658825979, -1]
15	[-92.36719202971365, -3]
16	[-113.87279565772786, 0]
16	[-94.31025658825979, -1]
16	[-92.36719202971365, -3]
17	[-113.87279565772786, 0]
17	[-94.31025658825979, -1]
17	[-92.36719202971365, -3]
18	[-110.52426714284675, 0]
18	[-94.31025658825979, -1]
18	[-92.36719202971365, -3]
19	[-110.52426714284675, 0]
19	[-94.31025658825979, -1]
19	[-92.36719202971365, -3]
20	[-110.52426714284675, 0]
20	[-94.31025658825979, -1]
20	[-92.36719202971365, -3]
21	[-110.52426714284675, 0]
21	[-110.52426714284675, 0]
21	[-94.31025658825979, -1]
21	[-86.63886478310064, -2]
22	[-104.0607009993983, 0]
22	[-94.31025658825979, -1]
22	[-86.63886478310064, -2]
23	[-104.0607009993983, 0]
23	[-94.31025658825979, -1]
23	[-86.63886478310064, -2]
24	[-104.0607009993983, 0]
24	[-94.31025658825979, -1]
24	[-86.51016261593765, -2]
25	[-104.0607009993983, 0]
25	[-94.31025658825979, -1]
25	[-86.51016261593765, -2]
26	[-103.14481856300274, 0]
26	[-94.06263004109047, -1]
26	[-86.51016261593765, -2]
27	[-103.08927636729689, 0]
27	[-94.06263004109047, -1]
27	[-86.51016261593765, -2]
28	[-103.08927636729689, 0]
28	[-89.13370565477187, -1]
28	[-86.51016261593765, -2]
29	[-103.08927636729689, 0]
29	[-89.13370565477187, -1]
29	[-86.51016261593765, -2]
30	[-103.08927636729689, 0]
30	[-89.13370565477187, -1]
30	[-86.51016261593765, -2]
31	[-103.08927636729689, 0]
31	[-89.13370565477187, -1]
31	[-86.51016261593765, -2]
32	[-103.08927636729689, 0]
32	[-89.10992512267649, -1]
32	[-86.51016261593765, -2]
33	[-103.08927636729689, 0]
33	[-89.10992512267649, -1]
33	[-86.51016261593765, -2]
34	[-102.12574062637589, 0]
34	[-85.43431804078877, -1]
35	[-102.12574062637589, 0]
35	[-85.43431804078877, -1]
36	[-102.12574062637589, 0]
36	[-85.43431804078877, -1]
37	[-98.72906696562929, 0]
37	[-85.43431804078877, -1]
38	[-98.72906696562929, 0]
38	[-85.43431804078877, -1]
39	[-97.88808457175297, 0]
39	[-85.43431804078877, -1]
40	[-97.62978833633525, 0]
40	[-83.87596903822386, -1]
41	[-97.62978833633525, 0]
41	[-83.87596903822386, -1]
42	[-97.62978833633525, 0]
42	[-83.87596903822386, -1]
43	[-97.62978833633525, 0]
43	[-80.05884425966438, -1]
44	[-97.62978833633525, 0]
44	[-80.05884425966438, -1]
45	[-97.62978833633525, 0]
45	[-80.05884425966438, -1]
46	[-97.62636117151096, 0]
46	[-80.05884425966438, -1]
47	[-89.050584537149, 0]
47	[-80.05884425966438, -1]
48	[-89.050584537149, 0]
48	[-80.05884425966438, -1]
49	[-89.050584537149, 0]
49	[-80.05884425966438, -1]
50	[-89.050584537149, 0]
50	[-80.05884425966438, -1]
51	[-89.050584537149, 0]
51	[-79.36300675545328, -1]
52	[-89.050584537149, 0]
52	[-79.36300675545328, -1]
53	[-89.050584537149, 0]
53	[-79.36300675545328, -1]
54	[-89.050584537149, 0]
54	[-79.36300675545328, -1]
55	[-87.96430635622444, 0]
55	[-79.36300675545328, -1]
56	[-87.96430635622444, 0]
56	[-79.36300675545328, -1]
57	[-79.64861055691485, 0]
57	[-79.36300675545328, -1]
58	[-79.64861055691485, 0]
58	[-79.36300675545328, -1]
59	[-79.64861055691485, 0]
59	[-79.36300675545328, -1]
60	[-79.64861055691485, 0]
60	[-79.36300675545328, -1]
61	[-79.64861055691485, 0]
61	[-79.36300675545328, -1]
62	[-78.81891299833794, 0]
63	[-78.81891299833794, 0]
64	[-78.81891299833794, 0]
65	[-78.81891299833794, 0]
66	[-78.81891299833794, 0]
67	[-71.24514415619237, 0]
68	[-71.24514415619237, 0]
69	[-71.24514415619237, 0]
70	[-71.24514415619237, 0]
71	[-71.24514415619237, 0]
72	[-71.24514415619237, 0]
73	[-71.24514415619237, 0]
74	[-71.24514415619237, 0]
75	[-71.17157071885417, 0]
76	[-71.17157071885417, 0]
77	[-71.17157071885417, 0]
78	[-71.17157071885417, 0]
79	[-71.17157071885417, 0]
80	[-71.17157071885417, 0]
81	[-70.60124369358074, 0]
82	[-70.60124369358074, 0]
83	[-70.60124369358074, 0]
84	[-70.038928869391, 0]
85	[-70.038928869391, 0]
86	[-68.27073591805714, 0]
87	[-68.27073591805714, 0]
88	[-68.27073591805714, 0]
89	[-68.27073591805714, 0]
90	[-68.27073591805714, 0]
90	[-68.27073591805714, 0]
91	[-68.27073591805714, 0]
91	[-68.27073591805714, 0]
92	[-68.27073591805714, 0]
92	[-68.27073591805714, 0]
93	[-68.27073591805714, 0]
93	[-68.27073591805714, 0]
