Generation:
1998

Phenotype:
110
V1 = gm([7.6e1, +9.9e1, 9.9e1], [0.0e0, -9.8e0, 2.9e0]);
V2 = gm([5.9e1, +5.1e0, 3.4e0]);
V3 = gm([0.0e1, +9.9e0, 1.9e0], [0.0e0, +7.9e0, 4.2e0]);
V4 = gm([0.4e1, +9.7e0, 1.4e0], [0.3e0, +3.6e1, 5.4e1], [9.9e1, +1.5e1, 4.1e0]);
V5 = gm([7.3e0, +4.6e0, 0.2e1]);

Pre-processed Program
:P = gm([1.000000, 0.000000], [99, -9.8], [99, 2.9]);W = gm([1.000000], [5.1], [3.4]);F = gm([1.000000, 1.000000], [9.9, 7.9], [1.9, 4.2]);T = gm([0.038722, 0.002904, 0.958374], [9.7, 36, 15], [1.4, 54, 4.1]);C = gm([1.000000], [4.6], [2]);Genotype:
[25, 349, 278, 349, 373, 132, 47, 86, 203, 472, 364, 79, 459, 199, 286, 209, 59, 183, 222, 142, 180, 150, 436, 56, 181, 109, 78, 494, 235, 412, 119, 150, 352, 71, 268, 357, 235, 349, 137, 251, 456, 175, 21, 262, 283, 233, 214, 242, 434, 58, 345, 275, 390, 200, 51, 192, 434, 59, 89, 162, 156, 231, 139, 146, 488, 166, 200, 480, 192, 205, 210, 257, 299, 32, 493, 384, 122, 116, 296, 36, 347, 41, 270, 454, 43, 440, 32, 229, 137, 492, 356, 191, 444, 402, 95, 109, 460, 203, 356, 368, 424, 463, 296, 169, 366, 295, 94, 439, 472, 434, 19, 449, 303, 12, 480, 151, 155, 85, 11, 264, 81, 484, 308, 180, 152, 451, 417, 313, 202, 475, 66, 414, 376, 414, 478, 450, 492, 63, 114, 12, 267, 444, 354, 406, 26, 470, 432, 421, 336, 271, 461, 4, 133, 253, 471, 285, 443, 377, 339, 231, 367]
Tree:
None
Fitness on 5000 data:
-156.9093028246131

Fitness:
-156.9093028246131