Generation:
3000

Phenotype:
110
V1 = gm([8.8e0, +9.9e1, 9.9e1], [0.0e1, +1.2e0, 2.0e1]);
V2 = gm([2.6e1, +5.1e0, 3.4e0]);
V3 = gm([0.0e1, +9.7e0, 1.9e0], [0.0e0, +9.9e0, 2.1e0]);
V4 = gm([0.3e0, -6.5e0, 4.7e1], [3.1e0, +9.6e0, 1.2e0], [9.0e1, +1.5e1, 4.1e0]);
V5 = gm([7.9e0, +4.9e0, 0.2e1]);

Pre-processed Program
:P = gm([1.000000, 0.000000], [99, 1.2], [99, 20]);W = gm([1.000000], [5.1], [3.4]);F = gm([1.000000, 1.000000], [9.7, 9.9], [1.9, 2.1]);T = gm([0.003212, 0.033191, 0.963597], [-6.5, 9.6, 15], [47, 1.2, 4.1]);C = gm([1.000000], [4.9], [2]);Genotype:
[199, 349, 278, 175, 373, 46, 388, 498, 468, 179, 264, 79, 149, 245, 469, 209, 59, 9, 104, 216, 170, 80, 163, 296, 116, 331, 342, 52, 245, 82, 80, 299, 328, 441, 268, 214, 252, 46, 353, 244, 456, 175, 21, 402, 40, 233, 444, 452, 432, 459, 425, 32, 390, 200, 39, 381, 434, 59, 257, 164, 181, 231, 59, 58, 286, 430, 200, 480, 400, 246, 320, 379, 279, 44, 84, 202, 401, 116, 296, 36, 347, 43, 500, 333, 52, 217, 125, 36, 175, 82, 244, 384, 407, 369, 95, 291, 403, 491, 356, 53, 60, 489, 376, 466, 143, 471, 252, 26, 154, 418, 19, 70, 303, 493, 424, 151, 155, 85, 483, 104, 81, 202, 56, 251, 152, 121, 417, 279, 68, 110, 66, 414, 339, 498, 364, 450, 272, 63, 114, 12, 267, 444, 354, 406, 26, 470, 432, 421, 336, 271, 461, 4, 133, 253, 471, 285, 443, 377, 339, 231, 367]
Tree:
None
Fitness on 5000 data:
-155.26975464419473

Fitness:
-155.26975464419473