Generation:
798

Phenotype:
3
V1 = uniform([+0.2e0, 1.5e1], 2);
V2 = +5.0e0 * +1.7e0;
V2 = V2 + gm([6.4e1, +1.5e0, 2.0e0]);
V3 = +V1 * +V1;
V3 = V3 + gm([2.9e1, +0.7e0, 8.3e0], [5.5e1, +2.8e0, 1.1e1]);

Pre-processed Program
:T = uniform([0.200000, 15.200000], 2);F = 8.5;F = F + gm([1.000000], [1.5], [2]);TEMP0 = T * T;P = TEMP0;P = P + gm([0.345238, 0.654762], [0.7, 2.8], [8.3, 11]);Genotype:
[282, 344, 488, 49, 441, 43, 416, 90, 132, 324, 23, 331, 415, 161, 140, 494, 5, 26, 83, 414, 210, 335, 240, 118, 99, 116, 424, 271, 457, 242, 350, 118, 130, 53, 66, 4, 241, 198, 120, 221, 165, 296, 17, 2, 170, 314, 114, 452, 241, 290, 64, 344, 420, 488, 404, 188, 80, 291, 7, 493, 252, 249, 323, 381, 178, 230, 217, 464, 365, 168, 323, 444, 278, 64, 145, 245, 373, 398, 308, 122, 108, 130, 17, 101, 331, 167, 148, 464, 50, 207, 306, 230, 458, 351, 161, 459, 288, 289, 239, 96, 218, 227, 175, 290, 471, 384, 444, 89, 309, 405, 500]
Tree:
None
Fitness on 5000 data:
-69.32577566367226

Fitness:
-69.32577566367226