Generation:
398

Phenotype:
3
V1 = uniform([+1.0e0, 1.4e1], 2);
V2 = +5.0e0 * +1.7e0;
V2 = V2 + gm([9.5e0, +1.5e0, 2.1e0]);
V3 = +V1 * +V1;
V3 = V3 + gm([5.8e0, +5.7e0, 8.3e0], [5.0e1, +1.7e0, 1.1e1], [0.3e0, +4.1e1, 2.0e0]);

Pre-processed Program
:T = uniform([1.000000, 15.000000], 2);F = 8.5;F = F + gm([1.000000], [1.5], [2.1]);TEMP0 = T * T;P = TEMP0;P = P + gm([0.103387, 0.891266, 0.005348], [5.7, 1.7, 41], [8.3, 11, 2]);Genotype:
[227, 344, 215, 53, 440, 381, 416, 361, 70, 68, 498, 331, 334, 439, 20, 422, 87, 26, 83, 34, 426, 335, 240, 6, 99, 401, 194, 81, 427, 344, 350, 255, 130, 305, 409, 215, 204, 198, 120, 221, 425, 296, 80, 2, 181, 394, 395, 452, 241, 290, 348, 148, 420, 160, 424, 32, 314, 59, 493, 13, 415, 338, 336, 438, 32, 285, 217, 464, 363, 488, 323, 374, 381, 400, 45, 360, 373, 59, 308, 51, 477, 130, 215, 101, 331, 167, 202, 245, 50, 93, 306, 290, 354, 464, 161, 459, 481, 352, 310, 96, 218, 227, 175, 290, 471, 384, 444, 89, 309, 405, 500]
Tree:
None
Fitness on 5000 data:
-69.786054317108

Fitness:
-69.786054317108