Generation:
1500

Phenotype:
3
V1 = uniform([-0.3e0, 1.6e1], 2);
V2 = +5.8e0 * +1.7e0;
V2 = V2 + gm([7.1e1, +0.1e0, 2.0e0]);
V3 = -V1 * -V1;
V3 = V3 + gm([2.9e1, -2.2e0, 8.3e0], [5.9e1, +3.4e0, 1.0e1], [0.7e0, -1.1e1, 9.9e0]);

Pre-processed Program
:T = uniform([-0.300000, 15.700000], 2);F = 9.86;F = F + gm([1.000000], [0.1], [2]);TEMP0 = T * T;P = TEMP0;P = P + gm([0.326945, 0.665163, 0.007892], [-2.2, 3.4, -11], [8.3, 10, 9.9]);Genotype:
[21, 344, 257, 253, 163, 16, 341, 90, 483, 272, 148, 331, 86, 323, 252, 408, 133, 438, 83, 438, 164, 335, 358, 278, 285, 17, 496, 71, 457, 32, 350, 174, 474, 251, 57, 341, 81, 326, 146, 180, 181, 286, 98, 2, 170, 248, 74, 96, 323, 28, 132, 427, 308, 292, 59, 448, 196, 357, 219, 487, 252, 359, 161, 406, 491, 322, 422, 16, 183, 168, 103, 30, 443, 51, 145, 269, 221, 25, 308, 193, 264, 388, 223, 101, 180, 495, 148, 339, 50, 207, 306, 230, 137, 351, 161, 459, 288, 289, 239, 96, 218, 227, 175, 290, 471, 384, 444, 89, 309, 405, 500]
Tree:
None
Fitness on 5000 data:
-69.1855845904864

Fitness:
-69.1855845904864