Generation:
1500

Phenotype:
6
V1 = gm([7.1e0, +0.9e1, 2.3e0], [8.3e1, +9.9e0, 2.0e0]);
V2 = -V1 * -5.6e1;
V2 = V2 + gm([0.8e1, -6.7e1, 9.9e1]);
V3 = +6.3e0;
V3 = V3 + gm([8.5e0, +1.0e1, 6.2e0]);
V4 = -7.0e0;
V4 = V4 + gm([5.7e1, +1.2e1, 2.0e0]);

Pre-processed Program
:F = gm([0.078801, 0.921199], [9, 9.9], [2.3, 2]);TEMP0 = 56 * F;E = TEMP0;E = E + gm([1.000000], [-67], [99]);T = 6.3;T = T + gm([1.000000], [10], [6.2]);C = 0;C = C - 7;C = C + gm([1.000000], [12], [2]);Genotype:
[358, 83, 280, 474, 363, 411, 292, 97, 221, 224, 490, 92, 100, 29, 197, 328, 162, 123, 294, 456, 403, 408, 3, 103, 458, 304, 259, 49, 206, 378, 382, 20, 364, 376, 176, 231, 486, 164, 149, 64, 129, 74, 81, 265, 376, 389, 448, 19, 396, 189, 330, 48, 7, 243, 193, 306, 447, 273, 328, 339, 59, 317, 426, 92, 294, 473, 209, 10, 386, 313, 224, 188, 79, 500, 203, 328, 405, 44, 231, 112, 161, 90, 395, 225, 136, 62, 284, 476, 436, 72, 179, 378, 427, 17, 160, 394, 68, 115, 468, 18, 305, 77, 17, 140, 110, 491, 82, 201, 473, 272, 410, 56, 445, 422, 341, 439, 453, 437, 20, 1, 21, 85, 364, 24, 332, 141, 278, 334, 155, 188, 286, 103, 435, 408, 100, 414, 32, 178, 103, 342, 266, 110, 311, 122, 307, 9, 323, 389, 476, 388, 316, 101, 86, 97, 318, 188, 402, 45, 180, 164, 34, 470, 116, 301, 350, 275, 126, 75, 76, 215, 468, 477, 334, 312, 46, 165, 313, 71, 156, 189, 446, 408, 179, 99, 244, 380, 24, 417, 269, 149, 47, 120, 346, 422, 349, 102, 247, 324, 299, 6, 386, 107, 354, 177, 270, 392, 23, 94, 200, 316, 314, 0, 249, 332, 29, 73, 446, 311, 342, 371, 294, 496, 10, 417, 262, 208, 460, 120, 268, 410, 9, 102, 366, 275, 57, 8, 429, 190, 22, 435, 245, 392, 459, 225, 185, 482, 408, 374, 27, 265, 306, 94, 272, 237, 252, 14]
Tree:
None
Fitness on 5000 data:
-120.42626621458308

Fitness:
-120.42626621458308