generation median_fitness fitness_25perc fitness_75perc
2 -126.59890686164798 -126.60123071764068 -126.58949190788013
3 -93.24347334632832 -126.60123071764068 -93.23452315061022
4 -93.24347334632832 -126.60123071764068 -93.23452315061022
5 -114.68289641062952 -115.54291139342658 -93.24123579739879
6 -93.24347334632832 -113.83184476746686 -93.23452315061022
7 -93.23899824846927 -97.96783826741725 -93.2300855862076
8 -93.23452315061022 -93.23899824846927 -93.22564802180497
9 -88.16076076913659 -88.17835358944754 -88.15544940778545
10 -88.17835358944754 -91.56712962679768 -88.15810508846103
11 -88.17835358944754 -91.56712962679768 -88.15810508846103
12 -88.17217239463966 -101.50824238470273 -88.16076076913659
13 -88.17217239463966 -101.50824238470273 -88.16076076913659
14 -88.17217239463966 -101.50824238470273 -88.15013804643434
15 -88.15013804643434 -101.50824238470273 -87.00323460943584
16 -87.70438462815177 -101.50824238470273 -87.00323460943584
17 -87.00323460943584 -87.3538096187938 -86.63361267059958
18 -85.75196139937786 -86.72817301376482 -85.57371836526413
19 -85.751944776696 -86.7281647024239 -85.57371005392321
20 -85.751944776696 -85.89828825525845 -85.57371005392321
21 -85.751944776696 -85.89828825525845 -85.57371005392321
22 -84.0124679611535 -84.69229316196027 -83.76433806074527
23 -84.0124679611535 -84.63273700982306 -83.76433806074527
24 -84.0124679611535 -84.63273700982306 -83.76433806074527
25 -84.0124679611535 -84.63273700982306 -83.76433806074527
26 -84.0124679611535 -84.63053154132137 -83.76433806074527
27 -84.0124679611535 -84.1979373611015 -83.76433806074527
28 -84.0124679611535 -84.1979373611015 -83.76433806074527
29 -84.0124679611535 -84.1979373611015 -83.76433806074527
30 -84.0124679611535 -84.1979373611015 -82.0343376673838
31 -84.0124679611535 -84.1979373611015 -82.0343376673838
32 -83.6671034037663 -83.8397856824599 -81.8616553886902
33 -83.6671034037663 -83.8397856824599 -81.8616553886902
34 -83.6671034037663 -83.8397856824599 -81.82934427226627
35 -83.6671034037663 -83.8397856824599 -81.82934427226627
36 -83.8397856824599 -85.13625459040237 -82.74822383801629
37 -83.8397856824599 -85.13625459040237 -82.74822383801629
38 -83.83881500222265 -85.13625459040237 -82.74676781766038
39 -83.83881500222265 -85.13625459040237 -82.74676781766038
40 -83.83881500222265 -85.13625459040237 -82.74676781766038
41 -84.0124679611535 -86.26004121965124 -82.00202655095987
42 -84.0124679611535 -85.95710814648243 -82.00202655095987
43 -81.26829110174559 -82.37613839662887 -80.6299381212559
44 -80.6299381212559 -80.94911461150075 -80.31076163101106
45 -80.6299381212559 -80.94911461150075 -80.31076163101106
46 -80.6299381212559 -80.94911461150075 -80.31076163101106
47 -80.6299381212559 -80.94911461150075 -80.31076163101106
48 -80.6299381212559 -80.94911461150075 -80.31076163101106
49 -80.6299381212559 -80.94911461150075 -80.31076163101106
50 -80.6299381212559 -80.94911461150075 -80.31076163101106
51 -80.6299381212559 -80.94911461150075 -80.31076163101106
52 -79.94645069741199 -80.6073708995788 -79.2855304952452
53 -79.94645069741199 -80.6073708995788 -79.2855304952452
54 -79.94645069741199 -80.6073708995788 -79.2855304952452
55 -79.94645069741199 -80.6073708995788 -79.2855304952452
56 -79.94645069741199 -80.6073708995788 -79.2855304952452
57 -79.94645069741199 -80.6073708995788 -79.2855304952452
58 -81.26829110174559 -81.26829110174559 -81.26829110174559
59 -81.26829110174559 -81.26829110174559 -81.26829110174559
60 -81.26829110174559 -81.26829110174559 -81.26829110174559
61 -81.26829110174559 -81.26829110174559 -81.26829110174559
62 -81.26829110174559 -81.26829110174559 -81.26829110174559
63 -81.26829110174559 -81.26829110174559 -81.26829110174559
67 -78.27021105854014 -78.27021105854014 -78.27021105854014
68 -78.27021105854014 -78.27021105854014 -78.27021105854014
69 -78.27021105854014 -78.27021105854014 -78.27021105854014
74 -75.50677767698436 -75.50677767698436 -75.50677767698436
76 -75.399360354627 -75.399360354627 -75.399360354627
77 -75.399360354627 -75.399360354627 -75.399360354627
78 -75.399360354627 -75.399360354627 -75.399360354627
79 -75.399360354627 -75.399360354627 -75.399360354627
80 -75.399360354627 -75.399360354627 -75.399360354627
81 -75.399360354627 -75.399360354627 -75.399360354627
82 -75.399360354627 -75.399360354627 -75.399360354627
83 -73.82066960841466 -73.82066960841466 -73.82066960841466
84 -73.82066960841466 -73.82066960841466 -73.82066960841466
85 -73.82066960841466 -73.82066960841466 -73.82066960841466
86 -73.82066960841466 -73.82066960841466 -73.82066960841466
87 -73.82066960841466 -73.82066960841466 -73.82066960841466
88 -73.82066960841466 -73.82066960841466 -73.82066960841466
89 -73.82066960841466 -73.82066960841466 -73.82066960841466
90 -73.82066960841466 -73.82066960841466 -73.82066960841466
91 -73.82066960841466 -73.82066960841466 -73.82066960841466
92 -73.82066960841466 -73.82066960841466 -73.82066960841466
93 -73.82066960841466 -73.82066960841466 -73.82066960841466
94 -73.82066960841466 -73.82066960841466 -73.82066960841466
95 -73.82066960841466 -73.82066960841466 -73.82066960841466
96 -73.78093145420695 -73.78093145420695 -73.78093145420695
97 -73.78093145420695 -73.78093145420695 -73.78093145420695
98 -73.78093145420695 -73.78093145420695 -73.78093145420695
99 -73.78093145420695 -73.78093145420695 -73.78093145420695
100 -73.78093145420695 -73.78093145420695 -73.78093145420695
101 -73.78093145420695 -73.78093145420695 -73.78093145420695
102 -73.78093145420695 -73.78093145420695 -73.78093145420695
103 -73.78093145420695 -73.78093145420695 -73.78093145420695
104 -73.78093145420695 -73.78093145420695 -73.78093145420695
105 -73.78093145420695 -73.78093145420695 -73.78093145420695
106 -73.78093145420695 -73.78093145420695 -73.78093145420695
107 -73.78093145420695 -73.78093145420695 -73.78093145420695
108 -73.78093145420695 -73.78093145420695 -73.78093145420695
109 -73.78093145420695 -73.78093145420695 -73.78093145420695
110 -73.78093145420695 -73.78093145420695 -73.78093145420695
111 -73.78093145420695 -73.78093145420695 -73.78093145420695
112 -73.78093145420695 -73.78093145420695 -73.78093145420695
113 -73.78093145420695 -73.78093145420695 -73.78093145420695
114 -73.78093145420695 -73.78093145420695 -73.78093145420695
115 -71.48309779217531 -71.48309779217531 -71.48309779217531
116 -71.48309779217531 -71.48309779217531 -71.48309779217531
117 -71.48309779217531 -71.48309779217531 -71.48309779217531
118 -71.48309779217531 -71.48309779217531 -71.48309779217531
119 -71.48309779217531 -71.48309779217531 -71.48309779217531
120 -71.48309779217531 -71.48309779217531 -71.48309779217531
121 -71.48309779217531 -71.48309779217531 -71.48309779217531
122 -71.48309779217531 -71.48309779217531 -71.48309779217531
123 -71.48309779217531 -71.48309779217531 -71.48309779217531
124 -71.48309779217531 -71.48309779217531 -71.48309779217531
125 -71.48309779217531 -71.48309779217531 -71.48309779217531
126 -71.48309779217531 -71.48309779217531 -71.48309779217531
127 -71.48309779217531 -71.48309779217531 -71.48309779217531
128 -71.48309779217531 -71.48309779217531 -71.48309779217531
129 -71.48309779217531 -71.48309779217531 -71.48309779217531
130 -71.48309779217531 -71.48309779217531 -71.48309779217531
131 -71.48309779217531 -71.48309779217531 -71.48309779217531
132 -71.48309779217531 -71.48309779217531 -71.48309779217531
133 -71.42165182358609 -71.42165182358609 -71.42165182358609
134 -71.42165182358609 -71.42165182358609 -71.42165182358609
135 -71.42165182358609 -71.42165182358609 -71.42165182358609
136 -71.42165182358609 -71.42165182358609 -71.42165182358609
137 -71.42165182358609 -71.42165182358609 -71.42165182358609
138 -71.42165182358609 -71.42165182358609 -71.42165182358609
139 -71.42165182358609 -71.42165182358609 -71.42165182358609
140 -71.42165182358609 -71.42165182358609 -71.42165182358609
141 -71.42165182358609 -71.42165182358609 -71.42165182358609
142 -71.42165182358609 -71.42165182358609 -71.42165182358609
143 -71.42165182358609 -71.42165182358609 -71.42165182358609
144 -71.42165182358609 -71.42165182358609 -71.42165182358609
145 -71.42165182358609 -71.42165182358609 -71.42165182358609
146 -71.42165182358609 -71.42165182358609 -71.42165182358609
147 -71.41358557096349 -71.41358557096349 -71.41358557096349
148 -71.41358557096349 -71.41358557096349 -71.41358557096349
150 -71.28608266624428 -71.28608266624428 -71.28608266624428
151 -71.28608266624428 -71.28608266624428 -71.28608266624428
152 -71.28608266624428 -71.28608266624428 -71.28608266624428
153 -71.28608266624428 -71.28608266624428 -71.28608266624428
154 -71.28608266624428 -71.28608266624428 -71.28608266624428
155 -71.28608266624428 -71.28608266624428 -71.28608266624428
156 -71.28608266624428 -71.28608266624428 -71.28608266624428
157 -71.28608266624428 -71.28608266624428 -71.28608266624428
158 -68.33834839628946 -68.33834839628946 -68.33834839628946
159 -68.33834839628946 -68.33834839628946 -68.33834839628946
160 -68.33834839628946 -68.33834839628946 -68.33834839628946
161 -68.33834839628946 -68.33834839628946 -68.33834839628946
162 -68.33834839628946 -68.33834839628946 -68.33834839628946
163 -68.33834839628946 -68.33834839628946 -68.33834839628946
164 -68.33834839628946 -68.33834839628946 -68.33834839628946
165 -68.33834839628946 -68.33834839628946 -68.33834839628946
166 -68.33834839628946 -68.33834839628946 -68.33834839628946
167 -67.82968425242646 -67.82968425242646 -67.82968425242646
168 -67.82968425242646 -67.82968425242646 -67.82968425242646
169 -67.82968425242646 -67.82968425242646 -67.82968425242646
170 -67.82968425242646 -67.82968425242646 -67.82968425242646
171 -67.82968425242646 -67.82968425242646 -67.82968425242646
172 -67.82968425242646 -67.82968425242646 -67.82968425242646
173 -67.82968425242646 -67.82968425242646 -67.82968425242646
174 -67.82968425242646 -67.82968425242646 -67.82968425242646
175 -67.82968425242646 -67.82968425242646 -67.82968425242646
176 -67.8260688704863 -67.8260688704863 -67.8260688704863
177 -67.8260688704863 -67.8260688704863 -67.8260688704863
178 -67.8260688704863 -67.8260688704863 -67.8260688704863
179 -67.8260688704863 -67.8260688704863 -67.8260688704863
180 -67.8260688704863 -67.8260688704863 -67.8260688704863
181 -67.8260688704863 -67.8260688704863 -67.8260688704863
182 -67.8260688704863 -67.8260688704863 -67.8260688704863
183 -67.8260688704863 -67.8260688704863 -67.8260688704863
184 -67.8260688704863 -67.8260688704863 -67.8260688704863
185 -67.8260688704863 -67.8260688704863 -67.8260688704863
186 -67.8260688704863 -67.8260688704863 -67.8260688704863
187 -67.8260688704863 -67.8260688704863 -67.8260688704863
188 -67.8260688704863 -67.8260688704863 -67.8260688704863
189 -67.8260688704863 -67.8260688704863 -67.8260688704863
190 -67.8260688704863 -67.8260688704863 -67.8260688704863
191 -67.8260688704863 -67.8260688704863 -67.8260688704863
192 -67.79137580494289 -67.79137580494289 -67.79137580494289
193 -67.79137580494289 -67.79137580494289 -67.79137580494289
194 -67.79137580494289 -67.79137580494289 -67.79137580494289
195 -67.77491801984706 -67.77491801984706 -67.77491801984706
196 -67.68484009964989 -67.68484009964989 -67.68484009964989
197 -67.68484009964989 -67.68484009964989 -67.68484009964989
198 -67.68484009964989 -67.68484009964989 -67.68484009964989
199 -67.68484009964989 -67.68484009964989 -67.68484009964989
200 -67.4948201513504 -67.4948201513504 -67.4948201513504
201 -67.4948201513504 -67.4948201513504 -67.4948201513504
202 -67.4948201513504 -67.4948201513504 -67.4948201513504
203 -67.4948201513504 -67.4948201513504 -67.4948201513504
204 -67.4948201513504 -67.4948201513504 -67.4948201513504
205 -67.4948201513504 -67.4948201513504 -67.4948201513504
206 -67.4948201513504 -67.4948201513504 -67.4948201513504
207 -67.4948201513504 -67.4948201513504 -67.4948201513504
208 -67.28737127145408 -67.28737127145408 -67.28737127145408
209 -67.28737127145408 -67.28737127145408 -67.28737127145408
210 -67.28737127145408 -67.28737127145408 -67.28737127145408
211 -67.28737127145408 -67.28737127145408 -67.28737127145408
212 -67.28737127145408 -67.28737127145408 -67.28737127145408
213 -67.28737127145408 -67.28737127145408 -67.28737127145408
214 -67.28737127145408 -67.28737127145408 -67.28737127145408
215 -67.28737127145408 -67.28737127145408 -67.28737127145408
216 -67.28737127145408 -67.28737127145408 -67.28737127145408
217 -67.28737127145408 -67.28737127145408 -67.28737127145408
218 -67.28737127145408 -67.28737127145408 -67.28737127145408
219 -67.28737127145408 -67.28737127145408 -67.28737127145408
220 -67.28737127145408 -67.28737127145408 -67.28737127145408
221 -67.28737127145408 -67.28737127145408 -67.28737127145408
222 -67.28737127145408 -67.28737127145408 -67.28737127145408
223 -67.28737127145408 -67.28737127145408 -67.28737127145408
224 -67.28737127145408 -67.28737127145408 -67.28737127145408
225 -67.28737127145408 -67.28737127145408 -67.28737127145408
226 -67.28737127145408 -67.28737127145408 -67.28737127145408
227 -67.2685760783603 -67.2685760783603 -67.2685760783603
228 -67.2685760783603 -67.2685760783603 -67.2685760783603
229 -67.22675620620716 -67.22675620620716 -67.22675620620716
230 -67.22675620620716 -67.22675620620716 -67.22675620620716
231 -67.22675620620716 -67.22675620620716 -67.22675620620716
232 -67.22675620620716 -67.22675620620716 -67.22675620620716
233 -67.22675620620716 -67.22675620620716 -67.22675620620716
234 -67.22675620620716 -67.22675620620716 -67.22675620620716
235 -67.22675620620716 -67.22675620620716 -67.22675620620716
236 -67.22675620620716 -67.22675620620716 -67.22675620620716
237 -67.22470475313482 -67.22470475313482 -67.22470475313482
238 -67.22470475313482 -67.22470475313482 -67.22470475313482
239 -66.53010352756431 -66.53010352756431 -66.53010352756431
240 -66.53010352756431 -66.53010352756431 -66.53010352756431
241 -66.53010352756431 -66.53010352756431 -66.53010352756431
242 -66.53010352756431 -66.53010352756431 -66.53010352756431
243 -66.53010352756431 -66.53010352756431 -66.53010352756431
244 -66.53010352756431 -66.53010352756431 -66.53010352756431
245 -66.53010352756431 -66.53010352756431 -66.53010352756431
246 -66.53010352756431 -66.53010352756431 -66.53010352756431
247 -66.53010352756431 -66.53010352756431 -66.53010352756431
248 -66.53010352756431 -66.53010352756431 -66.53010352756431
249 -66.53010352756431 -66.53010352756431 -66.53010352756431
