Generation:
798

Phenotype:
4
V1 = gm([7.6e0, +1.1e1, 3.0e0], [2.7e0, +3.2e0, 2.3e0]);
V2 = +V1 * +V1;
V2 = V2 + uniform([-2.0e1, 4.1e1], 2);
V3 = +0.2e1;
V3 = V3 + gm([0.2e0, +0.5e0, 0.2e0], [6.9e1, +8.0e0, 2.0e0]);

Pre-processed Program
:T = gm([0.737864, 0.262136], [11, 3.2], [3, 2.3]);TEMP0 = T * T;P = TEMP0;P = P + uniform([-20.000000, 21.000000], 2);F = 2;F = F + gm([0.002890, 0.997110], [0.5, 8], [0.2, 2]);Genotype:
[345, 465, 428, 304, 18, 295, 255, 307, 426, 500, 211, 344, 191, 371, 243, 19, 3, 80, 394, 272, 307, 172, 497, 430, 199, 468, 93, 232, 472, 498, 92, 333, 182, 456, 422, 317, 180, 140, 462, 323, 132, 216, 141, 367, 497, 94, 263, 42, 240, 401, 428, 84, 81, 41, 279, 258, 418, 423, 429, 164, 110, 382, 125, 174, 409, 103, 148, 290, 292, 148, 350, 182, 400, 295, 42, 258, 330, 172, 244, 336, 423, 326, 159, 11, 278, 250, 28, 310, 112, 463, 442, 60, 0, 387, 47, 456, 248, 242, 220, 20]
Tree:
None
Fitness on 5000 data:
-69.32410564017228

Fitness:
-69.32410564017228