Generation:
398

Phenotype:
3
V1 = uniform([-1.6e0, 1.8e1], 2);
V2 = +8.2e0;
V2 = V2 + gm([0.9e0, +1.8e0, 2.0e0]);
V3 = +V1 * +V1;
V3 = V3 + uniform([-1.7e1, 3.6e1], 2);

Pre-processed Program
:T = uniform([-1.600000, 16.400000], 2);F = 8.2;F = F + gm([1.000000], [1.8], [2]);TEMP0 = T * T;P = TEMP0;P = P + uniform([-17.000000, 19.000000], 2);Genotype:
[446, 350, 279, 443, 76, 449, 393, 71, 46, 218, 47, 481, 388, 275, 105, 82, 224, 309, 283, 310, 98, 382, 446, 398, 377, 388, 204, 480, 9, 220, 326, 384, 431, 488, 468, 188, 142, 240, 110, 21, 476, 335, 268, 88, 466, 2, 18, 486, 430, 499, 108, 239, 33, 61, 357, 363, 267, 213, 166, 433, 409, 113, 418, 399, 2, 75, 27, 44, 9, 248, 47, 300, 419, 377, 163, 281, 348, 27, 214, 423, 197, 171, 353, 422, 82, 449, 11, 412, 330, 54, 445, 121, 480, 318, 433, 227, 172, 89, 72, 241, 314, 236, 236, 201, 424, 409, 113, 500, 230, 2, 75, 27, 319, 9, 115, 64, 300, 419, 251, 117, 281, 75, 27, 214, 184, 197, 346, 353, 422, 433, 49]
Tree:
None
Fitness on 5000 data:
-69.99264878257154

Fitness:
-69.99264878257154