Generation:
798

Phenotype:
3
V1 = uniform([-1.0e0, 1.7e1], 2);
V2 = +8.2e0;
V2 = V2 + gm([1.4e1, +1.8e0, 2.0e0]);
V3 = +V1 * +V1;
V3 = V3 + gm([7.7e0, +1.2e0, 9.3e0]);

Pre-processed Program
:T = uniform([-1.000000, 16.000000], 2);F = 8.2;F = F + gm([1.000000], [1.8], [2]);TEMP0 = T * T;P = TEMP0;P = P + gm([1.000000], [1.2], [9.3]);Genotype:
[121, 350, 246, 497, 359, 449, 359, 71, 80, 220, 37, 481, 77, 275, 301, 206, 224, 199, 172, 100, 98, 382, 450, 88, 446, 258, 457, 341, 464, 89, 326, 384, 431, 198, 396, 188, 142, 240, 46, 21, 476, 335, 324, 490, 90, 6, 76, 142, 306, 12, 108, 360, 100, 27, 377, 216, 422, 474, 51, 62, 32, 157, 39, 143, 44, 431, 394, 468, 388, 142, 240, 110, 311, 338, 335, 204, 88, 466, 6, 318, 201, 424, 409, 113, 500, 230, 2, 75, 27, 319, 9, 115, 64, 300, 419, 251, 117, 281, 75, 27, 214, 184, 197, 346, 353, 422, 433, 49]
Tree:
None
Fitness on 5000 data:
-69.25949204478876

Fitness:
-69.25949204478876