Generation:
300

Phenotype:
1
V1 = gm([2, 7, 3], [48, 11, 2]);
V2 = V1 + V1;
V2 = V2 + gm([34.7, 13, 7]) - uniform([16, 4], 3);
V3 = V1 - V1;
V3 = V3 + 5 * gm([4, 8, 7.3], [11, 48.4, 46.2]);

Pre-processed Program
:F = gm([0.040000, 0.960000], [7, 11], [3, 2]);T = F;T = T + F;T = T;T = T + gm([1.000000], [13], [7]);T = T - uniform([16.000000, 20.000000], 3);P = F;P = P - F;P = P;P = P + 5 * gm([0.266667, 0.733333], [8, 48.4], [7.3, 46.2]);Genotype:
[401, 114, 304, 36, 363, 280, 57, 289, 72, 155, 448, 109, 338, 54, 362, 86, 150, 388, 11, 202, 410, 366, 143, 102, 352, 372, 103, 12, 420, 108, 41, 213, 130, 423, 152, 246, 278, 369, 391, 366, 346, 13, 492, 109, 339, 411, 189, 138, 424, 412, 120, 398, 312, 273, 72, 454, 88, 202, 59, 440, 288, 382, 108, 420, 248, 413, 406, 68, 421, 48, 157, 402, 365, 173, 211, 335, 294, 256, 164, 143, 303, 264, 301, 454, 388, 337, 160, 124, 114, 122, 2, 288, 178, 390, 456, 269, 116, 371, 366, 227, 282, 414, 196, 484, 60, 180, 412, 193, 79, 3, 411, 22, 363, 318, 423, 413, 442, 360, 14, 63, 163, 464, 421, 39, 385, 405, 474, 41, 230, 310, 299, 156, 427, 244, 131, 290, 380, 231, 143, 151, 230, 406, 193, 279, 134, 414, 458, 81, 392, 8, 178, 311, 293, 447, 490, 224, 383, 133, 349, 274, 242, 252, 37, 8]
Tree:
None
Fitness on 5000 data:
-91.3098232990451

Fitness:
[-91.29613508448773, -1]