generation median_fitness fitness_25perc fitness_75perc
0 -169.0928663534205 -169.0958498289615 -169.0898828778795
1 -169.0928663534205 -169.0958498289615 -169.0898828778795
2 -169.0928663534205 -169.0958498289615 -169.0898828778795
4 -160.7768599504078 -160.7768599504078 -160.7768599504078
5 -156.69527804958142 -158.73606899999461 -154.65448709916822
6 -132.7109620274933 -132.7109620274933 -132.7109620274933
7 -137.34671913975382 -139.66459769588408 -135.02884058362358
8 -137.7414960520313 -139.86198615202284 -135.2262290397623
9 -137.7414960520313 -139.86198615202284 -135.0986122550505
10 -139.86198615202284 -140.9222312020186 -138.80174110202705
11 -134.64928525614462 -138.31588075407947 -130.98268975820974
12 -141.98247625201435 -141.98247625201435 -141.98247625201435
13 -126.84173887299711 -134.41210756250572 -119.2713701834885
14 -126.84173887299711 -134.41210756250572 -119.2713701834885
15 -126.84173887299711 -134.41210756250572 -119.2713701834885
16 -111.6965449352461 -111.6965449352461 -111.6965449352461
17 -111.97851295404766 -113.25361538136161 -110.7034105267337
18 -111.97851295404766 -113.25361538136161 -110.7034105267337
19 -111.22200501015789 -112.14769855576603 -110.29631146454973
20 -109.39392023904877 -111.23365617021148 -109.29605953004105
21 -109.39392023904877 -111.23365617021148 -109.29605953004105
22 -109.19819882103333 -109.29605953004105 -105.36473506541975
23 -109.19819882103333 -109.29605953004105 -102.44938931628752
24 -109.19819882103333 -109.29605953004105 -102.44938931628752
25 -109.19819882103333 -109.29605953004105 -102.44938931628752
26 -102.54725002529523 -105.970585132172 -99.12391491841846
27 -102.54725002529523 -105.970585132172 -99.12391491841846
28 -102.52588478862782 -105.95990251383829 -99.09186706341734
29 -102.52588478862782 -105.95990251383829 -99.09186706341734
30 -98.84556332473585 -100.43942031800036 -97.25170633147135
31 -98.84556332473585 -100.43942031800036 -97.25170633147135
32 -98.84556332473585 -100.43942031800036 -97.25170633147135
33 -98.84556332473585 -100.43942031800036 -97.25170633147135
34 -98.71392817907298 -100.37360274516892 -97.05425361297705
35 -102.03327731126485 -103.94621390848883 -98.71392817907298
36 -102.03327731126485 -103.94621390848883 -98.71392817907298
37 -102.03327731126485 -103.94621390848883 -98.71392817907298
38 -102.03327731126485 -103.94621390848883 -98.71392817907298
39 -102.03327731126485 -103.94621390848883 -98.71392817907298
40 -102.03327731126485 -103.94621390848883 -98.71392817907298
41 -102.03327731126485 -103.94621390848883 -98.71392817907298
42 -98.71392817907298 -100.37360274516892 -97.05425361297705
43 -98.71392817907298 -100.37360274516892 -97.05425361297705
44 -98.71392817907298 -100.37360274516892 -97.05425361297705
45 -98.71392817907298 -100.37360274516892 -97.05425361297705
46 -98.71392817907298 -100.37360274516892 -97.05425361297705
47 -98.71392817907298 -100.37360274516892 -97.05425361297705
48 -98.71392817907298 -100.37360274516892 -97.05425361297705
49 -98.71392817907298 -100.37360274516892 -97.05425361297705
50 -98.71392817907298 -100.37360274516892 -97.05425361297705
51 -98.71392817907298 -100.37360274516892 -97.05425361297705
52 -98.44387472657947 -100.23857601892216 -96.64917343423677
53 -98.44387472657947 -100.23857601892216 -96.64917343423677
54 -98.44387472657947 -100.23857601892216 -96.64917343423677
55 -94.58241930341461 -98.30784830733973 -90.8569902994895
56 -94.58241930341461 -98.30784830733973 -90.8569902994895
57 -94.58241930341461 -98.30784830733973 -90.8569902994895
58 -94.51506495116925 -98.2068167789717 -90.8233131233668
59 -94.51506495116925 -98.2068167789717 -90.8233131233668
60 -94.51506495116925 -98.2068167789717 -90.8233131233668
61 -94.51506495116925 -98.2068167789717 -90.8233131233668
62 -94.51506495116925 -98.2068167789717 -90.8233131233668
63 -94.42062396909728 -98.06515530586373 -90.77609263233082
64 -94.24377818744415 -97.97673241503716 -90.51082395985114
65 -94.24377818744415 -97.97673241503716 -90.51082395985114
66 -94.24377818744415 -97.97673241503716 -90.51082395985114
67 -93.85096884479843 -97.78032774371431 -89.92160994588255
68 -93.85096884479843 -97.78032774371431 -89.92160994588255
69 -93.85096884479843 -97.78032774371431 -89.92160994588255
70 -93.85096884479843 -97.78032774371431 -89.92160994588255
71 -93.85096884479843 -97.78032774371431 -89.92160994588255
72 -93.85096884479843 -97.78032774371431 -89.92160994588255
73 -93.85096884479843 -97.78032774371431 -89.92160994588255
74 -93.85096884479843 -97.78032774371431 -89.92160994588255
75 -93.85096884479843 -97.78032774371431 -89.92160994588255
76 -93.85096884479843 -97.78032774371431 -89.92160994588255
77 -93.85096884479843 -97.78032774371431 -89.92160994588255
78 -93.85096884479843 -97.78032774371431 -89.92160994588255
79 -93.85096884479843 -97.78032774371431 -89.92160994588255
80 -93.85096884479843 -97.78032774371431 -89.92160994588255
81 -85.99225104696669 -85.99225104696669 -85.99225104696669
82 -82.65347727188548 -84.32286415942608 -80.98409038434488
83 -82.65347727188548 -84.32286415942608 -80.98409038434488
84 -82.65347727188548 -84.32286415942608 -80.98409038434488
85 -82.65347727188548 -84.32286415942608 -80.98409038434488
86 -82.65347727188548 -84.32286415942608 -80.98409038434488
87 -82.65347727188548 -84.32286415942608 -80.98409038434488
88 -82.65347727188548 -84.32286415942608 -80.98409038434488
89 -82.65347727188548 -84.32286415942608 -80.98409038434488
90 -82.65347727188548 -84.32286415942608 -80.98409038434488
91 -82.65347727188548 -84.32286415942608 -80.98409038434488
92 -82.65347727188548 -84.32286415942608 -80.98409038434488
93 -82.65347727188548 -84.32286415942608 -80.98409038434488
94 -82.65347727188548 -84.32286415942608 -80.98409038434488
95 -82.65347727188548 -84.32286415942608 -80.98409038434488
96 -82.65347727188548 -84.32286415942608 -80.98409038434488
97 -82.65347727188548 -84.32286415942608 -80.98409038434488
98 -82.65347727188548 -84.32286415942608 -80.98409038434488
99 -85.99225104696669 -85.99225104696669 -85.99225104696669
100 -85.99225104696669 -85.99225104696669 -85.99225104696669
101 -85.99225104696669 -85.99225104696669 -85.99225104696669
102 -85.99225104696669 -85.99225104696669 -85.99225104696669
103 -85.99225104696669 -85.99225104696669 -85.99225104696669
104 -85.9747973942677 -85.9747973942677 -85.9747973942677
105 -85.9747973942677 -85.9747973942677 -85.9747973942677
106 -85.9747973942677 -85.9747973942677 -85.9747973942677
107 -85.9747973942677 -85.9747973942677 -85.9747973942677
108 -85.9747973942677 -85.9747973942677 -85.9747973942677
109 -85.9747973942677 -85.9747973942677 -85.9747973942677
110 -85.9747973942677 -85.9747973942677 -85.9747973942677
111 -85.9747973942677 -85.9747973942677 -85.9747973942677
112 -85.9747973942677 -85.9747973942677 -85.9747973942677
113 -85.9747973942677 -85.9747973942677 -85.9747973942677
114 -85.9747973942677 -85.9747973942677 -85.9747973942677
115 -85.9747973942677 -85.9747973942677 -85.9747973942677
116 -85.84615606771371 -85.84615606771371 -85.84615606771371
117 -85.84615606771371 -85.84615606771371 -85.84615606771371
118 -85.84615606771371 -85.84615606771371 -85.84615606771371
119 -85.84615606771371 -85.84615606771371 -85.84615606771371
120 -85.84615606771371 -85.84615606771371 -85.84615606771371
121 -85.84615606771371 -85.84615606771371 -85.84615606771371
122 -85.84615606771371 -85.84615606771371 -85.84615606771371
123 -85.84615606771371 -85.84615606771371 -85.84615606771371
124 -85.82025239080205 -85.82025239080205 -85.82025239080205
125 -85.82025239080205 -85.82025239080205 -85.82025239080205
126 -85.82025239080205 -85.82025239080205 -85.82025239080205
127 -85.22283533598521 -85.22283533598521 -85.22283533598521
128 -85.22283533598521 -85.22283533598521 -85.22283533598521
129 -85.22283533598521 -85.22283533598521 -85.22283533598521
130 -85.22283533598521 -85.22283533598521 -85.22283533598521
131 -85.22283533598521 -85.22283533598521 -85.22283533598521
132 -85.22283533598521 -85.22283533598521 -85.22283533598521
133 -85.22283533598521 -85.22283533598521 -85.22283533598521
134 -85.22283533598521 -85.22283533598521 -85.22283533598521
135 -85.22283533598521 -85.22283533598521 -85.22283533598521
136 -85.22283533598521 -85.22283533598521 -85.22283533598521
137 -85.22283533598521 -85.22283533598521 -85.22283533598521
138 -81.93707310348586 -83.57995421973553 -80.29419198723618
139 -81.93707310348586 -83.57995421973553 -80.29419198723618
140 -81.93707310348586 -83.57995421973553 -80.29419198723618
141 -81.93707310348586 -83.57995421973553 -80.29419198723618
142 -81.93707310348586 -83.57995421973553 -80.29419198723618
143 -85.22283533598521 -85.22283533598521 -85.22283533598521
144 -85.22283533598521 -85.22283533598521 -85.22283533598521
145 -85.22283533598521 -85.22283533598521 -85.22283533598521
146 -85.22283533598521 -85.22283533598521 -85.22283533598521
147 -85.22283533598521 -85.22283533598521 -85.22283533598521
148 -85.22283533598521 -85.22283533598521 -85.22283533598521
149 -84.91525568925137 -84.91525568925137 -84.91525568925137
150 -84.91525568925137 -84.91525568925137 -84.91525568925137
151 -84.91525568925137 -84.91525568925137 -84.91525568925137
152 -84.91525568925137 -84.91525568925137 -84.91525568925137
153 -84.91525568925137 -84.91525568925137 -84.91525568925137
154 -84.91525568925137 -84.91525568925137 -84.91525568925137
155 -84.91525568925137 -84.91525568925137 -84.91525568925137
156 -84.91525568925137 -84.91525568925137 -84.91525568925137
157 -84.91525568925137 -84.91525568925137 -84.91525568925137
177 -82.1507959229181 -82.1507959229181 -82.1507959229181
178 -82.12539477238232 -82.12539477238232 -82.12539477238232
179 -82.12539477238232 -82.12539477238232 -82.12539477238232
