generation median_fitness fitness_25perc fitness_75perc
0 -268.9104278785069 -269.0861144193788 -268.74128439855355
1 -269.26180096025075 -305.52310097452886 -268.9104278785069
2 -266.3998417273362 -305.7185560757679 -212.54313432049494
3 -266.3998417273362 -305.7185560757679 -183.99609304266409
4 -239.0833763276789 -266.52451404009463 -164.96550225748578
5 -159.64674228191421 -201.40614045504913 -156.75610511409454
6 -156.944507110112 -196.8847894392541 -156.69373488348455
7 -156.8177676972458 -195.5353789766348 -150.7254996518102
8 -156.8177676972458 -195.5353789766348 -148.14873603685817
9 -148.3445462030435 -166.75054927520716 -146.545573097416
10 -145.42295630575092 -166.2314983166417 -141.52558183861038
11 -144.97174739546494 -162.872993900027 -133.88777061357342
12 -141.90563401037355 -162.3174547867618 -133.88777061357342
13 -141.38027485703736 -156.29586665494122 -130.26629758968662
14 -141.01687938941456 -150.78401288476886 -130.26629758968662
15 -137.22961144050396 -149.62158679306373 -130.26629758968662
16 -135.2192182313389 -148.83166460550774 -129.52796409516867
17 -131.12577370046148 -147.87676204921829 -128.89436412900886
18 -131.0821896769164 -137.55186945542937 -128.8564517357839
19 -129.04590544290562 -134.5434473393385 -126.35557311065274
20 -127.99221163540409 -131.8338930754432 -126.35557311065274
21 -124.41215840462075 -127.42372888635005 -119.55375984413998
22 -121.77961145076128 -126.2107315524476 -119.45784862983913
23 -120.84179968639022 -125.09148380287601 -115.7304762110149
24 -120.34962200237723 -122.15260611864596 -115.7304762110149
25 -120.34962200237723 -122.15260611864596 -115.09318009603652
26 -120.18652909332238 -120.93771090069106 -115.08371260417626
27 -120.18652909332238 -120.93771090069106 -115.08371260417626
28 -118.4590711620675 -120.93771090069106 -112.33920912620692
29 -118.4590711620675 -120.93771090069106 -108.83892083657761
30 -117.48534892047685 -120.93771090069106 -108.41058610658132
31 -117.48534892047685 -120.93771090069106 -106.93478205727139
32 -116.30639637383902 -120.488453235988 -106.93478205727139
33 -116.29928726601528 -120.488453235988 -106.83497793523989
34 -113.97158703581088 -119.57030645205501 -106.78190595563458
35 -112.3567242035665 -119.57030645205501 -106.78190595563458
36 -112.3567242035665 -119.57030645205501 -106.78190595563458
37 -110.40957552761293 -117.64183894310528 -106.5814408903759
38 -110.40957552761293 -116.76659605826322 -106.02662954231863
39 -110.19474557412813 -116.76659605826322 -105.6597529976691
40 -110.19474557412813 -116.76659605826322 -105.1815849504199
41 -110.19474557412813 -116.21027007187132 -105.06697103422943
42 -110.19474557412813 -116.21027007187132 -105.06697103422943
43 -109.31405909045806 -116.21027007187132 -104.66738953734932
44 -109.11036552774671 -116.11193861873659 -104.05826335613001
45 -108.61784126612446 -116.11193861873659 -104.05826335613001
46 -108.50032705556839 -116.11193861873659 -103.38255124839867
47 -106.54051202755701 -115.38328602864532 -102.08766114758748
48 -106.54051202755701 -115.38328602864532 -102.08766114758748
49 -106.54051202755701 -115.30665743108645 -101.74822390687706
50 -106.54051202755701 -115.30665743108645 -101.74822390687706
51 -106.54051202755701 -115.30665743108645 -101.6282311704069
52 -106.33519043871813 -115.30665743108645 -101.29507246644971
53 -106.33519043871813 -114.8874036963521 -101.29507246644971
54 -106.33519043871813 -114.62989332174855 -101.29507246644971
55 -105.81377681181374 -114.62989332174855 -101.29507246644971
56 -105.81377681181374 -114.62989332174855 -101.29507246644971
57 -105.81377681181374 -114.62989332174855 -101.29507246644971
58 -104.79315808282357 -114.62989332174855 -101.1984616502186
59 -104.79315808282357 -110.9287501269001 -101.1984616502186
60 -104.79315808282357 -110.9287501269001 -101.1984616502186
61 -104.43165197420386 -110.84726991238671 -101.07616032395458
62 -104.43165197420386 -110.84726991238671 -101.02085558662722
63 -104.43165197420386 -110.84726991238671 -101.02085558662722
64 -104.43165197420386 -110.84726991238671 -101.02085558662722
65 -104.00805558041735 -109.17573743614523 -100.79827804195415
66 -104.00805558041735 -109.17573743614523 -100.35662298335767
67 -104.00805558041735 -108.89657308565245 -100.35662298335767
68 -104.00805558041735 -108.82979300658458 -100.35662298335767
69 -104.00805558041735 -108.82979300658458 -100.29714372813183
70 -104.00805558041735 -108.803420718085 -100.29714372813183
71 -103.99808596312214 -108.803420718085 -100.29714372813183
72 -103.50423090000353 -108.803420718085 -100.29714372813183
73 -103.50423090000353 -108.77760760813415 -100.29714372813183
74 -103.49399957483232 -108.77731609406769 -100.22573140787978
75 -103.31018532681657 -108.77731609406769 -100.22573140787978
76 -103.31018532681657 -108.77731609406769 -100.22573140787978
77 -103.28291974482022 -108.77731609406769 -100.21908452842054
78 -103.28291974482022 -108.77731609406769 -100.21908452842054
79 -103.16059280593797 -108.77731609406769 -100.21908452842054
80 -103.16059280593797 -108.77731609406769 -100.2102612091203
81 -103.16059280593797 -108.77731609406769 -100.2102612091203
82 -103.12680320273367 -108.77731609406769 -100.10373756689798
83 -103.12680320273367 -108.77731609406769 -100.08792541439783
84 -103.12680320273367 -108.77731609406769 -99.12447334329272
85 -103.0788347585245 -108.70776000769192 -99.12447334329272
86 -103.06071115368565 -108.70776000769192 -99.12447334329272
87 -103.04576033886325 -108.70776000769192 -99.12447334329272
88 -103.04576033886325 -108.70776000769192 -99.10706106477666
89 -103.04576033886325 -108.70776000769192 -99.10706106477666
90 -103.04576033886325 -108.70776000769192 -99.10706106477666
91 -103.04576033886325 -108.70776000769192 -99.10706106477666
92 -103.04576033886325 -108.70776000769192 -99.10706106477666
93 -103.0435220094331 -107.1574524639306 -99.10706106477666
94 -103.0435220094331 -107.14935958668387 -99.00822524969874
95 -103.03565659123683 -107.14935958668387 -99.00822524969874
96 -102.79036048607158 -107.14678403182559 -99.00822524969874
97 -102.77692332652653 -107.04642758623281 -99.00822524969874
98 -102.77692332652653 -107.04642758623281 -98.4055180514682
99 -102.77692332652653 -107.04642758623281 -98.4055180514682
100 -102.77692332652653 -107.04642758623281 -98.4055180514682
101 -102.77692332652653 -106.26027398449514 -98.33517851566938
102 -102.77692332652653 -106.26027398449514 -98.33517851566938
103 -102.77692332652653 -106.12844911420802 -98.33517851566938
104 -102.77692332652653 -106.12453139358159 -98.32643107096786
105 -102.77067229105256 -106.12453139358159 -98.32643107096786
106 -102.77067229105256 -106.12453139358159 -98.32643107096786
107 -102.77067229105256 -106.11632752906266 -98.32643107096786
108 -102.14447737990442 -105.68858194624939 -98.31811103800025
109 -101.80503937596266 -105.68858194624939 -98.26249704432955
110 -101.80503937596266 -105.26120621194359 -98.2397673250153
111 -101.80503937596266 -105.2454776202827 -98.2397673250153
112 -101.80503937596266 -105.2454776202827 -97.917277755425
113 -101.4978611348331 -104.94535599435427 -97.917277755425
114 -101.4978611348331 -104.94535599435427 -97.917277755425
115 -101.4978611348331 -104.94535599435427 -97.917277755425
116 -101.4978611348331 -104.94535599435427 -97.917277755425
117 -101.4978611348331 -104.94535599435427 -97.90298675808458
118 -101.49721103069699 -103.34646966668082 -97.90298675808458
119 -101.48844467002506 -103.34646966668082 -97.90298675808458
120 -101.48844467002506 -103.34646966668082 -97.90298675808458
121 -101.48844467002506 -103.34646966668082 -97.90298675808458
122 -101.48844467002506 -103.34646966668082 -97.3811587294221
123 -101.03576981836542 -103.34646966668082 -97.38007767584091
124 -100.94706105479469 -103.34646966668082 -97.38007767584091
125 -100.94706105479469 -103.34646966668082 -97.08549406600987
126 -100.94706105479469 -103.34196588620574 -96.75952693981256
127 -100.94444205210173 -103.33692413216193 -96.75952693981256
128 -100.94444205210173 -103.33692413216193 -95.39081157158267
129 -100.78670613807536 -103.33692413216193 -95.39081157158267
130 -100.76380201833348 -102.78911528739039 -95.39081157158267
131 -100.10074543562928 -102.25201514297136 -94.6137189386632
132 -100.10074543562928 -102.25201514297136 -94.6075949496553
133 -100.10074543562928 -102.25067880301343 -94.6075949496553
134 -100.10074543562928 -102.25067880301343 -94.6075949496553
135 -100.10074543562928 -102.25067880301343 -94.6075949496553
136 -100.10074543562928 -102.25067880301343 -94.6075949496553
137 -100.10074543562928 -102.25067880301343 -94.59262663484391
138 -100.10074543562928 -102.25067880301343 -94.59262663484391
139 -100.10074543562928 -102.25067880301343 -94.59262663484391
140 -100.10074543562928 -102.25067880301343 -94.59262663484391
141 -100.10074543562928 -102.25067880301343 -94.59262663484391
142 -100.10074543562928 -102.24829633884816 -94.59262663484391
143 -100.09681189517548 -102.24829633884816 -94.59262663484391
144 -100.09681189517548 -102.24829633884816 -94.59262663484391
145 -100.09681189517548 -102.24829633884816 -94.57712260618563
146 -100.08095417586306 -102.24829633884816 -94.57712260618563
147 -99.90561794778348 -102.24829633884816 -94.57712260618563
148 -99.90561794778348 -102.24829633884816 -94.53846986680664
149 -99.90561794778348 -102.24829633884816 -94.53846986680664
150 -99.90561794778348 -102.22627168890305 -94.53846986680664
151 -99.90561794778348 -102.22627168890305 -94.53846986680664
152 -99.90561794778348 -102.21276963714278 -94.53846986680664
153 -99.90099548997253 -102.21276963714278 -94.53846986680664
154 -99.89968194253424 -102.21276963714278 -94.53846986680664
155 -99.89968194253424 -102.21276963714278 -94.53238504868142
156 -99.89968194253424 -102.21276963714278 -94.5065705816927
157 -99.89968194253424 -102.21276963714278 -94.5065705816927
158 -99.88104712832639 -102.21276963714278 -94.5065705816927
159 -99.88104712832639 -102.21276963714278 -94.5065705816927
160 -99.82149289097991 -102.21276963714278 -94.5065705816927
161 -99.82149289097991 -102.21017931537247 -94.5065705816927
162 -99.31133109736749 -102.21017931537247 -94.5065705816927
163 -99.31133109736749 -102.21017931537247 -94.5065705816927
164 -99.31133109736749 -102.21017931537247 -94.5065705816927
165 -99.31133109736749 -102.21017931537247 -94.5065705816927
166 -99.31133109736749 -102.19146374717863 -94.5065705816927
167 -99.31133109736749 -102.19146374717863 -94.5065705816927
168 -99.2950435327742 -102.19146374717863 -94.5065705816927
169 -99.2950435327742 -102.1904774940708 -94.5065705816927
170 -99.2950435327742 -102.1904774940708 -94.5065705816927
171 -99.2950435327742 -102.18307443991016 -94.5065705816927
172 -99.2950435327742 -102.18307443991016 -94.5065705816927
173 -97.71060181187737 -100.06357433975785 -94.0214114868088
174 -97.71060181187737 -100.06357433975785 -94.0214114868088
175 -97.71060181187737 -100.06357433975785 -94.0214114868088
176 -97.71060181187737 -100.06357433975785 -94.0214114868088
177 -97.71060181187737 -100.06357433975785 -94.0214114868088
178 -97.71060181187737 -100.06357433975785 -94.0214114868088
179 -97.71060181187737 -100.05977290282178 -94.0214114868088
180 -97.71060181187737 -100.05977290282178 -94.0214114868088
181 -97.71044408999917 -100.05977290282178 -94.0214114868088
182 -97.71044408999917 -100.05977290282178 -94.0214114868088
183 -97.71044408999917 -100.05977290282178 -94.0214114868088
184 -97.71044408999917 -100.05977290282178 -94.0214114868088
185 -97.7081108433151 -99.74088817040243 -94.0074881248049
186 -97.7081108433151 -99.74088817040243 -94.0074881248049
187 -97.2308864747433 -99.71164659527018 -94.0074881248049
188 -97.2308864747433 -99.71164659527018 -94.0074881248049
189 -97.2308864747433 -99.71164659527018 -94.0074881248049
190 -97.20342439489272 -99.71164659527018 -94.0074881248049
191 -97.20342439489272 -99.71164659527018 -94.0061997827138
192 -97.20342439489272 -99.71164659527018 -94.0061997827138
193 -97.20342439489272 -99.71164659527018 -94.0061997827138
194 -97.20342439489272 -99.71164659527018 -94.0061997827138
195 -97.20342439489272 -99.71164659527018 -94.0061997827138
196 -97.20342439489272 -99.71164659527018 -94.0061997827138
197 -97.20342439489272 -99.71164659527018 -94.0061997827138
198 -96.65943421388582 -99.4730344109843 -94.0061997827138
199 -96.65943421388582 -99.4730344109843 -94.0061997827138
200 -96.65943421388582 -99.42421849296898 -93.78195459525597
201 -96.65943421388582 -99.42421849296898 -93.67651232321889
202 -96.65943421388582 -99.3367290496389 -93.67651232321889
203 -96.65943421388582 -99.3367290496389 -93.67651232321889
204 -96.65943421388582 -99.3367290496389 -93.67651232321889
205 -96.65943421388582 -99.3367290496389 -93.67651232321889
206 -96.65943421388582 -99.3367290496389 -93.67651232321889
207 -96.65943421388582 -99.20002903555128 -93.67651232321889
208 -96.65943421388582 -99.07414002395942 -93.67651232321889
209 -96.65943421388582 -99.06518736530695 -93.67651232321889
210 -96.65943421388582 -99.06518736530695 -93.67651232321889
211 -96.65943421388582 -99.06518736530695 -93.67651232321889
212 -96.65943421388582 -99.06518736530695 -93.67651232321889
213 -96.65943421388582 -99.06518736530695 -93.67651232321889
214 -96.65943421388582 -99.06518736530695 -93.66451614399642
215 -96.65943421388582 -99.0504973956904 -93.66451614399642
216 -96.65943421388582 -99.0504973956904 -93.60105209861572
217 -96.65943421388582 -98.65230432557726 -93.60105209861572
218 -96.65943421388582 -98.65230432557726 -93.60105209861572
219 -96.65943421388582 -98.65230432557726 -93.60105209861572
220 -96.65943421388582 -98.65230432557726 -93.60105209861572
221 -96.65943421388582 -98.65230432557726 -93.60105209861572
222 -96.65943421388582 -98.65230432557726 -93.57871804391928
223 -96.65943421388582 -98.65214143482953 -93.57871804391928
224 -96.5574351779708 -98.65214143482953 -93.57871804391928
225 -96.5574351779708 -98.65214143482953 -93.57871804391928
226 -96.5574351779708 -98.65214143482953 -93.57871804391928
227 -96.5574351779708 -98.61878232212807 -93.57871804391928
228 -96.5574351779708 -98.61878232212807 -93.57871804391928
229 -96.5574351779708 -98.61878232212807 -93.57871804391928
230 -96.5574351779708 -98.61878232212807 -93.57871804391928
231 -96.25812719502144 -98.61878232212807 -93.57871804391928
232 -96.25812719502144 -97.8731645228681 -93.57871804391928
233 -96.25812719502144 -97.8731645228681 -93.57871804391928
234 -96.25812719502144 -97.8731645228681 -93.57871804391928
235 -96.25812719502144 -97.8731645228681 -93.48294232900041
236 -96.25812719502144 -97.8731645228681 -93.48294232900041
237 -96.25812719502144 -97.8731645228681 -93.48294232900041
238 -96.25812719502144 -97.49830933431889 -93.48294232900041
239 -96.12299744158716 -97.42231556310459 -93.48294232900041
240 -96.12299744158716 -97.42231556310459 -93.48294232900041
241 -96.12299744158716 -97.42231556310459 -93.48294232900041
242 -96.12299744158716 -97.3947759329756 -93.48294232900041
243 -96.12299744158716 -97.3947759329756 -93.48294232900041
244 -96.12299744158716 -97.3947759329756 -93.48294232900041
245 -96.12299744158716 -97.37756355239411 -93.48294232900041
246 -96.12299744158716 -97.37756355239411 -93.48294232900041
247 -96.12299744158716 -97.37756355239411 -93.48294232900041
248 -96.12299744158716 -97.37756355239411 -93.48294232900041
249 -96.12299744158716 -97.35023320205812 -93.48294232900041
250 -96.12299744158716 -97.206700317938 -93.48294232900041
251 -96.12299744158716 -97.206700317938 -93.45653797215238
252 -96.12299744158716 -97.206700317938 -93.45653797215238
253 -96.12299744158716 -97.206700317938 -93.45653797215238
254 -96.12299744158716 -97.206700317938 -93.45653797215238
255 -96.12299744158716 -97.18838478990008 -93.29087593161928
256 -96.12299744158716 -97.16512863564506 -93.29087593161928
257 -96.12299744158716 -97.10834243654962 -93.27717705754354
258 -96.12299744158716 -97.10834243654962 -93.27717705754354
259 -96.12299744158716 -97.10834243654962 -93.27717705754354
260 -96.12299744158716 -97.10834243654962 -93.27717705754354
261 -96.12299744158716 -97.10834243654962 -93.27246083210429
262 -96.12299744158716 -97.10588892948476 -93.27246083210429
263 -96.11944055495641 -97.10588892948476 -93.27246083210429
264 -96.11944055495641 -97.10588892948476 -93.27246083210429
265 -96.11944055495641 -97.10588892948476 -93.23912388399123
266 -96.11944055495641 -97.10588892948476 -93.22781337170284
267 -95.54861732167541 -97.10588892948476 -93.22781337170284
268 -95.54861732167541 -97.10588892948476 -93.22781337170284
269 -95.54861732167541 -97.04934467225546 -93.22781337170284
270 -95.54861732167541 -97.04934467225546 -93.22781337170284
271 -95.54861732167541 -97.04256574130814 -93.22781337170284
272 -95.54861732167541 -97.04256574130814 -93.22781337170284
273 -95.45487942016061 -97.03964175188923 -93.22781337170284
274 -95.14973750656064 -97.03964175188923 -93.1850095718556
275 -95.14973750656064 -97.03964175188923 -93.1850095718556
276 -95.14973750656064 -97.03964175188923 -93.18296333030581
277 -95.14973750656064 -97.03964175188923 -93.18296333030581
278 -95.14973750656064 -97.03964175188923 -93.16660716296114
279 -95.14973750656064 -97.03964175188923 -93.16660716296114
280 -95.14973750656064 -97.03964175188923 -93.16660716296114
281 -95.14961427902756 -97.03964175188923 -93.16660716296114
282 -95.14961427902756 -97.03964175188923 -93.13119018795467
283 -95.14961427902756 -97.03964175188923 -91.59435574316169
284 -95.14961427902756 -97.03964175188923 -91.59435574316169
285 -95.14961427902756 -97.03409306640356 -91.37886032537884
286 -95.14961427902756 -97.03409306640356 -91.37886032537884
287 -95.14961427902756 -97.03409306640356 -91.37886032537884
288 -95.14961427902756 -97.03409306640356 -91.37886032537884
289 -95.14961427902756 -97.03409306640356 -91.37886032537884
290 -95.14961427902756 -97.03409306640356 -91.37886032537884
291 -95.14961427902756 -97.03409306640356 -91.37886032537884
292 -95.14961427902756 -97.03409306640356 -91.37886032537884
293 -95.14961427902756 -97.03409306640356 -91.37886032537884
294 -95.14961427902756 -97.03409306640356 -91.37886032537884
295 -95.14961427902756 -97.03409306640356 -91.37886032537884
296 -95.14961427902756 -97.03409306640356 -91.37886032537884
297 -95.14961427902756 -97.03409306640356 -91.37886032537884
298 -95.14961427902756 -97.03409306640356 -91.37886032537884
299 -95.14961427902756 -97.0102929760433 -91.37886032537884
300 -95.14961427902756 -97.0102929760433 -91.37886032537884
