generation median_fitness fitness_25perc fitness_75perc
0 -256.41201624867836 -1811.5357296511197 -247.4682921987681
1 -256.41201624867836 -1811.5357296511197 -247.38117936868724
2 -254.59381204505223 -288.1758084369302 -246.3209824297308
3 -201.28831431862 -223.84076261724084 -201.28510017368717
4 -201.28495706779785 -201.28677879909827 -164.41300018756743
5 -147.26524680800048 -168.99398033508012 -128.44694082622283
6 -151.1482867307704 -166.95622525418503 -128.44694082622283
7 -142.76242838893612 -156.14199037749754 -128.44219741627631
8 -142.76242838893612 -156.14199037749754 -128.44219741627631
9 -134.69177457046766 -147.71599602834837 -127.9985076108841
10 -128.44852196287167 -148.74826749919112 -126.84882800874347
11 -127.03021782277946 -145.5773975309339 -122.64521337740874
12 -125.71572675533247 -143.25621235449879 -122.78450994587776
13 -126.14739243009058 -135.3585840105261 -123.28314845287383
14 -118.92776966842547 -122.20498691955598 -113.4737127473973
15 -118.92776966842547 -122.20498691955598 -113.4737127473973
16 -120.98849422304464 -123.26286670920489 -114.50690966882408
17 -118.10977390945503 -123.04105203275722 -113.2874502038699
18 -113.2874502038699 -116.41918720715705 -112.06275721508314
19 -114.41829954398241 -117.59796183550182 -111.77294472610296
20 -114.41829954398241 -117.59796183550182 -111.77294472610296
21 -112.03147599885838 -115.7522246527655 -111.21351128597205
22 -112.03147599885838 -115.7522246527655 -109.19354974370505
23 -112.85390253230456 -116.23369458759913 -108.61373677632477
24 -112.85390253230456 -116.23369458759913 -108.61373677632477
25 -112.85390253230456 -116.23369458759913 -108.61373677632477
26 -107.45671486781364 -115.38123941364967 -105.94302711688255
27 -107.45671486781364 -115.38123941364967 -105.94302711688255
28 -106.91130459393767 -112.07001808742119 -105.62877865760244
29 -107.25108515243255 -113.67632906575074 -106.57152403544279
30 -107.25108515243255 -112.3402153777315 -106.57152403544279
31 -107.25108515243255 -112.3402153777315 -106.57152403544279
32 -107.25108515243255 -112.3402153777315 -106.57152403544279
33 -106.57152403544279 -111.57466248057572 -104.8120077182174
34 -106.57152403544279 -111.57466248057572 -104.75466420147005
35 -106.57152403544279 -111.57466248057572 -104.75466420147005
36 -106.57152403544279 -111.57466248057572 -104.75466420147005
37 -105.66309411845643 -107.82230864672603 -104.46404113700821
38 -105.66309411845643 -107.82230864672603 -104.46404113700821
39 -105.47678540907455 -107.54284558265323 -104.46404113700821
40 -105.47678540907455 -107.54284558265323 -104.46404113700821
41 -105.47678540907455 -107.54284558265323 -104.46404113700821
42 -105.47678540907455 -107.54284558265323 -104.46404113700821
43 -104.75466420147005 -108.16466334102289 -104.17341807254635
44 -104.17341807254635 -106.45966377124647 -102.91602395041133
45 -104.75466420147005 -108.16466334102289 -104.17341807254635
46 -104.17341807254635 -106.45966377124647 -103.29256634647096
47 -104.75466420147005 -111.57466248057572 -103.59217194362267
48 -104.22512111302322 -111.57466248057572 -103.35106195035954
49 -104.16903094765816 -111.57466248057572 -103.35106195035954
50 -104.16903094765816 -111.57466248057572 -103.35106195035954
51 -103.35106195035954 -104.16903094765816 -102.39374955501582
52 -103.35106195035954 -104.16903094765816 -102.39374955501582
53 -103.35106195035954 -104.16903094765816 -102.39374955501582
54 -103.35106195035954 -104.32754993193427 -101.60399058104532
55 -103.35106195035954 -104.32754993193427 -101.21291154071591
56 -103.35106195035954 -104.32754993193427 -100.86650032668994
57 -103.35106195035954 -104.21227469279007 -100.20201775360289
58 -103.35106195035954 -104.21227469279007 -100.20201775360289
59 -103.35106195035954 -104.21227469279007 -100.20201775360289
60 -103.35106195035954 -104.21227469279007 -98.02568793500726
61 -102.08264677871719 -103.79162583961721 -96.63141609897346
62 -102.08264677871719 -103.79162583961721 -96.63141609897346
63 -100.81435672654797 -103.79162583961721 -95.99727107288885
64 -100.81435672654797 -103.79162583961721 -95.99727107288885
65 -99.84777508372557 -102.86777112894833 -95.9603553480457
66 -99.84777508372557 -102.86777112894833 -95.9603553480457
67 -99.84777508372557 -102.62607528765095 -94.74531167097105
68 -99.84777508372557 -102.62607528765095 -94.72910296705784
69 -99.84777508372557 -102.62607528765095 -94.7246547777018
70 -99.68715497612642 -101.33758861091516 -94.71619585976411
71 -99.34785881984158 -101.16794053277275 -94.71619585976411
72 -98.44263893651325 -100.71533059110857 -94.71619585976411
73 -98.44263893651325 -100.71533059110857 -94.71619585976411
74 -98.44263893651325 -100.71533059110857 -94.71619585976411
75 -98.44263893651325 -100.71533059110857 -94.71619585976411
76 -98.44263893651325 -100.71533059110857 -94.67269942517602
77 -98.44263893651325 -100.71533059110857 -94.67269942517602
78 -98.44263893651325 -100.71533059110857 -94.67269942517602
79 -98.10559226547699 -100.71533059110857 -94.24752630751476
80 -98.10559226547699 -100.71533059110857 -94.24752630751476
81 -98.10559226547699 -100.71533059110857 -94.10082887443858
82 -98.10559226547699 -100.71533059110857 -94.10082887443858
83 -98.10559226547699 -100.71533059110857 -94.10082887443858
84 -98.10559226547699 -100.71533059110857 -94.10082887443858
85 -98.10559226547699 -100.71533059110857 -94.10082887443858
86 -98.10559226547699 -100.19978696685405 -94.10082887443858
87 -98.08388595053196 -100.19388843224897 -94.09587425157116
88 -98.08388595053196 -100.19388843224897 -94.09587425157116
89 -98.08388595053196 -100.19388843224897 -94.09587425157116
90 -97.02460274920963 -99.94381529158007 -93.74143558348675
91 -97.01968446540681 -99.94381529158007 -93.73897644158535
92 -96.45562926161948 -99.15712341745143 -94.29428950953425
93 -96.45562926161948 -99.15712341745143 -94.29428950953425
94 -96.45562926161948 -99.15189546377945 -94.29428950953425
95 -96.45562926161948 -99.15189546377945 -94.29428950953425
96 -96.45562926161948 -99.15189546377945 -94.29428950953425
97 -96.45562926161948 -98.73156101092772 -94.29428950953425
98 -96.45562926161948 -98.73156101092772 -94.29428950953425
99 -96.4472400535007 -98.73156101092772 -94.26550588096015
100 -96.41124396533112 -98.51446286583564 -94.26550588096015
101 -96.41124396533112 -98.51446286583564 -94.26550588096015
102 -96.18827319146835 -98.51446286583564 -94.26550588096015
103 -96.18827319146835 -98.51446286583564 -93.65551003963049
104 -96.18827319146835 -98.16998459685021 -93.65551003963049
105 -96.18827319146835 -98.095727299085 -93.65551003963049
106 -96.18827319146835 -98.095727299085 -93.65551003963049
107 -96.18827319146835 -98.095727299085 -93.43139040844537
108 -96.18827319146835 -98.095727299085 -93.43139040844537
109 -96.18827319146835 -98.095727299085 -93.09903578081476
110 -95.99212818407108 -98.095727299085 -93.09903578081476
111 -95.99212818407108 -98.0095784034694 -93.04556304752549
112 -95.99212818407108 -98.0095784034694 -93.04556304752549
113 -95.99212818407108 -96.44980300521854 -92.5096790669457
114 -95.99212818407108 -96.1923000027655 -92.5096790669457
115 -95.99212818407108 -96.1923000027655 -92.5096790669457
116 -95.99212818407108 -96.1923000027655 -92.15066197220278
117 -94.72479191281697 -96.15888172502324 -92.15066197220278
118 -94.72479191281697 -96.15888172502324 -92.15066197220278
119 -94.72479191281697 -96.15888172502324 -92.15066197220278
120 -94.72479191281697 -96.15888172502324 -92.15015456186478
121 -94.72479191281697 -96.15888172502324 -91.79695958169421
122 -94.72479191281697 -96.15888172502324 -91.79695958169421
123 -94.72479191281697 -96.15888172502324 -91.79695958169421
124 -94.72479191281697 -96.15888172502324 -91.79695958169421
125 -94.72479191281697 -96.15888172502324 -91.79695958169421
126 -94.72479191281697 -96.15888172502324 -91.33712022878854
127 -94.72479191281697 -96.15802253246368 -91.33712022878854
128 -94.72479191281697 -96.15802253246368 -91.33712022878854
129 -94.72479191281697 -96.15802253246368 -91.33712022878854
130 -94.72479191281697 -96.15802253246368 -91.33712022878854
131 -93.68640686698608 -95.67400532741823 -90.68166943260522
132 -93.68640686698608 -95.63841759739488 -90.38677794181822
133 -93.68640686698608 -95.63841759739488 -90.00200444155098
134 -93.52455821484283 -95.55749327132325 -90.00200444155098
135 -93.52455821484283 -95.55749327132325 -90.00200444155098
136 -93.52455821484283 -95.55749327132325 -90.00200444155098
137 -92.8462816996147 -95.55749327132325 -89.18801820118966
138 -92.8462816996147 -95.55749327132325 -89.18801820118966
139 -92.8462816996147 -95.55749327132325 -89.18801820118966
140 -92.8462816996147 -95.55749327132325 -89.13665389577343
141 -92.8462816996147 -95.55749327132325 -89.13665389577343
142 -92.76035695056319 -95.55749327132325 -89.09369152124768
143 -92.76035695056319 -95.55749327132325 -89.03318504508741
144 -92.76035695056319 -95.55749327132325 -88.26057501546507
145 -92.57298164117799 -95.37291125248804 -88.13969580919174
146 -89.13300363699312 -94.646230078197 -86.87523744437667
147 -89.13300363699312 -94.646230078197 -86.87523744437667
148 -89.12623917672593 -94.646230078197 -86.87185521424307
149 -89.10566377900582 -94.646230078197 -86.86156751538302
150 -89.10566377900582 -94.646230078197 -86.86156751538302
151 -89.0203297278654 -91.36081570787485 -86.81890048981279
152 -91.28041690278187 -92.96543777664986 -86.88699360536086
153 -91.44121451296783 -93.20069679312903 -86.92104016313488
154 -91.44121451296783 -93.20069679312903 -86.92104016313488
155 -91.44121451296783 -93.20069679312903 -86.92104016313488
156 -91.44121451296783 -92.3419823009533 -86.92104016313488
157 -91.44121451296783 -92.3419823009533 -86.91574437222226
158 -91.44121451296783 -92.3419823009533 -86.07513203354955
159 -91.44121451296783 -92.3419823009533 -86.07513203354955
160 -89.17847944259505 -93.2005244800145 -85.74126111630883
161 -89.17847944259505 -93.2005244800145 -85.7323906142571
162 -89.17847944259505 -93.2005244800145 -85.7323906142571
163 -89.17847944259505 -93.2005244800145 -85.73141484462711
164 -89.17847944259505 -93.2005244800145 -85.46941989139052
165 -89.17847944259505 -93.2005244800145 -85.46941989139052
166 -89.15942633192572 -93.2005244800145 -84.51456906793348
167 -88.4720565663275 -93.2005244800145 -84.51456906793348
168 -85.14653444294584 -91.66640645996421 -84.26559611194443
169 -85.14653444294584 -91.66640645996421 -84.26559611194443
170 -85.00398538388356 -91.66640645996421 -84.26559611194443
171 -85.00398538388356 -91.66640645996421 -84.26559611194443
172 -84.48357558763738 -86.98747759300733 -83.72729825087403
173 -84.1032137864812 -86.23910773930193 -83.67869844759007
174 -84.1032137864812 -86.23910773930193 -83.67869844759007
175 -84.1032137864812 -86.23910773930193 -83.67869844759007
176 -84.1032137864812 -86.23910773930193 -83.67869844759007
177 -83.94245640844395 -86.20686289863806 -83.67869844759007
178 -83.93913607362447 -86.09257705509302 -83.67869844759007
179 -83.6896002005868 -86.09257705509302 -83.62726910854113
180 -83.6587124240475 -86.09257705509302 -83.4249549518718
181 -83.65206235491507 -86.09257705509302 -83.4249549518718
182 -83.65206235491507 -86.01498822431122 -83.22117371334804
183 -83.65206235491507 -86.01498822431122 -83.22117371334804
184 -83.59270493371373 -86.01498822431122 -82.94171761564158
185 -83.59270493371373 -86.01498822431122 -82.94171761564158
186 -83.59270493371373 -86.01498822431122 -82.94171761564158
187 -83.45745855778875 -86.01498822431122 -82.93536276349185
188 -83.45745855778875 -86.01498822431122 -82.93536276349185
189 -83.45745855778875 -86.01498822431122 -82.93536276349185
190 -83.6662486697908 -90.67371581566051 -83.10247131499173
191 -83.6662486697908 -90.67371581566051 -83.0481258642796
192 -83.6662486697908 -90.67371581566051 -83.0481258642796
193 -83.6662486697908 -90.67371581566051 -82.43403710899223
194 -83.6662486697908 -90.67371581566051 -82.43403710899223
195 -83.0481258642796 -90.67371581566051 -82.40506270708951
196 -83.0481258642796 -90.67371581566051 -82.40506270708951
197 -83.0481258642796 -90.67371581566051 -82.39293511504431
198 -83.0481258642796 -90.67371581566051 -82.39293511504431
199 -83.0481258642796 -90.67371581566051 -82.39293511504431
200 -82.80451808250908 -85.41216396950884 -82.35185999751273
201 -82.80451808250908 -85.41216396950884 -82.35185999751273
202 -82.80451808250908 -85.39618395666398 -82.05697412509898
203 -82.80451808250908 -85.3559664526573 -82.05697412509898
204 -82.80451808250908 -85.3559664526573 -82.05697412509898
205 -82.80451808250908 -85.3559664526573 -82.04672746677755
206 -82.80451808250908 -85.30022394333656 -82.04672746677755
207 -82.80451808250908 -85.30022394333656 -82.04672746677755
208 -82.80451808250908 -85.30022394333656 -81.99442055318852
209 -82.80451808250908 -85.27067585457752 -81.99442055318852
210 -83.0481258642796 -90.10991966870353 -82.22863464491799
211 -83.0481258642796 -90.10991966870353 -82.22863464491799
212 -83.0481258642796 -90.10991966870353 -82.22863464491799
213 -83.0481258642796 -90.10991966870353 -82.22863464491799
214 -82.56091030073856 -85.86866615608696 -82.0766407183404
215 -82.56091030073856 -85.86866615608696 -82.0766407183404
216 -82.56091030073856 -85.86866615608696 -82.0766407183404
217 -82.56091030073856 -85.86866615608696 -82.0766407183404
218 -82.56091030073856 -85.86866615608696 -82.05259406208467
219 -82.56091030073856 -85.86866615608696 -82.05259406208467
220 -82.56091030073856 -85.86866615608696 -82.05259406208467
221 -82.56091030073856 -85.86866615608696 -82.05259406208467
222 -82.51090127571663 -85.86866615608696 -82.05259406208467
223 -82.34472248403407 -85.86866615608696 -82.05259406208467
224 -82.34472248403407 -85.86866615608696 -82.05259406208467
225 -82.34472248403407 -85.86866615608696 -82.05259406208467
226 -82.22863464491799 -85.86866615608696 -82.05259406208467
227 -82.22863464491799 -85.86866615608696 -82.05259406208467
228 -82.13550941291145 -85.86866615608696 -81.1490337555717
229 -82.13550941291145 -85.86866615608696 -81.1490337555717
230 -82.13550941291145 -85.86866615608696 -81.1490337555717
231 -82.13550941291145 -85.86866615608696 -81.1490337555717
232 -82.13550941291145 -85.86866615608696 -81.1490337555717
233 -82.13550941291145 -85.86866615608696 -81.1490337555717
234 -82.13550941291145 -85.86866615608696 -81.1490337555717
235 -82.13550941291145 -85.86866615608696 -81.1490337555717
236 -82.13550941291145 -85.86866615608696 -81.1490337555717
237 -82.13550941291145 -85.86866615608696 -81.1490337555717
238 -82.13550941291145 -85.86866615608696 -81.1490337555717
239 -82.13550941291145 -85.86866615608696 -81.1490337555717
240 -81.72513993531621 -85.86866615608696 -80.73620586573952
241 -81.72513993531621 -85.86866615608696 -80.73620586573952
242 -81.72012414466218 -85.86585405114296 -80.73620586573952
243 -81.72012414466218 -85.86585405114296 -80.69217902658227
244 -81.72012414466218 -85.86585405114296 -80.69217902658227
245 -81.72012414466218 -85.86585405114296 -80.69217902658227
246 -81.72012414466218 -85.86585405114296 -80.69217902658227
247 -81.72012414466218 -85.86585405114296 -80.69217902658227
248 -81.72012414466218 -85.86585405114296 -80.69217902658227
249 -81.72012414466218 -85.86585405114296 -80.69217902658227
250 -81.6993616404852 -85.86585405114296 -80.69217902658227
251 -81.6522336590742 -85.86585405114296 -80.69217902658227
252 -81.6522336590742 -85.86585405114296 -80.69217902658227
253 -81.6522336590742 -85.86585405114296 -80.69217902658227
254 -81.6522336590742 -85.86585405114296 -80.69217902658227
255 -81.6522336590742 -85.86585405114296 -80.69217902658227
256 -81.63680399593369 -85.86585405114296 -80.69217902658227
257 -81.63680399593369 -85.86585405114296 -80.69217902658227
258 -81.63680399593369 -85.86585405114296 -80.69217902658227
259 -81.63680399593369 -85.86585405114296 -80.69217902658227
260 -81.63436493888636 -85.86585405114296 -80.69217902658227
261 -81.63436493888636 -85.86585405114296 -80.69217902658227
262 -81.60550056088894 -85.86585405114296 -79.69695001723913
263 -81.60550056088894 -85.28580696688479 -79.69695001723913
264 -81.5996489748155 -85.28580696688479 -79.69695001723913
265 -81.5996489748155 -85.28580696688479 -79.69695001723913
266 -81.5996489748155 -85.28580696688479 -79.69695001723913
267 -81.5996489748155 -85.28580696688479 -79.51333905690555
268 -81.5996489748155 -85.28580696688479 -79.51333905690555
269 -81.5996489748155 -85.10229472249843 -79.51333905690555
270 -81.5996489748155 -85.10229472249843 -79.51333905690555
271 -81.59743425710164 -85.10229472249843 -79.51333905690555
272 -81.59743425710164 -85.10229472249843 -79.51333905690555
273 -81.59743425710164 -85.10229472249843 -79.51333905690555
274 -81.59743425710164 -85.10229472249843 -79.51333905690555
275 -81.59743425710164 -85.10229472249843 -79.51333905690555
276 -81.59743425710164 -85.10229472249843 -79.51333905690555
277 -81.59743425710164 -85.10229472249843 -79.51333905690555
278 -81.59743425710164 -85.10229472249843 -79.51333905690555
279 -81.5595779572817 -85.10229472249843 -79.51333905690555
280 -81.5595779572817 -85.10229472249843 -79.51333905690555
281 -81.5595779572817 -85.10229472249843 -79.51333905690555
282 -81.5595779572817 -85.10229472249843 -79.51333905690555
283 -81.5595779572817 -85.10229472249843 -79.51333905690555
284 -81.5595779572817 -85.10229472249843 -79.51333905690555
285 -81.5595779572817 -85.10229472249843 -79.51333905690555
286 -81.5595779572817 -85.10229472249843 -79.51333905690555
287 -81.5595779572817 -85.10229472249843 -79.51333905690555
288 -81.5595779572817 -85.10229472249843 -79.51333905690555
289 -81.5595779572817 -85.10229472249843 -79.51333905690555
290 -81.5595779572817 -85.10229472249843 -79.51333905690555
291 -81.5595779572817 -85.10229472249843 -79.51333905690555
292 -81.5595779572817 -85.10229472249843 -79.51333905690555
293 -81.5595779572817 -85.10229472249843 -79.51333905690555
294 -81.5595779572817 -85.10229472249843 -79.51333905690555
295 -81.5595779572817 -85.10229472249843 -79.51333905690555
296 -81.5595779572817 -85.10229472249843 -79.51333905690555
297 -81.5595779572817 -85.10229472249843 -79.51333905690555
298 -81.5595779572817 -85.10229472249843 -79.51333905690555
299 -81.5595779572817 -85.10229472249843 -79.51333905690555
300 -81.54681622402197 -85.10229472249843 -79.51333905690555
