Generation:
300

Phenotype:
1
V1 = gm([17.9, 10, 4.1]);
V2 = 0;
V2 = V2 + gm([19, 13.8, 8.1]);
V3 = 17;
V3 = V3 + 6.9 * gm([16.7, 50, 15], [20, 0, 3]);

Pre-processed Program
:F = gm([1.000000], [10], [4.1]);T = 0;T = T;T = T + gm([1.000000], [13.8], [8.1]);P = 17;P = P;P = P + 6.9 * gm([0.455041, 0.544959], [50, 0], [15, 3]);Genotype:
[247, 162, 227, 272, 471, 306, 401, 422, 321, 68, 449, 192, 214, 39, 259, 414, 150, 326, 124, 349, 444, 0, 82, 441, 142, 167, 404, 224, 274, 305, 472, 313, 149, 467, 63, 202, 36, 202, 281, 142, 323, 252, 116, 425, 363, 278, 172, 168, 303, 493, 475, 447, 392, 50, 356, 168, 102, 268, 479, 4, 255, 464, 462, 411, 420, 352, 115, 47, 342, 107, 161, 4, 52, 435, 229, 447, 21, 158, 65, 265, 299, 319, 370, 249, 263, 297, 156, 172, 491, 371, 132, 285, 113, 21, 214, 485, 9, 358, 203, 491, 235, 343, 56, 423, 421, 232, 480, 15, 157, 229, 164, 88, 496, 25, 240, 352, 135, 386, 205, 441, 120, 262, 66, 242, 490, 177, 47, 338, 351, 219, 429, 52, 12, 229, 403, 202, 181, 65, 265, 236, 399, 370, 273, 263, 167, 495, 447, 491, 174, 132, 47, 306, 74, 434, 334, 9, 358, 10, 491, 406, 95, 83, 129, 17, 430, 290]
Tree:
None
Fitness on 5000 data:
-90.30392786686483

Fitness:
[-90.3194651577268, 0]