Generation:
300

Phenotype:
1
V1 = gm([17.1, 10, 4.1]);
V2 = 0;
V2 = V2 + gm([35, 13.1, 9.3]);
V3 = V2;
V3 = V3 + 6.9 * gm([39, 49, 8.7], [40, 0.3, 3.3]) + uniform([5, 6], 2);

Pre-processed Program
:F = gm([1.000000], [10], [4.1]);T = 0;T = T;T = T + gm([1.000000], [13.1], [9.3]);P = T;P = P;P = P + 6.9 * gm([0.493671, 0.506329], [49, 0.3], [8.7, 3.3]);P = P + uniform([5.000000, 11.000000], 2);Genotype:
[32, 12, 127, 366, 147, 184, 385, 422, 165, 272, 99, 122, 214, 377, 259, 126, 314, 354, 124, 493, 214, 0, 98, 441, 374, 456, 404, 228, 86, 345, 472, 63, 13, 315, 299, 214, 36, 118, 168, 393, 175, 226, 64, 19, 363, 341, 282, 144, 15, 74, 447, 474, 304, 149, 314, 168, 168, 412, 40, 81, 255, 119, 179, 411, 488, 352, 105, 47, 342, 107, 328, 257, 61, 435, 229, 447, 21, 158, 65, 265, 299, 319, 370, 249, 263, 297, 156, 172, 491, 371, 132, 285, 113, 21, 214, 485, 9, 358, 203, 491, 235, 343, 56, 423, 421, 232, 480, 15, 157, 229, 164, 88, 496, 25, 240, 352, 135, 386, 205, 441, 120, 262, 66, 242, 490, 177, 47, 338, 351, 219, 429, 52, 12, 229, 403, 202, 181, 65, 265, 236, 399, 370, 273, 263, 167, 495, 447, 491, 174, 132, 47, 306, 74, 434, 334, 9, 358, 10, 491, 406, 95, 83, 129, 17, 430, 290]
Tree:
None
Fitness on 5000 data:
-89.25753423157094

Fitness:
[-89.25015024085882, -1]