Generation:
798

Phenotype:
5
V1 = gm([6.6e0, +9.9e1, 9.9e1]);
V2 = uniform([+6.3e0, 7.3e0], 2);
V3 = gm([3.4e1, +8.7e0, 4.2e0]);

Pre-processed Program
:P = gm([1.000000], [99], [99]);F = uniform([6.300000, 13.600000], 2);T = gm([1.000000], [8.7], [4.2]);Genotype:
[177, 190, 390, 30, 374, 472, 416, 236, 54, 90, 136, 449, 289, 201, 408, 259, 489, 369, 271, 364, 0, 30, 186, 23, 206, 136, 157, 303, 280, 200, 428, 386, 170, 233, 354, 129, 170, 74, 228, 197, 336, 77, 384, 122, 248, 325, 13, 328, 361, 331, 79, 103, 7, 245, 345, 486, 261, 337, 314, 124, 469, 326, 287, 118, 410, 28, 41, 318, 113, 277, 188, 429, 182, 108, 181, 278, 219, 241, 490, 105, 464, 205, 267, 164, 424, 419, 69, 339, 64, 249, 284, 416, 378, 176, 71, 202, 161, 462, 61, 341, 295, 90, 116, 216]
Tree:
None
Fitness on 5000 data:
-89.82403851142944

Fitness:
-89.82403851142944