0	[-187.63784637669576, -1]
1	[-183.07422477777124, -1]
1	[-168.27147197753186, -2]
2	[-5071.932500735453, 0]
2	[-131.71336505749133, -1]
2	[-131.20340903364172, -3]
3	[-201.8424817347455, 0]
3	[-131.71336505749133, -1]
3	[-131.20340903364172, -3]
4	[-201.8424817347455, 0]
4	[-127.6995310292341, -1]
5	[-127.53172653473963, 0]
5	[-98.79111670866963, -3]
6	[-127.53172653473963, 0]
6	[-125.22655566973455, -1]
6	[-98.79111670866963, -3]
7	[-127.53172653473963, 0]
7	[-107.95476577887167, -1]
7	[-98.79111670866963, -3]
8	[-127.53172653473963, 0]
8	[-107.95476577887167, -1]
8	[-98.79111670866963, -3]
9	[-107.46689173193255, 0]
9	[-98.79111670866963, -3]
10	[-106.42209937367686, 0]
10	[-104.10766641302554, -1]
10	[-97.83629805984675, -3]
11	[-106.42209937367686, 0]
11	[-106.42209937367686, 0]
11	[-103.53231116001606, -1]
11	[-89.77718544466003, -3]
12	[-97.50560146655974, 0]
12	[-89.77718544466003, -3]
13	[-97.50560146655974, 0]
13	[-89.77718544466003, -3]
14	[-97.50560146655974, 0]
14	[-89.77718544466003, -3]
15	[-97.47959873090115, 0]
15	[-89.77718544466003, -3]
16	[-93.75524190981399, 0]
16	[-89.76566684954852, -3]
17	[-93.06280741540041, 0]
17	[-89.14413553578555, -3]
18	[-93.06280741540041, 0]
18	[-61.60486918257254, -2]
19	[-91.41246243119716, 0]
19	[-78.99752032795496, -1]
19	[-61.60486918257254, -2]
20	[-91.41246243119716, 0]
20	[-78.99752032795496, -1]
20	[-78.99752032795496, -1]
20	[-61.60486918257254, -2]
21	[-90.25132273650601, 0]
21	[-78.99752032795496, -1]
21	[-78.99752032795496, -1]
21	[-61.60486918257254, -2]
22	[-90.25132273650601, 0]
22	[-77.26781901084856, -1]
22	[-61.60486918257254, -2]
23	[-90.25132273650601, 0]
23	[-77.26781901084856, -1]
23	[-61.60486918257254, -2]
24	[-90.25132273650601, 0]
24	[-77.26781901084856, -1]
24	[-61.60486918257254, -2]
25	[-90.25132273650601, 0]
25	[-73.96835894685216, -1]
25	[-61.60486918257254, -2]
26	[-90.25132273650601, 0]
26	[-73.96835894685216, -1]
26	[-61.60486918257254, -2]
27	[-90.25132273650601, 0]
27	[-73.96835894685216, -1]
27	[-61.60486918257254, -2]
28	[-90.25132273650601, 0]
28	[-73.96835894685216, -1]
28	[-61.60486918257254, -2]
29	[-90.25132273650601, 0]
29	[-73.96835894685216, -1]
29	[-61.60486918257254, -2]
30	[-90.25132273650601, 0]
30	[-73.96835894685216, -1]
30	[-61.60486918257254, -2]
31	[-90.25132273650601, 0]
31	[-73.96835894685216, -1]
31	[-61.60486918257254, -2]
32	[-90.25132273650601, 0]
32	[-72.59127172733102, -1]
32	[-61.60486918257254, -2]
33	[-90.25132273650601, 0]
33	[-72.59127172733102, -1]
33	[-61.60486918257254, -2]
34	[-90.25132273650601, 0]
34	[-72.59127172733102, -1]
34	[-61.60486918257254, -2]
35	[-90.25132273650601, 0]
35	[-72.59127172733102, -1]
35	[-61.60043280948114, -2]
36	[-90.25132273650601, 0]
36	[-71.50405084564552, -1]
36	[-61.22445022978681, -2]
37	[-90.25132273650601, 0]
37	[-71.50405084564552, -1]
37	[-61.22445022978681, -2]
38	[-90.25132273650601, 0]
38	[-71.50405084564552, -1]
38	[-61.22445022978681, -2]
39	[-90.25132273650601, 0]
39	[-71.50405084564552, -1]
39	[-61.22445022978681, -2]
40	[-90.25132273650601, 0]
40	[-71.50405084564552, -1]
40	[-60.8998685466684, -2]
41	[-90.25132273650601, 0]
41	[-71.50405084564552, -1]
41	[-60.8998685466684, -2]
42	[-90.25132273650601, 0]
42	[-71.50405084564552, -1]
42	[-60.8998685466684, -2]
43	[-90.25132273650601, 0]
43	[-71.50405084564552, -1]
43	[-60.8998685466684, -2]
44	[-90.25132273650601, 0]
44	[-71.50405084564552, -1]
44	[-60.8998685466684, -2]
45	[-90.25132273650601, 0]
45	[-71.50405084564552, -1]
45	[-60.8998685466684, -2]
46	[-90.25132273650601, 0]
46	[-71.50405084564552, -1]
46	[-60.8998685466684, -2]
47	[-89.264130288307, 0]
47	[-71.50405084564552, -1]
47	[-60.8998685466684, -2]
48	[-89.264130288307, 0]
48	[-71.50405084564552, -1]
48	[-60.8998685466684, -2]
49	[-89.264130288307, 0]
49	[-71.50405084564552, -1]
49	[-60.8998685466684, -2]
50	[-89.264130288307, 0]
50	[-71.50405084564552, -1]
50	[-56.58513941627579, -2]
51	[-89.264130288307, 0]
51	[-71.50405084564552, -1]
51	[-56.58513941627579, -2]
52	[-89.264130288307, 0]
52	[-71.50405084564552, -1]
52	[-56.58513941627579, -2]
52	[-56.58513941627579, -2]
53	[-89.264130288307, 0]
53	[-71.50405084564552, -1]
53	[-56.54162059824536, -2]
54	[-89.264130288307, 0]
54	[-70.45715304207927, -1]
54	[-56.47874337268103, -2]
55	[-89.264130288307, 0]
55	[-70.45715304207927, -1]
55	[-70.45715304207927, -1]
55	[-56.47874337268103, -2]
56	[-86.68016069989079, 0]
56	[-70.45715304207927, -1]
56	[-70.45715304207927, -1]
56	[-56.47874337268103, -2]
57	[-86.68016069989079, 0]
57	[-70.45715304207927, -1]
57	[-70.45715304207927, -1]
57	[-56.47874337268103, -2]
58	[-86.68016069989079, 0]
58	[-70.45715304207927, -1]
58	[-70.45715304207927, -1]
58	[-56.47874337268103, -2]
59	[-86.68016069989079, 0]
59	[-70.45715304207927, -1]
59	[-70.45715304207927, -1]
59	[-56.47874337268103, -2]
60	[-86.68016069989079, 0]
60	[-69.98488910816882, -1]
60	[-56.47874337268103, -2]
61	[-86.68016069989079, 0]
61	[-69.98488910816882, -1]
61	[-56.47874337268103, -2]
62	[-86.68016069989079, 0]
62	[-69.95375698871956, -1]
62	[-56.47874337268103, -2]
63	[-86.68016069989079, 0]
63	[-69.95375698871956, -1]
63	[-56.47874337268103, -2]
64	[-86.68016069989079, 0]
64	[-69.89682470747371, -1]
64	[-56.47874337268103, -2]
65	[-86.68016069989079, 0]
65	[-69.89682470747371, -1]
65	[-56.47874337268103, -2]
66	[-86.68016069989079, 0]
66	[-69.0995780927047, -1]
66	[-56.47874337268103, -2]
67	[-86.68016069989079, 0]
67	[-66.37577248716507, -1]
67	[-56.47874337268103, -2]
68	[-86.68016069989079, 0]
68	[-66.37577248716507, -1]
68	[-56.47874337268103, -2]
69	[-86.68016069989079, 0]
69	[-66.37577248716507, -1]
69	[-56.47874337268103, -2]
70	[-86.68016069989079, 0]
70	[-65.37567819023155, -1]
70	[-56.47874337268103, -2]
71	[-86.68016069989079, 0]
71	[-65.37567819023155, -1]
71	[-56.155153021289195, -2]
72	[-86.68016069989079, 0]
72	[-65.37567819023155, -1]
72	[-56.155153021289195, -2]
73	[-86.68016069989079, 0]
73	[-65.37567819023155, -1]
73	[-56.155153021289195, -2]
74	[-86.68016069989079, 0]
74	[-65.37567819023155, -1]
74	[-56.155153021289195, -2]
75	[-86.68016069989079, 0]
75	[-65.37567819023155, -1]
75	[-65.37567819023155, -1]
75	[-56.144695187184524, -2]
76	[-85.97004702168147, 0]
76	[-65.37567819023155, -1]
76	[-65.37567819023155, -1]
76	[-56.144695187184524, -2]
77	[-85.97004702168147, 0]
77	[-65.37567819023155, -1]
77	[-65.37567819023155, -1]
77	[-56.144695187184524, -2]
78	[-85.21465596775907, 0]
78	[-64.4132069478683, -1]
78	[-56.144695187184524, -2]
79	[-85.21465596775907, 0]
79	[-64.4132069478683, -1]
79	[-56.14189628775997, -2]
80	[-85.21465596775907, 0]
80	[-64.4132069478683, -1]
80	[-56.14189628775997, -2]
81	[-85.21465596775907, 0]
81	[-64.4132069478683, -1]
81	[-56.14189628775997, -2]
82	[-85.21465596775907, 0]
82	[-64.4132069478683, -1]
82	[-56.14189628775997, -2]
83	[-85.21465596775907, 0]
83	[-64.4132069478683, -1]
83	[-56.14189628775997, -2]
84	[-85.21465596775907, 0]
84	[-64.4132069478683, -1]
84	[-56.14189628775997, -2]
85	[-85.21465596775907, 0]
85	[-64.4132069478683, -1]
85	[-56.14189628775997, -2]
86	[-83.70222407145562, 0]
86	[-64.4132069478683, -1]
86	[-56.14189628775997, -2]
87	[-83.70222407145562, 0]
87	[-64.4132069478683, -1]
87	[-56.1184762632578, -2]
88	[-83.70222407145562, 0]
88	[-64.4132069478683, -1]
88	[-55.93807568048913, -2]
89	[-83.70222407145562, 0]
89	[-64.4132069478683, -1]
89	[-55.93807568048913, -2]
90	[-83.70222407145562, 0]
90	[-64.4132069478683, -1]
90	[-55.93807568048913, -2]
91	[-83.70222407145562, 0]
91	[-64.4132069478683, -1]
91	[-55.894692359047966, -2]
92	[-83.70222407145562, 0]
92	[-64.4132069478683, -1]
92	[-55.894692359047966, -2]
93	[-83.70222407145562, 0]
93	[-64.4132069478683, -1]
93	[-55.894692359047966, -2]
94	[-83.70222407145562, 0]
94	[-64.4132069478683, -1]
94	[-55.894692359047966, -2]
95	[-83.70222407145562, 0]
95	[-64.4132069478683, -1]
95	[-55.894692359047966, -2]
96	[-83.70222407145562, 0]
96	[-64.38539432806445, -1]
96	[-55.894692359047966, -2]
97	[-83.70222407145562, 0]
97	[-64.38539432806445, -1]
97	[-55.894692359047966, -2]
97	[-55.894692359047966, -2]
98	[-83.70222407145562, 0]
98	[-64.38539432806445, -1]
98	[-55.894692359047966, -2]
98	[-55.894692359047966, -2]
99	[-83.70222407145562, 0]
99	[-64.38539432806445, -1]
99	[-55.894692359047966, -2]
99	[-55.894692359047966, -2]
100	[-83.70222407145562, 0]
100	[-64.38539432806445, -1]
100	[-55.894692359047966, -2]
100	[-55.894692359047966, -2]
101	[-83.70222407145562, 0]
101	[-64.36484944163786, -1]
101	[-55.894692359047966, -2]
101	[-55.894692359047966, -2]
102	[-83.70222407145562, 0]
102	[-64.19167783487765, -1]
102	[-55.894692359047966, -2]
102	[-55.894692359047966, -2]
103	[-83.70222407145562, 0]
103	[-64.19167783487765, -1]
103	[-55.894692359047966, -2]
103	[-55.894692359047966, -2]
104	[-83.70222407145562, 0]
104	[-64.19167783487765, -1]
104	[-55.894692359047966, -2]
104	[-55.894692359047966, -2]
105	[-83.70222407145562, 0]
105	[-64.19167783487765, -1]
105	[-55.86131323806103, -2]
106	[-83.70222407145562, 0]
106	[-59.937222158021356, -1]
106	[-55.86131323806103, -2]
107	[-83.70222407145562, 0]
107	[-59.937222158021356, -1]
107	[-55.86131323806103, -2]
108	[-76.80498081516492, 0]
108	[-59.937222158021356, -1]
108	[-55.86131323806103, -2]
109	[-76.80498081516492, 0]
109	[-59.937222158021356, -1]
109	[-55.50704718634061, -2]
110	[-76.80498081516492, 0]
110	[-59.937222158021356, -1]
110	[-55.50704718634061, -2]
111	[-76.80498081516492, 0]
111	[-59.937222158021356, -1]
111	[-55.50704718634061, -2]
112	[-76.80498081516492, 0]
112	[-59.937222158021356, -1]
112	[-55.50704718634061, -2]
113	[-76.80498081516492, 0]
113	[-59.825858665027695, -1]
113	[-55.50704718634061, -2]
114	[-76.80498081516492, 0]
114	[-59.825858665027695, -1]
114	[-55.50704718634061, -2]
114	[-55.50704718634061, -2]
115	[-76.80498081516492, 0]
115	[-59.825858665027695, -1]
115	[-55.50704718634061, -2]
115	[-55.50704718634061, -2]
116	[-76.80498081516492, 0]
116	[-59.825858665027695, -1]
116	[-55.50704718634061, -2]
116	[-55.50704718634061, -2]
117	[-76.80498081516492, 0]
117	[-59.825858665027695, -1]
117	[-55.50704718634061, -2]
117	[-55.50704718634061, -2]
118	[-76.80498081516492, 0]
118	[-59.825858665027695, -1]
118	[-55.50704718634061, -2]
118	[-55.50704718634061, -2]
119	[-76.80498081516492, 0]
119	[-59.825858665027695, -1]
119	[-55.50704718634061, -2]
119	[-55.50704718634061, -2]
120	[-76.80498081516492, 0]
120	[-59.825858665027695, -1]
120	[-55.50704718634061, -2]
120	[-55.50704718634061, -2]
121	[-76.80498081516492, 0]
121	[-59.825858665027695, -1]
121	[-55.50704718634061, -2]
121	[-55.50704718634061, -2]
122	[-76.80498081516492, 0]
122	[-59.825858665027695, -1]
122	[-55.50704718634061, -2]
122	[-55.50704718634061, -2]
123	[-76.80498081516492, 0]
123	[-59.825858665027695, -1]
123	[-55.50704718634061, -2]
123	[-55.50704718634061, -2]
124	[-76.80498081516492, 0]
124	[-59.825858665027695, -1]
124	[-55.50704718634061, -2]
124	[-55.50704718634061, -2]
125	[-76.80498081516492, 0]
125	[-59.825858665027695, -1]
125	[-59.825858665027695, -1]
125	[-55.50704718634061, -2]
125	[-55.50704718634061, -2]
126	[-76.80498081516492, 0]
126	[-59.78667414410968, -1]
126	[-55.4669131016325, -2]
127	[-76.80498081516492, 0]
127	[-59.78667414410968, -1]
127	[-55.4669131016325, -2]
128	[-76.80498081516492, 0]
128	[-59.78667414410968, -1]
128	[-55.4669131016325, -2]
129	[-76.80498081516492, 0]
129	[-59.78667414410968, -1]
129	[-55.4669131016325, -2]
130	[-76.49382582233102, 0]
130	[-59.78667414410968, -1]
130	[-55.4669131016325, -2]
131	[-76.49382582233102, 0]
131	[-59.78667414410968, -1]
131	[-55.4669131016325, -2]
132	[-76.49382582233102, 0]
132	[-59.78667414410968, -1]
132	[-55.46483410111587, -2]
133	[-76.49382582233102, 0]
133	[-59.7265677364357, -1]
133	[-55.46483410111587, -2]
134	[-76.49382582233102, 0]
134	[-59.7265677364357, -1]
134	[-55.46483410111587, -2]
135	[-76.49382582233102, 0]
135	[-59.7265677364357, -1]
135	[-55.46483410111587, -2]
136	[-76.49382582233102, 0]
136	[-59.7265677364357, -1]
136	[-55.46483410111587, -2]
137	[-76.49382582233102, 0]
137	[-59.7265677364357, -1]
137	[-55.46483410111587, -2]
138	[-76.49382582233102, 0]
138	[-59.7265677364357, -1]
138	[-55.46483410111587, -2]
139	[-76.49382582233102, 0]
139	[-59.7265677364357, -1]
139	[-55.46483410111587, -2]
140	[-76.49382582233102, 0]
140	[-59.72609146549216, -1]
140	[-55.46483410111587, -2]
141	[-76.49382582233102, 0]
141	[-59.72609146549216, -1]
141	[-55.3853223485596, -2]
142	[-73.0110587257032, 0]
142	[-59.72609146549216, -1]
142	[-55.3853223485596, -2]
143	[-73.0110587257032, 0]
143	[-59.72609146549216, -1]
143	[-55.3853223485596, -2]
144	[-73.0110587257032, 0]
144	[-59.72609146549216, -1]
144	[-55.3853223485596, -2]
145	[-71.74914184714171, 0]
145	[-59.72609146549216, -1]
145	[-55.3853223485596, -2]
146	[-71.74914184714171, 0]
146	[-59.72609146549216, -1]
146	[-55.3853223485596, -2]
147	[-71.74914184714171, 0]
147	[-59.72609146549216, -1]
147	[-55.3853223485596, -2]
148	[-71.74914184714171, 0]
148	[-59.72609146549216, -1]
148	[-55.3853223485596, -2]
149	[-71.74914184714171, 0]
149	[-59.72609146549216, -1]
149	[-55.3853223485596, -2]
150	[-71.74914184714171, 0]
150	[-59.72609146549216, -1]
150	[-55.3853223485596, -2]
151	[-71.74914184714171, 0]
151	[-59.72609146549216, -1]
151	[-55.3853223485596, -2]
152	[-71.74914184714171, 0]
152	[-59.72609146549216, -1]
152	[-59.72609146549216, -1]
152	[-55.3853223485596, -2]
152	[-55.3853223485596, -2]
153	[-71.74914184714171, 0]
153	[-59.72609146549216, -1]
153	[-59.72609146549216, -1]
153	[-55.34925982474305, -2]
154	[-71.74914184714171, 0]
154	[-59.72609146549216, -1]
154	[-59.72609146549216, -1]
154	[-55.34925982474305, -2]
155	[-71.74914184714171, 0]
155	[-59.65215780733131, -1]
155	[-55.34925982474305, -2]
156	[-71.74914184714171, 0]
156	[-59.65215780733131, -1]
156	[-55.34925982474305, -2]
157	[-71.74914184714171, 0]
157	[-59.65215780733131, -1]
157	[-55.34925982474305, -2]
158	[-71.74914184714171, 0]
158	[-59.65215780733131, -1]
158	[-55.34925982474305, -2]
159	[-71.74914184714171, 0]
159	[-59.65215780733131, -1]
159	[-55.34925982474305, -2]
160	[-71.74914184714171, 0]
160	[-59.65215780733131, -1]
160	[-55.34925982474305, -2]
161	[-71.74914184714171, 0]
161	[-59.65089727102219, -1]
161	[-55.33429416844939, -2]
162	[-71.74914184714171, 0]
162	[-59.65089727102219, -1]
162	[-55.33429416844939, -2]
163	[-71.74914184714171, 0]
163	[-59.65089727102219, -1]
163	[-55.33429416844939, -2]
164	[-71.74914184714171, 0]
164	[-59.644933163821165, -1]
164	[-55.33429416844939, -2]
165	[-71.74914184714171, 0]
165	[-59.644933163821165, -1]
165	[-55.33429416844939, -2]
166	[-71.74914184714171, 0]
166	[-59.644933163821165, -1]
166	[-55.33429416844939, -2]
167	[-71.74914184714171, 0]
167	[-59.644933163821165, -1]
167	[-55.33429416844939, -2]
168	[-71.74914184714171, 0]
168	[-59.644933163821165, -1]
168	[-55.33429416844939, -2]
169	[-71.74914184714171, 0]
169	[-59.644933163821165, -1]
169	[-55.33429416844939, -2]
170	[-71.74914184714171, 0]
170	[-59.644933163821165, -1]
170	[-55.33429416844939, -2]
171	[-71.74914184714171, 0]
171	[-59.644933163821165, -1]
171	[-55.33429416844939, -2]
172	[-71.74914184714171, 0]
172	[-59.644933163821165, -1]
172	[-55.33429416844939, -2]
173	[-71.74914184714171, 0]
173	[-59.644933163821165, -1]
173	[-55.33429416844939, -2]
174	[-71.74914184714171, 0]
174	[-59.545046662645895, -1]
174	[-55.33429416844939, -2]
175	[-71.74914184714171, 0]
175	[-59.545046662645895, -1]
175	[-55.33429416844939, -2]
176	[-71.74914184714171, 0]
176	[-59.545046662645895, -1]
176	[-55.298596226712284, -2]
177	[-71.74914184714171, 0]
177	[-59.545046662645895, -1]
177	[-55.298596226712284, -2]
178	[-71.74914184714171, 0]
178	[-59.47473154635672, -1]
178	[-55.298596226712284, -2]
179	[-71.74914184714171, 0]
179	[-58.482634968780836, -1]
179	[-55.298596226712284, -2]
180	[-71.74914184714171, 0]
180	[-58.482634968780836, -1]
180	[-55.298596226712284, -2]
181	[-71.74914184714171, 0]
181	[-58.482634968780836, -1]
181	[-55.298596226712284, -2]
182	[-71.74914184714171, 0]
182	[-58.482634968780836, -1]
182	[-55.298596226712284, -2]
183	[-71.74914184714171, 0]
183	[-58.482634968780836, -1]
183	[-55.298596226712284, -2]
184	[-71.74914184714171, 0]
184	[-58.482634968780836, -1]
184	[-55.298596226712284, -2]
185	[-71.74914184714171, 0]
185	[-58.482634968780836, -1]
185	[-55.298596226712284, -2]
186	[-71.74914184714171, 0]
186	[-58.482634968780836, -1]
186	[-55.298596226712284, -2]
187	[-71.74914184714171, 0]
187	[-58.482634968780836, -1]
187	[-55.298596226712284, -2]
188	[-71.74914184714171, 0]
188	[-58.482634968780836, -1]
188	[-55.298596226712284, -2]
189	[-71.74914184714171, 0]
189	[-58.482634968780836, -1]
189	[-55.298596226712284, -2]
189	[-55.298596226712284, -2]
190	[-71.74914184714171, 0]
190	[-58.482634968780836, -1]
190	[-55.298596226712284, -2]
190	[-55.298596226712284, -2]
191	[-71.74914184714171, 0]
191	[-58.482634968780836, -1]
191	[-55.298596226712284, -2]
191	[-55.298596226712284, -2]
192	[-71.74914184714171, 0]
192	[-58.482634968780836, -1]
192	[-55.28275426995397, -2]
193	[-71.74914184714171, 0]
193	[-58.482634968780836, -1]
193	[-55.28275426995397, -2]
194	[-71.74914184714171, 0]
194	[-58.482634968780836, -1]
194	[-55.28275426995397, -2]
195	[-71.74914184714171, 0]
195	[-58.482634968780836, -1]
195	[-55.28275426995397, -2]
196	[-71.74914184714171, 0]
196	[-58.482634968780836, -1]
196	[-55.28275426995397, -2]
197	[-71.74914184714171, 0]
197	[-58.482634968780836, -1]
197	[-55.28275426995397, -2]
198	[-71.74914184714171, 0]
198	[-58.482634968780836, -1]
198	[-55.28275426995397, -2]
199	[-71.74914184714171, 0]
199	[-58.482634968780836, -1]
199	[-58.482634968780836, -1]
199	[-55.28275426995397, -2]
200	[-71.74914184714171, 0]
200	[-58.482634968780836, -1]
200	[-58.482634968780836, -1]
200	[-55.274514334931546, -2]
201	[-71.74914184714171, 0]
201	[-58.482634968780836, -1]
201	[-58.482634968780836, -1]
201	[-55.274514334931546, -2]
202	[-71.74914184714171, 0]
202	[-58.47820647565485, -1]
202	[-55.21717928963061, -2]
203	[-71.74914184714171, 0]
203	[-58.47820647565485, -1]
203	[-55.21717928963061, -2]
204	[-71.74914184714171, 0]
204	[-58.47820647565485, -1]
204	[-55.21717928963061, -2]
205	[-71.74914184714171, 0]
205	[-58.47820647565485, -1]
205	[-55.21717928963061, -2]
206	[-71.72783382681858, 0]
206	[-58.42017925178276, -1]
206	[-55.21717928963061, -2]
207	[-71.72783382681858, 0]
207	[-58.42017925178276, -1]
207	[-55.21717928963061, -2]
208	[-71.72783382681858, 0]
208	[-58.42017925178276, -1]
208	[-55.21717928963061, -2]
209	[-71.72783382681858, 0]
209	[-58.42017925178276, -1]
209	[-55.21717928963061, -2]
210	[-71.72783382681858, 0]
210	[-58.42017925178276, -1]
210	[-55.21717928963061, -2]
211	[-71.72783382681858, 0]
211	[-58.42017925178276, -1]
211	[-55.21717928963061, -2]
212	[-71.72783382681858, 0]
212	[-58.41093320054234, -1]
212	[-55.21717928963061, -2]
213	[-71.72783382681858, 0]
213	[-58.41093320054234, -1]
213	[-55.21717928963061, -2]
214	[-71.72783382681858, 0]
214	[-58.41093320054234, -1]
214	[-55.21717928963061, -2]
215	[-71.72783382681858, 0]
215	[-58.41093320054234, -1]
215	[-55.21717928963061, -2]
216	[-71.31360473377262, 0]
216	[-58.41093320054234, -1]
216	[-55.21717928963061, -2]
217	[-71.31360473377262, 0]
217	[-58.41093320054234, -1]
217	[-55.21717928963061, -2]
218	[-71.31360473377262, 0]
218	[-58.41093320054234, -1]
218	[-55.21717928963061, -2]
219	[-71.31360473377262, 0]
219	[-58.41093320054234, -1]
219	[-55.21717928963061, -2]
220	[-71.31360473377262, 0]
220	[-58.41093320054234, -1]
220	[-55.21717928963061, -2]
221	[-70.91764530050499, 0]
221	[-58.41093320054234, -1]
221	[-55.21717928963061, -2]
222	[-70.91764530050499, 0]
222	[-58.41093320054234, -1]
222	[-55.21717928963061, -2]
223	[-70.91764530050499, 0]
223	[-58.41093320054234, -1]
223	[-55.21717928963061, -2]
224	[-70.91764530050499, 0]
224	[-58.41093320054234, -1]
224	[-55.21717928963061, -2]
225	[-70.91764530050499, 0]
225	[-58.41093320054234, -1]
225	[-55.21717928963061, -2]
226	[-70.91764530050499, 0]
226	[-58.40594297732099, -1]
226	[-55.21717928963061, -2]
227	[-70.91764530050499, 0]
227	[-58.40594297732099, -1]
227	[-55.21717928963061, -2]
228	[-70.91764530050499, 0]
228	[-58.40594297732099, -1]
228	[-55.21717928963061, -2]
229	[-70.91764530050499, 0]
229	[-58.40594297732099, -1]
229	[-55.21717928963061, -2]
230	[-70.84544918972402, 0]
230	[-58.40594297732099, -1]
230	[-55.21717928963061, -2]
231	[-70.84544918972402, 0]
231	[-58.40594297732099, -1]
231	[-55.21717928963061, -2]
232	[-70.84544918972402, 0]
232	[-58.396730960719836, -1]
232	[-55.21717928963061, -2]
233	[-70.84544918972402, 0]
233	[-58.396730960719836, -1]
233	[-55.21717928963061, -2]
233	[-55.21717928963061, -2]
234	[-70.84544918972402, 0]
234	[-58.396730960719836, -1]
234	[-55.21717928963061, -2]
234	[-55.21717928963061, -2]
235	[-70.84544918972402, 0]
235	[-58.396730960719836, -1]
235	[-55.21717928963061, -2]
235	[-55.21717928963061, -2]
236	[-70.84544918972402, 0]
236	[-58.396730960719836, -1]
236	[-55.21717928963061, -2]
236	[-55.21717928963061, -2]
237	[-70.84544918972402, 0]
237	[-58.396730960719836, -1]
237	[-55.21717928963061, -2]
237	[-55.21717928963061, -2]
238	[-70.84544918972402, 0]
238	[-58.396730960719836, -1]
238	[-55.21717928963061, -2]
238	[-55.21717928963061, -2]
239	[-70.84544918972402, 0]
239	[-58.396730960719836, -1]
239	[-55.21717928963061, -2]
239	[-55.21717928963061, -2]
240	[-70.84544918972402, 0]
240	[-58.3813031202011, -1]
240	[-55.21717928963061, -2]
240	[-55.21717928963061, -2]
241	[-70.84544918972402, 0]
241	[-58.3813031202011, -1]
241	[-55.21717928963061, -2]
241	[-55.21717928963061, -2]
242	[-70.84544918972402, 0]
242	[-58.3813031202011, -1]
242	[-55.21717928963061, -2]
242	[-55.21717928963061, -2]
243	[-70.84544918972402, 0]
243	[-58.3813031202011, -1]
243	[-55.21717928963061, -2]
243	[-55.21717928963061, -2]
244	[-70.84544918972402, 0]
244	[-58.3813031202011, -1]
244	[-55.21717928963061, -2]
244	[-55.21717928963061, -2]
245	[-70.84544918972402, 0]
245	[-58.3813031202011, -1]
245	[-55.21717928963061, -2]
245	[-55.21717928963061, -2]
246	[-70.14972850542082, 0]
246	[-58.3813031202011, -1]
246	[-55.21717928963061, -2]
246	[-55.21717928963061, -2]
247	[-70.14972850542082, 0]
247	[-58.3813031202011, -1]
247	[-55.21717928963061, -2]
247	[-55.21717928963061, -2]
248	[-70.14972850542082, 0]
248	[-58.3813031202011, -1]
248	[-55.21717928963061, -2]
248	[-55.21717928963061, -2]
249	[-70.14972850542082, 0]
249	[-58.3813031202011, -1]
249	[-55.21717928963061, -2]
249	[-55.21717928963061, -2]
250	[-70.14972850542082, 0]
250	[-58.3813031202011, -1]
250	[-55.21717928963061, -2]
250	[-55.21717928963061, -2]
251	[-70.14972850542082, 0]
251	[-58.37743254980946, -1]
251	[-55.21717928963061, -2]
251	[-55.21717928963061, -2]
252	[-70.14972850542082, 0]
252	[-58.37743254980946, -1]
252	[-55.21717928963061, -2]
252	[-55.21717928963061, -2]
253	[-70.14972850542082, 0]
253	[-58.37743254980946, -1]
253	[-55.21717928963061, -2]
253	[-55.21717928963061, -2]
254	[-70.14972850542082, 0]
254	[-58.37743254980946, -1]
254	[-55.21717928963061, -2]
254	[-55.21717928963061, -2]
254	[-55.21717928963061, -2]
255	[-69.89455677941837, 0]
255	[-58.37743254980946, -1]
255	[-55.21717928963061, -2]
255	[-55.21717928963061, -2]
255	[-55.21717928963061, -2]
256	[-69.89455677941837, 0]
256	[-58.37743254980946, -1]
256	[-55.21717928963061, -2]
256	[-55.21717928963061, -2]
256	[-55.21717928963061, -2]
257	[-69.89455677941837, 0]
257	[-58.37743254980946, -1]
257	[-55.21717928963061, -2]
257	[-55.21717928963061, -2]
257	[-55.21717928963061, -2]
258	[-69.89455677941837, 0]
258	[-58.37743254980946, -1]
258	[-55.21717928963061, -2]
258	[-55.21717928963061, -2]
258	[-55.21717928963061, -2]
259	[-69.89455677941837, 0]
259	[-58.37743254980946, -1]
259	[-55.21717928963061, -2]
259	[-55.21717928963061, -2]
259	[-55.21717928963061, -2]
260	[-69.89455677941837, 0]
260	[-58.37743254980946, -1]
260	[-55.21717928963061, -2]
260	[-55.21717928963061, -2]
260	[-55.21717928963061, -2]
261	[-69.81601498778392, 0]
261	[-58.37743254980946, -1]
261	[-55.21717928963061, -2]
261	[-55.21717928963061, -2]
261	[-55.21717928963061, -2]
262	[-69.81601498778392, 0]
262	[-58.37743254980946, -1]
262	[-55.187389154255854, -2]
263	[-69.81601498778392, 0]
263	[-58.37743254980946, -1]
263	[-55.187389154255854, -2]
264	[-69.81601498778392, 0]
264	[-58.37743254980946, -1]
264	[-55.187389154255854, -2]
265	[-69.81601498778392, 0]
265	[-58.35679586664342, -1]
265	[-55.187389154255854, -2]
266	[-69.81601498778392, 0]
266	[-58.35679586664342, -1]
266	[-55.187389154255854, -2]
267	[-69.81601498778392, 0]
267	[-58.35679586664342, -1]
267	[-55.187389154255854, -2]
268	[-69.81601498778392, 0]
268	[-58.35679586664342, -1]
268	[-55.187389154255854, -2]
269	[-69.81601498778392, 0]
269	[-58.35679586664342, -1]
269	[-55.187389154255854, -2]
270	[-67.6062714212177, 0]
270	[-58.35679586664342, -1]
270	[-55.187389154255854, -2]
271	[-67.6062714212177, 0]
271	[-58.35679586664342, -1]
271	[-55.187389154255854, -2]
272	[-67.6062714212177, 0]
272	[-58.35679586664342, -1]
272	[-55.187389154255854, -2]
273	[-67.6062714212177, 0]
273	[-58.35679586664342, -1]
273	[-55.187389154255854, -2]
274	[-67.6062714212177, 0]
274	[-58.35679586664342, -1]
274	[-58.35679586664342, -1]
274	[-55.187389154255854, -2]
275	[-67.6062714212177, 0]
275	[-58.35679586664342, -1]
275	[-58.35679586664342, -1]
275	[-55.187389154255854, -2]
276	[-67.6062714212177, 0]
276	[-58.35679586664342, -1]
276	[-58.35679586664342, -1]
276	[-55.187389154255854, -2]
277	[-67.6062714212177, 0]
277	[-58.35679586664342, -1]
277	[-58.35679586664342, -1]
277	[-58.35679586664342, -1]
277	[-58.35679586664342, -1]
277	[-55.17757501982149, -2]
278	[-67.6062714212177, 0]
278	[-58.35679586664342, -1]
278	[-58.35679586664342, -1]
278	[-58.35679586664342, -1]
278	[-58.35679586664342, -1]
278	[-58.35679586664342, -1]
278	[-55.17757501982149, -2]
279	[-67.6062714212177, 0]
279	[-58.35679586664342, -1]
279	[-58.35679586664342, -1]
279	[-58.35679586664342, -1]
279	[-58.35679586664342, -1]
279	[-58.35679586664342, -1]
279	[-55.17757501982149, -2]
280	[-67.6062714212177, 0]
280	[-58.35679586664342, -1]
280	[-58.35679586664342, -1]
280	[-58.35679586664342, -1]
280	[-58.35679586664342, -1]
280	[-58.35679586664342, -1]
280	[-55.17757501982149, -2]
281	[-67.6062714212177, 0]
281	[-58.35679586664342, -1]
281	[-58.35679586664342, -1]
281	[-58.35679586664342, -1]
281	[-58.35679586664342, -1]
281	[-58.35679586664342, -1]
281	[-55.17757501982149, -2]
282	[-67.6062714212177, 0]
282	[-58.35679586664342, -1]
282	[-58.35679586664342, -1]
282	[-58.35679586664342, -1]
282	[-58.35679586664342, -1]
282	[-58.35679586664342, -1]
282	[-58.35679586664342, -1]
282	[-55.17757501982149, -2]
283	[-67.6062714212177, 0]
283	[-58.35679586664342, -1]
283	[-58.35679586664342, -1]
283	[-58.35679586664342, -1]
283	[-58.35679586664342, -1]
283	[-58.35679586664342, -1]
283	[-58.35679586664342, -1]
283	[-58.35679586664342, -1]
283	[-55.17757501982149, -2]
284	[-67.6062714212177, 0]
284	[-58.35679586664342, -1]
284	[-58.35679586664342, -1]
284	[-58.35679586664342, -1]
284	[-58.35679586664342, -1]
284	[-58.35679586664342, -1]
284	[-58.35679586664342, -1]
284	[-58.35679586664342, -1]
284	[-58.35679586664342, -1]
284	[-55.17757501982149, -2]
285	[-67.6062714212177, 0]
285	[-58.35679586664342, -1]
285	[-58.35679586664342, -1]
285	[-58.35679586664342, -1]
285	[-58.35679586664342, -1]
285	[-58.35679586664342, -1]
285	[-58.35679586664342, -1]
285	[-58.35679586664342, -1]
285	[-58.35679586664342, -1]
285	[-55.17757501982149, -2]
286	[-67.6062714212177, 0]
286	[-58.35679586664342, -1]
286	[-58.35679586664342, -1]
286	[-58.35679586664342, -1]
286	[-58.35679586664342, -1]
286	[-58.35679586664342, -1]
286	[-58.35679586664342, -1]
286	[-58.35679586664342, -1]
286	[-58.35679586664342, -1]
286	[-55.10801704170666, -2]
287	[-67.6062714212177, 0]
287	[-58.35679586664342, -1]
287	[-58.35679586664342, -1]
287	[-58.35679586664342, -1]
287	[-58.35679586664342, -1]
287	[-58.35679586664342, -1]
287	[-58.35679586664342, -1]
287	[-58.35679586664342, -1]
287	[-58.35679586664342, -1]
287	[-55.10801704170666, -2]
288	[-67.6062714212177, 0]
288	[-58.35679586664342, -1]
288	[-58.35679586664342, -1]
288	[-58.35679586664342, -1]
288	[-58.35679586664342, -1]
288	[-58.35679586664342, -1]
288	[-58.35679586664342, -1]
288	[-58.35679586664342, -1]
288	[-58.35679586664342, -1]
288	[-58.35679586664342, -1]
288	[-58.35679586664342, -1]
288	[-55.10801704170666, -2]
289	[-67.6062714212177, 0]
289	[-58.35679586664342, -1]
289	[-58.35679586664342, -1]
289	[-58.35679586664342, -1]
289	[-58.35679586664342, -1]
289	[-58.35679586664342, -1]
289	[-58.35679586664342, -1]
289	[-58.35679586664342, -1]
289	[-58.35679586664342, -1]
289	[-58.35679586664342, -1]
289	[-58.35679586664342, -1]
289	[-58.35679586664342, -1]
289	[-55.10801704170666, -2]
290	[-67.6062714212177, 0]
290	[-58.35679586664342, -1]
290	[-58.35679586664342, -1]
290	[-58.35679586664342, -1]
290	[-58.35679586664342, -1]
290	[-58.35679586664342, -1]
290	[-58.35679586664342, -1]
290	[-58.35679586664342, -1]
290	[-58.35679586664342, -1]
290	[-58.35679586664342, -1]
290	[-58.35679586664342, -1]
290	[-58.35679586664342, -1]
290	[-58.35679586664342, -1]
290	[-55.10801704170666, -2]
291	[-67.6062714212177, 0]
291	[-58.35679586664342, -1]
291	[-58.35679586664342, -1]
291	[-58.35679586664342, -1]
291	[-58.35679586664342, -1]
291	[-58.35679586664342, -1]
291	[-58.35679586664342, -1]
291	[-58.35679586664342, -1]
291	[-58.35679586664342, -1]
291	[-58.35679586664342, -1]
291	[-58.35679586664342, -1]
291	[-58.35679586664342, -1]
291	[-58.35679586664342, -1]
291	[-58.35679586664342, -1]
291	[-55.10801704170666, -2]
292	[-67.6062714212177, 0]
292	[-58.35679586664342, -1]
292	[-58.35679586664342, -1]
292	[-58.35679586664342, -1]
292	[-58.35679586664342, -1]
292	[-58.35679586664342, -1]
292	[-58.35679586664342, -1]
292	[-58.35679586664342, -1]
292	[-58.35679586664342, -1]
292	[-58.35679586664342, -1]
292	[-58.35679586664342, -1]
292	[-58.35679586664342, -1]
292	[-58.35679586664342, -1]
292	[-58.35679586664342, -1]
292	[-58.35679586664342, -1]
292	[-55.10801704170666, -2]
293	[-67.6062714212177, 0]
293	[-58.35679586664342, -1]
293	[-58.35679586664342, -1]
293	[-58.35679586664342, -1]
293	[-58.35679586664342, -1]
293	[-58.35679586664342, -1]
293	[-58.35679586664342, -1]
293	[-58.35679586664342, -1]
293	[-58.35679586664342, -1]
293	[-58.35679586664342, -1]
293	[-58.35679586664342, -1]
293	[-58.35679586664342, -1]
293	[-58.35679586664342, -1]
293	[-58.35679586664342, -1]
293	[-58.35679586664342, -1]
293	[-58.35679586664342, -1]
293	[-58.35679586664342, -1]
293	[-55.10801704170666, -2]
294	[-67.6062714212177, 0]
294	[-58.35679586664342, -1]
294	[-58.35679586664342, -1]
294	[-58.35679586664342, -1]
294	[-58.35679586664342, -1]
294	[-58.35679586664342, -1]
294	[-58.35679586664342, -1]
294	[-58.35679586664342, -1]
294	[-58.35679586664342, -1]
294	[-58.35679586664342, -1]
294	[-58.35679586664342, -1]
294	[-58.35679586664342, -1]
294	[-58.35679586664342, -1]
294	[-58.35679586664342, -1]
294	[-58.35679586664342, -1]
294	[-58.35679586664342, -1]
294	[-58.35679586664342, -1]
294	[-58.35679586664342, -1]
294	[-55.10801704170666, -2]
295	[-67.6062714212177, 0]
295	[-58.35679586664342, -1]
295	[-58.35679586664342, -1]
295	[-58.35679586664342, -1]
295	[-58.35679586664342, -1]
295	[-58.35679586664342, -1]
295	[-58.35679586664342, -1]
295	[-58.35679586664342, -1]
295	[-58.35679586664342, -1]
295	[-58.35679586664342, -1]
295	[-58.35679586664342, -1]
295	[-58.35679586664342, -1]
295	[-58.35679586664342, -1]
295	[-58.35679586664342, -1]
295	[-58.35679586664342, -1]
295	[-58.35679586664342, -1]
295	[-58.35679586664342, -1]
295	[-58.35679586664342, -1]
295	[-55.10801704170666, -2]
296	[-67.6062714212177, 0]
296	[-58.35679586664342, -1]
296	[-58.35679586664342, -1]
296	[-58.35679586664342, -1]
296	[-58.35679586664342, -1]
296	[-58.35679586664342, -1]
296	[-58.35679586664342, -1]
296	[-58.35679586664342, -1]
296	[-58.35679586664342, -1]
296	[-58.35679586664342, -1]
296	[-58.35679586664342, -1]
296	[-58.35679586664342, -1]
296	[-58.35679586664342, -1]
296	[-58.35679586664342, -1]
296	[-58.35679586664342, -1]
296	[-58.35679586664342, -1]
296	[-58.35679586664342, -1]
296	[-58.35679586664342, -1]
296	[-58.35679586664342, -1]
296	[-55.10801704170666, -2]
