Generation:
1198

Phenotype:
6
V1 = gm([5.0e1, +9.9e0, 3.1e0], [0.0e0, -2.9e0, 0.0e1], [3.5e0, +8.2e0, 0.5e0]);
V2 = uniform([+1.9e0, 6.0e0], 2);
V3 = gm([1.6e1, +9.9e0, 2.0e0]);

Pre-processed Program
:T = gm([0.934579, 0.000000, 0.065421], [9.9, -2.9, 8.2], [3.1, 0, 0.5]);C = uniform([1.900000, 7.900000], 2);F = gm([1.000000], [9.9], [2]);Genotype:
[443, 233, 356, 79, 225, 36, 55, 480, 457, 292, 50, 479, 429, 170, 461, 333, 321, 204, 153, 311, 230, 180, 458, 87, 137, 412, 69, 412, 495, 270, 210, 75, 248, 292, 153, 365, 444, 55, 226, 28, 472, 318, 93, 350, 275, 152, 123, 217, 120, 340, 331, 109, 442, 220, 26, 470, 88, 274, 2, 90, 17, 301, 356, 63, 187, 176, 279, 259, 462, 484, 312, 200, 418, 368, 499, 276, 143, 173, 236, 246]
Tree:
None
Fitness on 5000 data:
-50.892299050974266

Fitness:
-50.892299050974266