Generation:
798

Phenotype:
6
V1 = gm([6.1e1, +9.9e0, 3.1e0], [0.0e1, -7.9e0, 0.0e1], [3.9e0, +8.1e0, 0.5e0]);
V2 = uniform([+1.9e0, 6.0e0], 2);
V3 = gm([0.9e1, +9.9e0, 2.0e0]);

Pre-processed Program
:T = gm([0.939908, 0.000000, 0.060092], [9.9, -7.9, 8.1], [3.1, 0, 0.5]);C = uniform([1.900000, 7.900000], 2);F = gm([1.000000], [9.9], [2]);Genotype:
[226, 233, 356, 463, 43, 113, 406, 471, 457, 412, 152, 479, 429, 170, 461, 333, 321, 496, 153, 447, 230, 180, 15, 87, 137, 197, 69, 412, 286, 270, 210, 125, 104, 35, 153, 179, 444, 55, 8, 28, 411, 318, 496, 350, 275, 422, 339, 229, 120, 340, 331, 109, 442, 220, 26, 470, 342, 274, 450, 90, 17, 410, 399, 63, 295, 444, 279, 259, 462, 484, 312, 200, 344, 368, 499, 276, 143, 173, 236, 246]
Tree:
None
Fitness on 5000 data:
-50.89284635938634

Fitness:
-50.89284635938634