Generation:
1500

Phenotype:
6
V1 = gm([5.1e1, +9.9e0, 3.1e0], [0.0e0, -2.9e0, 0.0e1], [3.5e0, +8.3e0, 0.5e0]);
V2 = uniform([+2.0e0, 6.0e0], 2);
V3 = gm([1.6e1, +9.9e0, 2.0e0]);

Pre-processed Program
:T = gm([0.935780, 0.000000, 0.064220], [9.9, -2.9, 8.3], [3.1, 0, 0.5]);C = uniform([2.000000, 8.000000], 2);F = gm([1.000000], [9.9], [2]);Genotype:
[443, 233, 356, 79, 225, 36, 55, 421, 457, 292, 50, 479, 429, 252, 128, 333, 321, 278, 153, 311, 230, 180, 458, 490, 137, 412, 69, 412, 495, 270, 210, 435, 248, 292, 153, 365, 444, 55, 226, 28, 103, 318, 325, 350, 275, 152, 123, 217, 299, 340, 332, 0, 442, 220, 26, 470, 88, 274, 306, 90, 17, 301, 356, 303, 187, 176, 279, 259, 462, 484, 312, 200, 418, 368, 499, 276, 143, 173, 236, 246]
Tree:
None
Fitness on 5000 data:
-50.8834901807841

Fitness:
-50.8834901807841