Generation:
398

Phenotype:
6
V1 = gm([7.7e1, +9.8e0, 3.1e0], [0.0e0, +6.4e0, 3.1e0], [3.9e0, +8.1e0, 0.4e0]);
V2 = uniform([+1.9e0, 6.0e0], 2);
V3 = gm([5.3e0, +9.9e0, 2.1e0]);

Pre-processed Program
:T = gm([0.951792, 0.000000, 0.048208], [9.8, 6.4, 8.1], [3.1, 3.1, 0.4]);C = uniform([1.900000, 7.900000], 2);F = gm([1.000000], [9.9], [2.1]);Genotype:
[92, 293, 356, 86, 465, 273, 37, 117, 115, 339, 102, 479, 88, 34, 393, 333, 481, 126, 351, 131, 230, 180, 374, 249, 42, 376, 24, 186, 345, 343, 101, 296, 192, 425, 33, 389, 202, 74, 310, 478, 411, 158, 153, 500, 314, 422, 339, 247, 210, 334, 331, 109, 442, 423, 376, 470, 190, 338, 473, 90, 369, 365, 113, 450, 20, 378, 79, 239, 462, 237, 312, 161, 302, 368, 499, 276, 143, 173, 236, 246]
Tree:
None
Fitness on 5000 data:
-50.91240620698241

Fitness:
-50.91240620698241