Generation:
798

Phenotype:
4
V1 = uniform([+0.1e0, 1.0e1], 2);
V2 = gm([5.8e1, +1.4e1, 5.1e0], [2.6e0, +9.7e0, 1.0e0]);
V3 = gm([3.3e0, +9.9e0, 2.0e0]);

Pre-processed Program
:W = uniform([0.100000, 10.100000], 2);T = gm([0.957096, 0.042904], [14, 9.7], [5.1, 1]);F = gm([1.000000], [9.9], [2]);Genotype:
[50, 153, 315, 465, 462, 122, 420, 491, 130, 174, 201, 390, 245, 186, 80, 381, 242, 455, 128, 423, 342, 350, 121, 354, 81, 90, 335, 71, 440, 30, 412, 442, 426, 28, 461, 18, 439, 427, 374, 258, 251, 500, 326, 440, 89, 294, 214, 43, 363, 202, 370, 266, 319, 389, 456, 468, 292, 100, 186, 95, 260, 65, 410, 270, 187, 238, 260, 384, 29, 266, 78, 430, 118, 111, 168, 365, 301, 303, 99, 376, 232, 426, 89, 248, 4, 232, 314, 206, 293, 19, 72, 291, 112, 61, 478, 171, 448, 340, 370, 229]
Tree:
None
Fitness on 5000 data:
-58.1006975178711

Fitness:
-58.1006975178711