Generation:
398

Phenotype:
4
V1 = uniform([-0.5e0, 1.1e1], 2);
V2 = gm([4.4e1, +1.4e1, 5.2e0], [0.2e1, +9.7e0, 1.0e0]);
V3 = gm([8.1e1, +9.9e0, 2.0e0]);

Pre-processed Program
:W = uniform([-0.500000, 10.500000], 2);T = gm([0.956522, 0.043478], [14, 9.7], [5.2, 1]);F = gm([1.000000], [9.9], [2]);Genotype:
[50, 153, 341, 343, 86, 17, 420, 435, 66, 174, 391, 191, 169, 444, 100, 143, 91, 64, 374, 423, 303, 328, 121, 354, 7, 366, 335, 72, 500, 152, 412, 120, 82, 51, 131, 18, 439, 57, 26, 41, 251, 170, 326, 338, 89, 16, 383, 108, 441, 419, 370, 266, 319, 389, 276, 403, 472, 100, 186, 95, 260, 65, 410, 270, 187, 238, 260, 384, 29, 402, 78, 11, 118, 111, 168, 365, 301, 303, 99, 310, 45, 426, 366, 371, 4, 232, 314, 206, 293, 19, 72, 291, 112, 224, 478, 171, 448, 340, 370, 229]
Tree:
None
Fitness on 5000 data:
-58.221313086130024

Fitness:
-58.221313086130024