Generation:
398

Phenotype:
3
V1 = uniform([+2.0e0, 0.6e1], 2);
V2 = gm([2.3e1, +9.9e0, 2.0e0], [0.7e0, +1.3e1, 0.2e0]);
V3 = gm([7.5e0, +9.8e0, 3.0e0]);

Pre-processed Program
:C = uniform([2.000000, 8.000000], 2);F = gm([0.970464, 0.029536], [9.9, 13], [2, 0.2]);T = gm([1.000000], [9.8], [3]);Genotype:
[451, 314, 217, 304, 280, 238, 242, 340, 120, 70, 460, 406, 231, 42, 312, 425, 260, 102, 453, 119, 380, 260, 109, 119, 248, 63, 102, 180, 182, 90, 103, 100, 307, 122, 498, 122, 1, 493, 233, 413, 470, 192, 208, 414, 434, 106, 221, 377, 475, 174, 8, 108, 289, 88, 122, 160, 83, 30, 292, 197, 407, 51, 221, 179, 161, 378, 334, 315, 288, 150, 216, 334, 140, 284, 87, 149, 349, 237, 451, 360, 248, 68, 454, 384, 167, 281, 195, 399, 365, 131, 394, 174, 467, 114, 331, 68, 79, 151, 209, 77, 378, 265, 129, 370, 462, 491, 231, 289, 223, 368]
Tree:
None
Fitness on 5000 data:
-50.907396538104294

Fitness:
-50.907396538104294