Generation:
1198

Phenotype:
3
V1 = uniform([+2.1e0, 0.6e1], 2);
V2 = +0.8e0 * +1.7e0;
V2 = V2 + gm([2.4e0, +8.6e0, 2.0e0]);
V3 = +V2;
V3 = V3 + uniform([-2.0e0, 3.8e0], 2);

Pre-processed Program
:C = uniform([2.100000, 8.100000], 2);F = 1.36;F = F + gm([1.000000], [8.6], [2]);T = F;T = T + uniform([-2.000000, 1.800000], 2);Genotype:
[251, 170, 329, 287, 69, 127, 442, 352, 211, 246, 403, 410, 226, 25, 184, 274, 447, 40, 277, 470, 12, 500, 38, 118, 115, 435, 44, 11, 357, 482, 98, 99, 494, 156, 322, 204, 316, 404, 76, 168, 356, 298, 401, 132, 200, 166, 168, 400, 176, 194, 482, 307, 113, 189, 344, 9, 202, 390, 234, 92, 23, 448, 114, 460, 264, 371, 402, 493, 257, 110, 97, 205, 366, 346, 160, 42, 4, 205, 34, 48, 281, 38, 253, 222, 400, 416, 199, 418, 337, 65, 12, 293, 279, 29, 494, 244, 350, 91, 8, 200]
Tree:
None
Fitness on 5000 data:
-42.28910698787532

Fitness:
-42.28910698787532