Generation:
1500

Phenotype:
3
V1 = uniform([-0.0e1, 9.9e0], 2);
V2 = uniform([+6.3e0, 7.2e0], 2);
V3 = gm([8.5e1, +1.4e1, 5.1e0]);

Pre-processed Program
:W = uniform([0.000000, 9.900000], 2);F = uniform([6.300000, 13.500000], 2);T = gm([1.000000], [14], [5.1]);Genotype:
[204, 170, 1, 68, 420, 405, 490, 150, 265, 273, 79, 229, 472, 337, 320, 461, 452, 66, 23, 338, 110, 297, 392, 248, 248, 136, 140, 387, 388, 155, 59, 53, 38, 191, 264, 357, 106, 265, 231, 364, 210, 413, 199, 387, 109, 155, 419, 334, 162, 191, 264, 421, 252, 154, 194, 88, 453, 289, 9, 165, 495, 326, 462, 498, 484, 210, 410, 483, 330, 334, 421, 240, 264, 392, 459, 108, 362, 476, 442, 1, 61, 312, 372, 269, 253, 284, 192, 172, 322, 17, 164, 91, 440, 279, 205, 495, 163, 261, 103, 49, 90, 139, 459, 108, 362, 476, 442, 1, 61, 312, 372, 269, 253, 284, 192, 172, 322, 17, 164, 91, 440, 279, 205, 495, 163, 261, 103, 49, 90, 139, 496, 61, 56, 470, 8, 492, 59, 302, 311, 291, 190, 413, 72, 472]
Tree:
None
Fitness on 5000 data:
-59.13443329456825

Fitness:
-59.13443329456825