Generation:
1998

Phenotype:
20
V1 = gm([6.4e0, +9.9e0, 0.2e1]);
V2 = gm([0.0e1, +9.7e1, 9.9e1], [0.0e1, +9.9e1, 9.9e1], [0.0e0, +9.9e1, 9.9e1]);
V3 = gm([2.2e0, +4.7e0, 1.6e0]);
V4 = gm([3.1e1, +1.5e1, 3.9e0]);
V5 = uniform([-1.3e0, 1.3e1], 2);

Pre-processed Program
:F = gm([1.000000], [9.9], [2]);P = gm([1.000000, 1.000000, 1.000000], [97, 99, 99], [99, 99, 99]);C = gm([1.000000], [4.7], [1.6]);T = gm([1.000000], [15], [3.9]);W = uniform([-1.300000, 11.700000], 2);Genotype:
[393, 139, 134, 401, 236, 459, 226, 114, 366, 455, 310, 419, 429, 198, 263, 150, 22, 85, 288, 345, 327, 341, 470, 150, 201, 96, 320, 309, 377, 349, 211, 249, 199, 107, 81, 7, 470, 230, 263, 380, 446, 209, 259, 445, 49, 399, 29, 391, 76, 60, 50, 130, 440, 275, 142, 209, 19, 283, 358, 309, 209, 71, 284, 179, 364, 464, 52, 52, 436, 413, 100, 34, 257, 114, 352, 141, 46, 482, 312, 416, 74, 384, 13, 111, 47, 295, 346, 191, 325, 29, 72, 183, 159, 464, 57, 293, 171, 197, 361, 3, 442, 404, 91, 283, 69, 298, 500, 336, 126, 445, 187, 213, 8, 318, 427, 312, 286, 1, 116, 422, 386, 248, 132, 110, 173, 65, 33, 216, 260, 465, 63, 343, 1, 462, 158]
Tree:
None
Fitness on 5000 data:
-151.50474221275516

Fitness:
-151.50474221275516