Generation:
1000

Phenotype:
3
V1 = gm([1.20e+3, +5.01e+0, 2.11e-0]);
V2 = +V1 - -2.10e-0;
V2 = V2 + gm([8.98e+1, +9.52e-0, 7.05e-1], [5.01e+2, -1.95e+0, 1.08e-0], [4.39e-3, -8.24e-1, 5.26e+0], [1.20e+3, +5.01e+0, 2.11e-0]);
V3 = +V2 - -2.10e-0;
V3 = V3 + gm([8.98e+1, +9.52e-0, 7.05e-1], [5.01e+2, -1.95e+0, 1.08e-0], [4.39e-3, -8.24e-1, 5.26e+0], [1.20e+3, +5.01e+0, 2.11e-0]);

Pre-processed Program
:C = gm([1.000000], [5.01], [2.11]);F = C;F = F + 2.1;F = F + gm([0.050145, 0.279763, 0.000002, 0.670090], [9.52, -1.95, -0.824, 5.01], [0.705, 1.08, 5.26, 2.11]);T = F;T = T + 2.1;T = T + gm([0.050145, 0.279763, 0.000002, 0.670090], [9.52, -1.95, -0.824, 5.01], [0.705, 1.08, 5.26, 2.11]);Genotype:
[355, 332, 306, 202, 360, 424, 497, 381, 72, 40, 130, 43, 424, 106, 225, 310, 241, 436, 204, 161, 212, 331, 491, 389, 64, 36, 279, 426, 48, 302, 232, 115, 235, 102, 139, 403, 75, 272, 471, 130, 201, 340, 178, 394, 1, 258, 468, 89, 278, 144, 457, 15, 436, 419, 315, 162, 113, 336, 301, 337, 40, 145, 185, 241, 157, 295, 465, 130, 71, 146, 38, 406, 433, 301, 59, 55, 22, 256, 26, 391, 50, 408, 185, 256, 401, 63, 424, 153, 239, 121, 95, 489, 459, 78, 332, 454, 125, 165, 69]
Tree:
None
Fitness on 5000 data:
-55.79924668591636

Fitness:
-55.79924668591636