0	[-256.4081342698537, -1]
1	[-256.4081342698537, -1]
1	[-255.6235514066787, -2]
2	[-256.4081342698537, -1]
2	[-190.1746740055615, -2]
2	[-146.19295169488117, -3]
3	[-2130.497404739265, 0]
3	[-143.96286713352376, -1]
3	[-139.16772997444608, -3]
4	[-2130.497404739265, 0]
4	[-143.96286713352376, -1]
4	[-139.16772997444608, -3]
5	[-145.54685197023488, 0]
5	[-143.62068426537823, -1]
5	[-125.11269687726265, -3]
6	[-145.54685197023488, 0]
6	[-143.62068426537823, -1]
6	[-141.592060046748, -2]
6	[-118.30210528601505, -3]
7	[-145.49935711270638, 0]
7	[-143.21840115837077, -1]
7	[-141.58803776088808, -2]
7	[-118.30210528601505, -3]
8	[-144.75790580652097, 0]
8	[-122.91894894708578, -1]
8	[-118.30210528601505, -3]
9	[-144.75790580652097, 0]
9	[-122.91894894708578, -1]
9	[-118.30210528601505, -3]
10	[-144.75790580652097, 0]
10	[-121.21131104951277, -1]
10	[-118.30210528601505, -3]
