0	[-187.7471363568143, -1]
1	[-183.07333689149092, -1]
1	[-168.26789257664913, -2]
2	[-201.7362207144986, 0]
2	[-183.07333689149092, -1]
2	[-128.9874071326112, -2]
3	[-201.7362207144986, 0]
3	[-183.07333689149092, -1]
3	[-112.6989534024793, -2]
4	[-201.7362207144986, 0]
4	[-183.07333689149092, -1]
4	[-112.6989534024793, -2]
5	[-158.551773643157, 0]
5	[-112.6989534024793, -2]
6	[-133.99552329551003, 0]
6	[-112.6989534024793, -2]
7	[-131.7046200891145, 0]
7	[-112.6989534024793, -2]
7	[-103.19383106763208, -3]
8	[-131.7046200891145, 0]
8	[-112.6989534024793, -2]
8	[-103.19383106763208, -3]
9	[-131.7046200891145, 0]
9	[-102.98697538995312, -2]
9	[-101.58192156295539, -3]
10	[-127.58925352145332, 0]
10	[-102.98697538995312, -2]
10	[-101.58192156295539, -3]
11	[-127.58925352145332, 0]
11	[-127.51733165075052, -1]
11	[-102.98697538995312, -2]
11	[-97.49189997421675, -3]
12	[-127.58925352145332, 0]
12	[-127.51733165075052, -1]
12	[-102.98697538995312, -2]
12	[-97.49189997421675, -3]
13	[-127.58925352145332, 0]
13	[-125.67410054288659, -1]
13	[-102.98697538995312, -2]
13	[-93.54043783524901, -3]
14	[-127.58925352145332, 0]
14	[-125.67410054288659, -1]
14	[-102.98697538995312, -2]
14	[-93.54043783524901, -3]
15	[-116.46215686123496, 0]
15	[-102.98697538995312, -2]
15	[-93.54043783524901, -3]
16	[-116.46215686123496, 0]
16	[-115.89928683681657, -1]
16	[-92.33153166585477, -2]
16	[-81.14134955573536, -3]
17	[-116.46215686123496, 0]
17	[-108.3435234709159, -1]
17	[-92.33153166585477, -2]
17	[-81.12626966984041, -3]
18	[-116.46215686123496, 0]
18	[-108.3435234709159, -1]
18	[-91.38394201874017, -2]
18	[-81.12626966984041, -3]
19	[-111.54307248708963, 0]
19	[-107.36921284035975, -1]
19	[-81.17532000583125, -2]
19	[-81.01618623744105, -3]
20	[-111.54307248708963, 0]
20	[-106.24286833151967, -1]
20	[-75.33512502578698, -2]
21	[-111.54307248708963, 0]
21	[-106.24286833151967, -1]
21	[-75.33512502578698, -2]
21	[-75.33512502578698, -2]
22	[-111.54307248708963, 0]
22	[-106.24286833151967, -1]
22	[-75.33512502578698, -2]
22	[-75.33512502578698, -2]
23	[-109.88252002464986, 0]
23	[-106.24286833151967, -1]
23	[-75.33512502578698, -2]
23	[-75.33512502578698, -2]
24	[-109.88252002464986, 0]
24	[-106.24286833151967, -1]
24	[-75.24560509283458, -2]
24	[-66.12808391238477, -3]
25	[-109.28487466681955, 0]
25	[-106.24286833151967, -1]
25	[-73.76466572678268, -2]
25	[-65.9579361851397, -3]
26	[-109.28487466681955, 0]
26	[-106.24286833151967, -1]
26	[-73.76466572678268, -2]
26	[-65.9579361851397, -3]
27	[-109.28487466681955, 0]
27	[-106.24286833151967, -1]
27	[-71.64703111121723, -2]
27	[-65.9579361851397, -3]
28	[-97.91225917219772, 0]
28	[-71.64703111121723, -2]
28	[-65.9579361851397, -3]
29	[-97.91225917219772, 0]
29	[-97.91225917219772, 0]
29	[-71.64703111121723, -2]
29	[-71.64703111121723, -2]
29	[-65.9579361851397, -3]
30	[-95.69456104431009, 0]
30	[-71.64703111121723, -2]
30	[-71.64703111121723, -2]
30	[-65.9579361851397, -3]
30	[-65.9579361851397, -3]
31	[-95.69456104431009, 0]
31	[-71.01307267090804, -2]
31	[-65.9579361851397, -3]
31	[-65.9579361851397, -3]
32	[-94.99247851743227, 0]
32	[-71.01307267090804, -2]
32	[-71.01307267090804, -2]
32	[-65.9579361851397, -3]
32	[-65.9579361851397, -3]
32	[-65.9579361851397, -3]
33	[-94.60596662204162, 0]
33	[-71.01307267090804, -2]
33	[-71.01307267090804, -2]
33	[-65.23359094840848, -3]
34	[-94.60596662204162, 0]
34	[-94.60596662204162, 0]
34	[-71.01307267090804, -2]
34	[-71.01307267090804, -2]
34	[-71.01307267090804, -2]
34	[-65.23359094840848, -3]
35	[-93.12194116644426, 0]
35	[-71.01307267090804, -2]
35	[-71.01307267090804, -2]
35	[-71.01307267090804, -2]
35	[-71.01307267090804, -2]
35	[-65.23359094840848, -3]
35	[-65.23359094840848, -3]
36	[-93.12194116644426, 0]
36	[-71.01307267090804, -2]
36	[-71.01307267090804, -2]
36	[-71.01307267090804, -2]
36	[-71.01307267090804, -2]
36	[-65.17994813096848, -3]
37	[-91.1932543516537, 0]
37	[-70.73474917555775, -2]
37	[-63.8753811066695, -3]
38	[-91.1932543516537, 0]
38	[-70.55932985030431, -2]
38	[-63.79809439776406, -3]
39	[-91.1932543516537, 0]
39	[-70.55932985030431, -2]
39	[-63.79809439776406, -3]
40	[-91.1932543516537, 0]
40	[-70.55932985030431, -2]
40	[-63.79809439776406, -3]
41	[-91.1932543516537, 0]
41	[-70.55932985030431, -2]
41	[-70.55932985030431, -2]
41	[-63.79809439776406, -3]
42	[-89.84136443687001, 0]
42	[-69.60861061424966, -2]
42	[-63.79809439776406, -3]
43	[-89.84136443687001, 0]
43	[-69.60861061424966, -2]
43	[-62.97205404802252, -3]
44	[-89.84136443687001, 0]
44	[-69.60861061424966, -2]
44	[-62.97205404802252, -3]
45	[-86.0646965641932, 0]
45	[-69.60861061424966, -2]
45	[-62.97205404802252, -3]
46	[-86.0646965641932, 0]
46	[-86.0646965641932, 0]
46	[-69.60861061424966, -2]
46	[-62.97205404802252, -3]
47	[-82.08900623759442, 0]
47	[-69.60861061424966, -2]
47	[-69.60861061424966, -2]
47	[-62.97205404802252, -3]
48	[-82.08900623759442, 0]
48	[-69.21702232472079, -2]
48	[-62.97205404802252, -3]
49	[-79.59531705088601, 0]
49	[-69.21702232472079, -2]
49	[-62.97205404802252, -3]
49	[-62.97205404802252, -3]
50	[-79.59531705088601, 0]
50	[-69.21702232472079, -2]
50	[-62.97205404802252, -3]
50	[-62.97205404802252, -3]
51	[-79.59531705088601, 0]
51	[-69.21702232472079, -2]
51	[-62.97205404802252, -3]
51	[-62.97205404802252, -3]
51	[-62.97205404802252, -3]
52	[-75.49319594558165, 0]
52	[-69.18076171370399, -2]
52	[-62.97205404802252, -3]
52	[-62.97205404802252, -3]
52	[-62.97205404802252, -3]
52	[-62.97205404802252, -3]
53	[-75.49319594558165, 0]
53	[-69.18076171370399, -2]
53	[-69.18076171370399, -2]
53	[-62.97205404802252, -3]
53	[-62.97205404802252, -3]
53	[-62.97205404802252, -3]
53	[-62.97205404802252, -3]
53	[-62.97205404802252, -3]
54	[-75.49319594558165, 0]
54	[-69.18076171370399, -2]
54	[-69.18076171370399, -2]
54	[-62.97205404802252, -3]
54	[-62.97205404802252, -3]
54	[-62.97205404802252, -3]
54	[-62.97205404802252, -3]
54	[-62.97205404802252, -3]
54	[-62.97205404802252, -3]
54	[-62.97205404802252, -3]
55	[-75.49319594558165, 0]
55	[-69.18076171370399, -2]
55	[-69.18076171370399, -2]
55	[-69.18076171370399, -2]
55	[-62.97205404802252, -3]
55	[-62.97205404802252, -3]
55	[-62.97205404802252, -3]
55	[-62.97205404802252, -3]
55	[-62.97205404802252, -3]
55	[-62.97205404802252, -3]
55	[-62.97205404802252, -3]
55	[-62.97205404802252, -3]
56	[-75.49319594558165, 0]
56	[-69.18076171370399, -2]
56	[-69.18076171370399, -2]
56	[-69.18076171370399, -2]
56	[-69.18076171370399, -2]
56	[-62.97205404802252, -3]
56	[-62.97205404802252, -3]
56	[-62.97205404802252, -3]
56	[-62.97205404802252, -3]
56	[-62.97205404802252, -3]
56	[-62.97205404802252, -3]
56	[-62.97205404802252, -3]
56	[-62.97205404802252, -3]
56	[-62.97205404802252, -3]
56	[-62.97205404802252, -3]
56	[-62.97205404802252, -3]
57	[-75.49319594558165, 0]
57	[-69.18076171370399, -2]
57	[-69.18076171370399, -2]
57	[-69.18076171370399, -2]
57	[-69.18076171370399, -2]
57	[-69.18076171370399, -2]
57	[-69.18076171370399, -2]
57	[-62.97205404802252, -3]
57	[-62.97205404802252, -3]
57	[-62.97205404802252, -3]
57	[-62.97205404802252, -3]
57	[-62.97205404802252, -3]
57	[-62.97205404802252, -3]
57	[-62.97205404802252, -3]
57	[-62.97205404802252, -3]
57	[-62.97205404802252, -3]
57	[-62.97205404802252, -3]
57	[-62.97205404802252, -3]
58	[-75.49319594558165, 0]
58	[-69.0844670928134, -2]
58	[-62.50021475309979, -3]
59	[-75.49319594558165, 0]
59	[-69.0844670928134, -2]
59	[-62.50021475309979, -3]
60	[-74.89327870168492, 0]
60	[-69.0844670928134, -2]
60	[-62.50021475309979, -3]
61	[-74.89327870168492, 0]
61	[-69.0844670928134, -2]
61	[-69.0844670928134, -2]
61	[-62.50021475309979, -3]
62	[-74.89327870168492, 0]
62	[-69.0844670928134, -2]
62	[-69.0844670928134, -2]
62	[-62.50021475309979, -3]
62	[-62.50021475309979, -3]
63	[-74.89327870168492, 0]
63	[-69.0844670928134, -2]
63	[-69.0844670928134, -2]
63	[-62.50021475309979, -3]
63	[-62.50021475309979, -3]
64	[-74.89327870168492, 0]
64	[-69.05981258851348, -2]
64	[-62.36135355477595, -3]
65	[-74.89327870168492, 0]
65	[-69.05981258851348, -2]
65	[-62.36135355477595, -3]
66	[-74.65933999877187, 0]
66	[-69.05981258851348, -2]
66	[-62.36135355477595, -3]
67	[-74.65933999877187, 0]
67	[-69.05981258851348, -2]
67	[-62.276601960868746, -3]
68	[-73.56743448882551, 0]
68	[-69.05981258851348, -2]
68	[-62.276601960868746, -3]
68	[-62.276601960868746, -3]
69	[-73.56743448882551, 0]
69	[-69.05981258851348, -2]
69	[-69.05981258851348, -2]
69	[-62.276601960868746, -3]
69	[-62.276601960868746, -3]
70	[-72.87179525480019, 0]
70	[-69.05981258851348, -2]
70	[-69.05981258851348, -2]
70	[-69.05981258851348, -2]
70	[-62.276601960868746, -3]
70	[-62.276601960868746, -3]
71	[-72.87179525480019, 0]
71	[-69.05981258851348, -2]
71	[-69.05981258851348, -2]
71	[-69.05981258851348, -2]
71	[-69.05981258851348, -2]
71	[-62.276601960868746, -3]
71	[-62.276601960868746, -3]
72	[-72.87179525480019, 0]
72	[-69.04330335425416, -2]
72	[-62.276601960868746, -3]
72	[-62.276601960868746, -3]
73	[-72.87179525480019, 0]
73	[-69.02589074530347, -2]
73	[-61.87278113824485, -3]
74	[-72.87179525480019, 0]
74	[-68.97809854918634, -2]
74	[-61.87278113824485, -3]
75	[-72.87179525480019, 0]
75	[-68.97809854918634, -2]
75	[-61.87278113824485, -3]
76	[-72.87179525480019, 0]
76	[-68.97809854918634, -2]
76	[-61.87278113824485, -3]
77	[-72.87179525480019, 0]
77	[-68.80603183654941, -2]
77	[-61.87278113824485, -3]
78	[-72.87179525480019, 0]
78	[-66.48587563872603, -2]
78	[-61.87278113824485, -3]
78	[-61.87278113824485, -3]
79	[-72.07695894392191, 0]
79	[-66.48587563872603, -2]
79	[-61.87278113824485, -3]
79	[-61.87278113824485, -3]
80	[-72.07695894392191, 0]
80	[-66.48587563872603, -2]
80	[-61.87278113824485, -3]
80	[-61.87278113824485, -3]
81	[-72.07695894392191, 0]
81	[-66.48587563872603, -2]
81	[-61.87278113824485, -3]
81	[-61.87278113824485, -3]
82	[-72.07695894392191, 0]
82	[-66.48587563872603, -2]
82	[-61.87278113824485, -3]
82	[-61.87278113824485, -3]
83	[-72.07695894392191, 0]
83	[-66.48587563872603, -2]
83	[-61.87278113824485, -3]
83	[-61.87278113824485, -3]
83	[-61.87278113824485, -3]
83	[-61.87278113824485, -3]
84	[-72.07695894392191, 0]
84	[-72.07695894392191, 0]
84	[-66.48587563872603, -2]
84	[-66.48587563872603, -2]
84	[-61.86135951740464, -3]
85	[-72.07695894392191, 0]
85	[-72.07695894392191, 0]
85	[-66.48587563872603, -2]
85	[-66.48587563872603, -2]
85	[-66.48587563872603, -2]
85	[-61.763687335794366, -3]
86	[-72.07695894392191, 0]
86	[-72.07695894392191, 0]
86	[-66.48587563872603, -2]
86	[-66.48587563872603, -2]
86	[-66.48587563872603, -2]
86	[-66.48587563872603, -2]
86	[-61.763687335794366, -3]
87	[-72.07695894392191, 0]
87	[-72.07695894392191, 0]
87	[-66.48587563872603, -2]
87	[-66.48587563872603, -2]
87	[-66.48587563872603, -2]
87	[-66.48587563872603, -2]
87	[-66.48587563872603, -2]
87	[-66.48587563872603, -2]
87	[-61.763687335794366, -3]
88	[-72.07695894392191, 0]
88	[-72.07695894392191, 0]
88	[-66.48587563872603, -2]
88	[-66.48587563872603, -2]
88	[-66.48587563872603, -2]
88	[-66.48587563872603, -2]
88	[-66.48587563872603, -2]
88	[-66.48587563872603, -2]
88	[-66.48587563872603, -2]
88	[-61.763687335794366, -3]
89	[-72.07695894392191, 0]
89	[-72.07695894392191, 0]
89	[-72.07695894392191, 0]
89	[-66.25075988452107, -2]
89	[-61.763687335794366, -3]
90	[-71.749845668343, 0]
90	[-66.25075988452107, -2]
90	[-61.763687335794366, -3]
91	[-71.749845668343, 0]
91	[-66.25075988452107, -2]
91	[-61.763687335794366, -3]
91	[-61.763687335794366, -3]
91	[-61.763687335794366, -3]
91	[-61.763687335794366, -3]
92	[-71.749845668343, 0]
92	[-66.25075988452107, -2]
92	[-61.763687335794366, -3]
92	[-61.763687335794366, -3]
92	[-61.763687335794366, -3]
92	[-61.763687335794366, -3]
93	[-71.56964073919141, 0]
93	[-66.25075988452107, -2]
93	[-61.68867712927357, -3]
94	[-71.37122356966137, 0]
94	[-66.25075988452107, -2]
94	[-61.68867712927357, -3]
95	[-71.37122356966137, 0]
95	[-66.25075988452107, -2]
95	[-59.98049404511325, -3]
96	[-71.37122356966137, 0]
96	[-66.25075988452107, -2]
96	[-66.25075988452107, -2]
96	[-59.98049404511325, -3]
97	[-71.37122356966137, 0]
97	[-66.25075988452107, -2]
97	[-66.25075988452107, -2]
97	[-59.98049404511325, -3]
98	[-71.30032629223444, 0]
98	[-66.25075988452107, -2]
98	[-66.25075988452107, -2]
98	[-59.98049404511325, -3]
99	[-71.30032629223444, 0]
99	[-66.25075988452107, -2]
99	[-66.25075988452107, -2]
99	[-59.98049404511325, -3]
100	[-71.30032629223444, 0]
100	[-66.25075988452107, -2]
100	[-66.25075988452107, -2]
100	[-59.98049404511325, -3]
101	[-71.2299850410752, 0]
101	[-66.22726406259156, -2]
101	[-59.98049404511325, -3]
102	[-71.2299850410752, 0]
102	[-66.1926434700557, -2]
102	[-59.98049404511325, -3]
103	[-70.83138045595713, 0]
103	[-64.90663917579484, -2]
103	[-59.98049404511325, -3]
104	[-70.83138045595713, 0]
104	[-70.83138045595713, 0]
104	[-64.90663917579484, -2]
104	[-59.98049404511325, -3]
105	[-70.83138045595713, 0]
105	[-70.83138045595713, 0]
105	[-64.90663917579484, -2]
105	[-59.98049404511325, -3]
106	[-70.83138045595713, 0]
106	[-70.83138045595713, 0]
106	[-70.83138045595713, 0]
106	[-64.90663917579484, -2]
106	[-59.98049404511325, -3]
107	[-70.83138045595713, 0]
107	[-70.83138045595713, 0]
107	[-70.83138045595713, 0]
107	[-70.83138045595713, 0]
107	[-64.90663917579484, -2]
107	[-59.9747346246884, -3]
108	[-70.83138045595713, 0]
108	[-70.83138045595713, 0]
108	[-70.83138045595713, 0]
108	[-70.83138045595713, 0]
108	[-64.90663917579484, -2]
108	[-59.91888647435741, -3]
109	[-70.35016586705741, 0]
109	[-64.90663917579484, -2]
109	[-59.91888647435741, -3]
110	[-70.19552893833183, 0]
110	[-64.90663917579484, -2]
110	[-59.91888647435741, -3]
110	[-59.91888647435741, -3]
111	[-70.19552893833183, 0]
111	[-64.90663917579484, -2]
111	[-59.91888647435741, -3]
111	[-59.91888647435741, -3]
112	[-70.19552893833183, 0]
112	[-64.90663917579484, -2]
112	[-59.91888647435741, -3]
112	[-59.91888647435741, -3]
113	[-69.73450335084982, 0]
113	[-64.90663917579484, -2]
113	[-64.90663917579484, -2]
113	[-59.74380070510214, -3]
114	[-69.73450335084982, 0]
114	[-64.90663917579484, -2]
114	[-64.90663917579484, -2]
114	[-59.74380070510214, -3]
115	[-69.73450335084982, 0]
115	[-69.73450335084982, 0]
115	[-64.90663917579484, -2]
115	[-64.90663917579484, -2]
115	[-59.74380070510214, -3]
116	[-69.73450335084982, 0]
116	[-69.73450335084982, 0]
116	[-64.90663917579484, -2]
116	[-64.90663917579484, -2]
116	[-59.74380070510214, -3]
117	[-69.73450335084982, 0]
117	[-69.73450335084982, 0]
117	[-69.73450335084982, 0]
117	[-64.90663917579484, -2]
117	[-64.90663917579484, -2]
117	[-59.74380070510214, -3]
118	[-69.73450335084982, 0]
118	[-69.73450335084982, 0]
118	[-69.73450335084982, 0]
118	[-64.90663917579484, -2]
118	[-64.90663917579484, -2]
118	[-64.90663917579484, -2]
118	[-59.74380070510214, -3]
119	[-69.3928244957603, 0]
119	[-64.90663917579484, -2]
119	[-64.90663917579484, -2]
119	[-64.90663917579484, -2]
119	[-64.90663917579484, -2]
119	[-59.74380070510214, -3]
120	[-69.3928244957603, 0]
120	[-64.90663917579484, -2]
120	[-64.90663917579484, -2]
120	[-64.90663917579484, -2]
120	[-64.90663917579484, -2]
120	[-59.74380070510214, -3]
121	[-69.3928244957603, 0]
121	[-69.3928244957603, 0]
121	[-64.90663917579484, -2]
121	[-64.90663917579484, -2]
121	[-64.90663917579484, -2]
121	[-64.90663917579484, -2]
121	[-64.90663917579484, -2]
121	[-59.74380070510214, -3]
121	[-59.74380070510214, -3]
122	[-69.3928244957603, 0]
122	[-69.3928244957603, 0]
122	[-64.90663917579484, -2]
122	[-64.90663917579484, -2]
122	[-64.90663917579484, -2]
122	[-64.90663917579484, -2]
122	[-64.90663917579484, -2]
122	[-59.74380070510214, -3]
122	[-59.74380070510214, -3]
122	[-59.74380070510214, -3]
123	[-69.3928244957603, 0]
123	[-69.3928244957603, 0]
123	[-61.84520134906241, -1]
123	[-59.74380070510214, -3]
123	[-59.74380070510214, -3]
123	[-59.74380070510214, -3]
124	[-69.3928244957603, 0]
124	[-69.3928244957603, 0]
124	[-61.84520134906241, -1]
124	[-59.74380070510214, -3]
124	[-59.74380070510214, -3]
124	[-59.74380070510214, -3]
124	[-59.74380070510214, -3]
125	[-69.3928244957603, 0]
125	[-69.3928244957603, 0]
125	[-61.84520134906241, -1]
125	[-59.74380070510214, -3]
125	[-59.74380070510214, -3]
125	[-59.74380070510214, -3]
125	[-59.74380070510214, -3]
125	[-59.74380070510214, -3]
126	[-69.3928244957603, 0]
126	[-69.3928244957603, 0]
126	[-69.3928244957603, 0]
126	[-61.84520134906241, -1]
126	[-59.74380070510214, -3]
126	[-59.74380070510214, -3]
126	[-59.74380070510214, -3]
126	[-59.74380070510214, -3]
126	[-59.74380070510214, -3]
126	[-59.74380070510214, -3]
126	[-59.74380070510214, -3]
127	[-69.33030702057195, 0]
127	[-61.84520134906241, -1]
127	[-59.74380070510214, -3]
127	[-59.74380070510214, -3]
127	[-59.74380070510214, -3]
127	[-59.74380070510214, -3]
127	[-59.74380070510214, -3]
127	[-59.74380070510214, -3]
127	[-59.74380070510214, -3]
127	[-59.74380070510214, -3]
128	[-69.33030702057195, 0]
128	[-61.84520134906241, -1]
128	[-59.74380070510214, -3]
128	[-59.74380070510214, -3]
128	[-59.74380070510214, -3]
128	[-59.74380070510214, -3]
128	[-59.74380070510214, -3]
128	[-59.74380070510214, -3]
128	[-59.74380070510214, -3]
128	[-59.74380070510214, -3]
128	[-59.74380070510214, -3]
129	[-69.33030702057195, 0]
129	[-61.84520134906241, -1]
129	[-59.739315242275254, -3]
130	[-69.33030702057195, 0]
130	[-61.84520134906241, -1]
130	[-59.739315242275254, -3]
131	[-69.33030702057195, 0]
131	[-61.84520134906241, -1]
131	[-59.739315242275254, -3]
132	[-69.33030702057195, 0]
132	[-61.84520134906241, -1]
132	[-59.699042624750604, -3]
133	[-69.33030702057195, 0]
133	[-61.84520134906241, -1]
133	[-59.67053344254044, -3]
134	[-69.33030702057195, 0]
134	[-61.83610666621961, -1]
134	[-59.67053344254044, -3]
135	[-69.12743566463007, 0]
135	[-61.83610666621961, -1]
135	[-59.67053344254044, -3]
136	[-69.11269351584131, 0]
136	[-61.83610666621961, -1]
136	[-59.67053344254044, -3]
137	[-69.11269351584131, 0]
137	[-61.83610666621961, -1]
137	[-59.66171747559993, -3]
138	[-69.11269351584131, 0]
138	[-61.83610666621961, -1]
138	[-59.66171747559993, -3]
139	[-69.11269351584131, 0]
139	[-61.83610666621961, -1]
139	[-59.66171747559993, -3]
140	[-69.11269351584131, 0]
140	[-69.11269351584131, 0]
140	[-69.11269351584131, 0]
140	[-61.83610666621961, -1]
140	[-59.66171747559993, -3]
141	[-69.11269351584131, 0]
141	[-69.11269351584131, 0]
141	[-69.11269351584131, 0]
141	[-69.11269351584131, 0]
141	[-61.83610666621961, -1]
141	[-59.66171747559993, -3]
142	[-69.11269351584131, 0]
142	[-69.11269351584131, 0]
142	[-69.11269351584131, 0]
142	[-69.11269351584131, 0]
142	[-61.83610666621961, -1]
142	[-59.66171747559993, -3]
143	[-69.11269351584131, 0]
143	[-69.11269351584131, 0]
143	[-69.11269351584131, 0]
143	[-69.11269351584131, 0]
143	[-61.83610666621961, -1]
143	[-61.83610666621961, -1]
143	[-59.66171747559993, -3]
144	[-69.11269351584131, 0]
144	[-69.11269351584131, 0]
144	[-69.11269351584131, 0]
144	[-69.11269351584131, 0]
144	[-61.83610666621961, -1]
144	[-61.83610666621961, -1]
144	[-59.66171747559993, -3]
145	[-69.09168128774186, 0]
145	[-61.83610666621961, -1]
145	[-61.83610666621961, -1]
145	[-59.66171747559993, -3]
146	[-68.1514805736336, 0]
146	[-61.83610666621961, -1]
146	[-61.83610666621961, -1]
146	[-59.66171747559993, -3]
147	[-68.1514805736336, 0]
147	[-61.83610666621961, -1]
147	[-61.83610666621961, -1]
147	[-59.66171747559993, -3]
148	[-68.1514805736336, 0]
148	[-61.83610666621961, -1]
148	[-61.83610666621961, -1]
148	[-59.656948656602765, -3]
149	[-68.1514805736336, 0]
149	[-68.1514805736336, 0]
149	[-61.83610666621961, -1]
149	[-61.83610666621961, -1]
149	[-59.656948656602765, -3]
150	[-68.1514805736336, 0]
150	[-68.1514805736336, 0]
150	[-61.83610666621961, -1]
150	[-61.83610666621961, -1]
150	[-59.656948656602765, -3]
151	[-68.1514805736336, 0]
151	[-68.1514805736336, 0]
151	[-61.83610666621961, -1]
151	[-61.83610666621961, -1]
151	[-59.656948656602765, -3]
152	[-68.1514805736336, 0]
152	[-68.1514805736336, 0]
152	[-61.83610666621961, -1]
152	[-61.83610666621961, -1]
152	[-59.656948656602765, -3]
153	[-68.1514805736336, 0]
153	[-68.1514805736336, 0]
153	[-61.83610666621961, -1]
153	[-61.83610666621961, -1]
153	[-59.656948656602765, -3]
153	[-59.656948656602765, -3]
154	[-68.1514805736336, 0]
154	[-68.1514805736336, 0]
154	[-68.1514805736336, 0]
154	[-61.83610666621961, -1]
154	[-61.83610666621961, -1]
154	[-59.656948656602765, -3]
154	[-59.656948656602765, -3]
154	[-59.656948656602765, -3]
155	[-68.1514805736336, 0]
155	[-68.1514805736336, 0]
155	[-68.1514805736336, 0]
155	[-61.83610666621961, -1]
155	[-61.83610666621961, -1]
155	[-59.656948656602765, -3]
155	[-59.656948656602765, -3]
155	[-59.656948656602765, -3]
156	[-68.1514805736336, 0]
156	[-68.1514805736336, 0]
156	[-68.1514805736336, 0]
156	[-68.1514805736336, 0]
156	[-61.83610666621961, -1]
156	[-61.83610666621961, -1]
156	[-59.65183621462476, -3]
157	[-67.89377654796684, 0]
157	[-61.83610666621961, -1]
157	[-61.83610666621961, -1]
157	[-61.83610666621961, -1]
157	[-59.65183621462476, -3]
158	[-67.81951470973074, 0]
158	[-61.83610666621961, -1]
158	[-61.83610666621961, -1]
158	[-61.83610666621961, -1]
158	[-59.65183621462476, -3]
159	[-67.81951470973074, 0]
159	[-61.83610666621961, -1]
159	[-61.83610666621961, -1]
159	[-61.83610666621961, -1]
159	[-59.65183621462476, -3]
160	[-67.81951470973074, 0]
160	[-61.83610666621961, -1]
160	[-61.83610666621961, -1]
160	[-61.83610666621961, -1]
160	[-59.621764687525626, -3]
161	[-67.81951470973074, 0]
161	[-61.83610666621961, -1]
161	[-61.83610666621961, -1]
161	[-61.83610666621961, -1]
161	[-59.621764687525626, -3]
161	[-59.621764687525626, -3]
162	[-67.81951470973074, 0]
162	[-61.83610666621961, -1]
162	[-61.83610666621961, -1]
162	[-61.83610666621961, -1]
162	[-59.621764687525626, -3]
162	[-59.621764687525626, -3]
163	[-67.81951470973074, 0]
163	[-61.83610666621961, -1]
163	[-61.83610666621961, -1]
163	[-61.83610666621961, -1]
163	[-59.621764687525626, -3]
163	[-59.621764687525626, -3]
163	[-59.621764687525626, -3]
164	[-67.81951470973074, 0]
164	[-61.83610666621961, -1]
164	[-61.83610666621961, -1]
164	[-61.83610666621961, -1]
164	[-59.621764687525626, -3]
164	[-59.621764687525626, -3]
164	[-59.621764687525626, -3]
165	[-66.8942784987372, 0]
165	[-61.83610666621961, -1]
165	[-61.83610666621961, -1]
165	[-61.83610666621961, -1]
165	[-59.621764687525626, -3]
165	[-59.621764687525626, -3]
165	[-59.621764687525626, -3]
165	[-59.621764687525626, -3]
166	[-65.19805863881767, 0]
166	[-61.83610666621961, -1]
166	[-61.83610666621961, -1]
166	[-61.83610666621961, -1]
166	[-61.83610666621961, -1]
166	[-59.61236566659085, -3]
167	[-65.19805863881767, 0]
167	[-61.83610666621961, -1]
167	[-61.83610666621961, -1]
167	[-61.83610666621961, -1]
167	[-61.83610666621961, -1]
167	[-59.61236566659085, -3]
168	[-65.19805863881767, 0]
168	[-65.19805863881767, 0]
168	[-61.83610666621961, -1]
168	[-61.83610666621961, -1]
168	[-61.83610666621961, -1]
168	[-61.83610666621961, -1]
168	[-59.61236566659085, -3]
169	[-65.19805863881767, 0]
169	[-65.19805863881767, 0]
169	[-61.83610666621961, -1]
169	[-61.83610666621961, -1]
169	[-61.83610666621961, -1]
169	[-61.83610666621961, -1]
169	[-59.61236566659085, -3]
170	[-65.19805863881767, 0]
170	[-65.19805863881767, 0]
170	[-61.83610666621961, -1]
170	[-61.83610666621961, -1]
170	[-61.83610666621961, -1]
170	[-61.83610666621961, -1]
170	[-59.61236566659085, -3]
171	[-65.19805863881767, 0]
171	[-65.19805863881767, 0]
171	[-61.83610666621961, -1]
171	[-61.83610666621961, -1]
171	[-61.83610666621961, -1]
171	[-61.83610666621961, -1]
171	[-59.61236566659085, -3]
171	[-59.61236566659085, -3]
172	[-65.19805863881767, 0]
172	[-65.19805863881767, 0]
172	[-61.83610666621961, -1]
172	[-61.83610666621961, -1]
172	[-61.83610666621961, -1]
172	[-61.83610666621961, -1]
172	[-59.61236566659085, -3]
172	[-59.61236566659085, -3]
172	[-59.61236566659085, -3]
173	[-65.19805863881767, 0]
173	[-65.19805863881767, 0]
173	[-61.83610666621961, -1]
173	[-61.83610666621961, -1]
173	[-61.83610666621961, -1]
173	[-61.83610666621961, -1]
173	[-61.83610666621961, -1]
173	[-59.61236566659085, -3]
173	[-59.61236566659085, -3]
173	[-59.61236566659085, -3]
174	[-65.19805863881767, 0]
174	[-65.19805863881767, 0]
174	[-61.83610666621961, -1]
174	[-61.83610666621961, -1]
174	[-61.83610666621961, -1]
174	[-61.83610666621961, -1]
174	[-61.83610666621961, -1]
174	[-61.83610666621961, -1]
174	[-59.61236566659085, -3]
174	[-59.61236566659085, -3]
174	[-59.61236566659085, -3]
175	[-65.00719245256624, 0]
175	[-61.83610666621961, -1]
175	[-61.83610666621961, -1]
175	[-61.83610666621961, -1]
175	[-61.83610666621961, -1]
175	[-61.83610666621961, -1]
175	[-61.83610666621961, -1]
175	[-59.61236566659085, -3]
175	[-59.61236566659085, -3]
175	[-59.61236566659085, -3]
176	[-65.00719245256624, 0]
176	[-61.83610666621961, -1]
176	[-61.83610666621961, -1]
176	[-61.83610666621961, -1]
176	[-61.83610666621961, -1]
176	[-61.83610666621961, -1]
176	[-61.83610666621961, -1]
176	[-59.61236566659085, -3]
176	[-59.61236566659085, -3]
176	[-59.61236566659085, -3]
177	[-65.00719245256624, 0]
177	[-61.83610666621961, -1]
177	[-61.83610666621961, -1]
177	[-61.83610666621961, -1]
177	[-61.83610666621961, -1]
177	[-61.83610666621961, -1]
177	[-61.83610666621961, -1]
177	[-59.61236566659085, -3]
177	[-59.61236566659085, -3]
177	[-59.61236566659085, -3]
178	[-65.00719245256624, 0]
178	[-61.83610666621961, -1]
178	[-61.83610666621961, -1]
178	[-61.83610666621961, -1]
178	[-61.83610666621961, -1]
178	[-61.83610666621961, -1]
178	[-61.83610666621961, -1]
178	[-59.61236566659085, -3]
178	[-59.61236566659085, -3]
178	[-59.61236566659085, -3]
179	[-65.00719245256624, 0]
179	[-65.00719245256624, 0]
179	[-65.00719245256624, 0]
179	[-61.83610666621961, -1]
179	[-61.83610666621961, -1]
179	[-61.83610666621961, -1]
179	[-61.83610666621961, -1]
179	[-61.83610666621961, -1]
179	[-61.83610666621961, -1]
179	[-59.61236566659085, -3]
179	[-59.61236566659085, -3]
179	[-59.61236566659085, -3]
180	[-65.00719245256624, 0]
180	[-65.00719245256624, 0]
180	[-65.00719245256624, 0]
180	[-65.00719245256624, 0]
180	[-61.83610666621961, -1]
180	[-61.83610666621961, -1]
180	[-61.83610666621961, -1]
180	[-61.83610666621961, -1]
180	[-61.83610666621961, -1]
180	[-61.83610666621961, -1]
180	[-59.61236566659085, -3]
180	[-59.61236566659085, -3]
180	[-59.61236566659085, -3]
181	[-65.00719245256624, 0]
181	[-65.00719245256624, 0]
181	[-65.00719245256624, 0]
181	[-65.00719245256624, 0]
181	[-65.00719245256624, 0]
181	[-61.83610666621961, -1]
181	[-61.83610666621961, -1]
181	[-61.83610666621961, -1]
181	[-61.83610666621961, -1]
181	[-61.83610666621961, -1]
181	[-61.83610666621961, -1]
181	[-59.61236566659085, -3]
181	[-59.61236566659085, -3]
181	[-59.61236566659085, -3]
182	[-65.00719245256624, 0]
182	[-65.00719245256624, 0]
182	[-65.00719245256624, 0]
182	[-65.00719245256624, 0]
182	[-65.00719245256624, 0]
182	[-61.83610666621961, -1]
182	[-61.83610666621961, -1]
182	[-61.83610666621961, -1]
182	[-61.83610666621961, -1]
182	[-61.83610666621961, -1]
182	[-61.83610666621961, -1]
182	[-59.61236566659085, -3]
182	[-59.61236566659085, -3]
182	[-59.61236566659085, -3]
183	[-65.00719245256624, 0]
183	[-65.00719245256624, 0]
183	[-65.00719245256624, 0]
183	[-65.00719245256624, 0]
183	[-65.00719245256624, 0]
183	[-61.83610666621961, -1]
183	[-61.83610666621961, -1]
183	[-61.83610666621961, -1]
183	[-61.83610666621961, -1]
183	[-61.83610666621961, -1]
183	[-61.83610666621961, -1]
183	[-59.61236566659085, -3]
183	[-59.61236566659085, -3]
183	[-59.61236566659085, -3]
184	[-65.00719245256624, 0]
184	[-65.00719245256624, 0]
184	[-65.00719245256624, 0]
184	[-65.00719245256624, 0]
184	[-65.00719245256624, 0]
184	[-65.00719245256624, 0]
184	[-65.00719245256624, 0]
184	[-61.83610666621961, -1]
184	[-61.83610666621961, -1]
184	[-61.83610666621961, -1]
184	[-61.83610666621961, -1]
184	[-61.83610666621961, -1]
184	[-61.83610666621961, -1]
184	[-59.61236566659085, -3]
184	[-59.61236566659085, -3]
184	[-59.61236566659085, -3]
185	[-64.99615087191962, 0]
185	[-61.83610666621961, -1]
185	[-61.83610666621961, -1]
185	[-61.83610666621961, -1]
185	[-61.83610666621961, -1]
185	[-61.83610666621961, -1]
185	[-61.83610666621961, -1]
185	[-59.61236566659085, -3]
185	[-59.61236566659085, -3]
185	[-59.61236566659085, -3]
186	[-64.99615087191962, 0]
186	[-61.83610666621961, -1]
186	[-61.83610666621961, -1]
186	[-61.83610666621961, -1]
186	[-61.83610666621961, -1]
186	[-61.83610666621961, -1]
186	[-61.83610666621961, -1]
186	[-59.61236566659085, -3]
186	[-59.61236566659085, -3]
186	[-59.61236566659085, -3]
187	[-64.99615087191962, 0]
187	[-61.83610666621961, -1]
187	[-61.83610666621961, -1]
187	[-61.83610666621961, -1]
187	[-61.83610666621961, -1]
187	[-61.83610666621961, -1]
187	[-61.83610666621961, -1]
187	[-59.61236566659085, -3]
187	[-59.61236566659085, -3]
187	[-59.61236566659085, -3]
188	[-64.99615087191962, 0]
188	[-61.83610666621961, -1]
188	[-61.83610666621961, -1]
188	[-61.83610666621961, -1]
188	[-61.83610666621961, -1]
188	[-61.83610666621961, -1]
188	[-61.83610666621961, -1]
188	[-59.61236566659085, -3]
188	[-59.61236566659085, -3]
188	[-59.61236566659085, -3]
189	[-64.99615087191962, 0]
189	[-61.83610666621961, -1]
189	[-61.83610666621961, -1]
189	[-61.83610666621961, -1]
189	[-61.83610666621961, -1]
189	[-61.83610666621961, -1]
189	[-61.83610666621961, -1]
189	[-59.61236566659085, -3]
189	[-59.61236566659085, -3]
189	[-59.61236566659085, -3]
190	[-64.99615087191962, 0]
190	[-61.83610666621961, -1]
190	[-61.83610666621961, -1]
190	[-61.83610666621961, -1]
190	[-61.83610666621961, -1]
190	[-61.83610666621961, -1]
190	[-61.83610666621961, -1]
190	[-59.61236566659085, -3]
190	[-59.61236566659085, -3]
190	[-59.61236566659085, -3]
191	[-64.99615087191962, 0]
191	[-61.83610666621961, -1]
191	[-61.83610666621961, -1]
191	[-61.83610666621961, -1]
191	[-61.83610666621961, -1]
191	[-61.83610666621961, -1]
191	[-61.83610666621961, -1]
191	[-61.83610666621961, -1]
191	[-59.61236566659085, -3]
191	[-59.61236566659085, -3]
191	[-59.61236566659085, -3]
192	[-64.99615087191962, 0]
192	[-61.80897223053039, -1]
192	[-59.61236566659085, -3]
192	[-59.61236566659085, -3]
192	[-59.61236566659085, -3]
193	[-64.99615087191962, 0]
193	[-61.80897223053039, -1]
193	[-59.61236566659085, -3]
193	[-59.61236566659085, -3]
193	[-59.61236566659085, -3]
194	[-64.99615087191962, 0]
194	[-61.80897223053039, -1]
194	[-59.61236566659085, -3]
194	[-59.61236566659085, -3]
194	[-59.61236566659085, -3]
195	[-64.99615087191962, 0]
195	[-61.80897223053039, -1]
195	[-61.7684114964293, -2]
195	[-59.61236566659085, -3]
195	[-59.61236566659085, -3]
195	[-59.61236566659085, -3]
196	[-64.98453060042586, 0]
196	[-61.80897223053039, -1]
196	[-61.7684114964293, -2]
196	[-59.61236566659085, -3]
196	[-59.61236566659085, -3]
196	[-59.61236566659085, -3]
197	[-64.98453060042586, 0]
197	[-61.80897223053039, -1]
197	[-61.7684114964293, -2]
197	[-59.61236566659085, -3]
197	[-59.61236566659085, -3]
197	[-59.61236566659085, -3]
198	[-64.98453060042586, 0]
198	[-61.80897223053039, -1]
198	[-61.7684114964293, -2]
198	[-59.61236566659085, -3]
198	[-59.61236566659085, -3]
198	[-59.61236566659085, -3]
199	[-64.98453060042586, 0]
199	[-61.80897223053039, -1]
199	[-61.7684114964293, -2]
199	[-59.61236566659085, -3]
199	[-59.61236566659085, -3]
199	[-59.61236566659085, -3]
199	[-59.61236566659085, -3]
200	[-64.98453060042586, 0]
200	[-61.80897223053039, -1]
200	[-61.7684114964293, -2]
200	[-59.61236566659085, -3]
200	[-59.61236566659085, -3]
200	[-59.61236566659085, -3]
200	[-59.61236566659085, -3]
201	[-64.98453060042586, 0]
201	[-61.80897223053039, -1]
201	[-61.7684114964293, -2]
201	[-59.61236566659085, -3]
201	[-59.61236566659085, -3]
201	[-59.61236566659085, -3]
201	[-59.61236566659085, -3]
202	[-64.98453060042586, 0]
202	[-61.80897223053039, -1]
202	[-61.7684114964293, -2]
202	[-59.61236566659085, -3]
202	[-59.61236566659085, -3]
202	[-59.61236566659085, -3]
202	[-59.61236566659085, -3]
203	[-64.98453060042586, 0]
203	[-61.80897223053039, -1]
203	[-61.7684114964293, -2]
203	[-59.61236566659085, -3]
203	[-59.61236566659085, -3]
203	[-59.61236566659085, -3]
203	[-59.61236566659085, -3]
204	[-64.98453060042586, 0]
204	[-61.80897223053039, -1]
204	[-61.7684114964293, -2]
204	[-59.61236566659085, -3]
204	[-59.61236566659085, -3]
204	[-59.61236566659085, -3]
204	[-59.61236566659085, -3]
205	[-64.98453060042586, 0]
205	[-61.80897223053039, -1]
205	[-61.7684114964293, -2]
205	[-59.61236566659085, -3]
205	[-59.61236566659085, -3]
205	[-59.61236566659085, -3]
205	[-59.61236566659085, -3]
205	[-59.61236566659085, -3]
206	[-64.98453060042586, 0]
206	[-61.80897223053039, -1]
206	[-61.7684114964293, -2]
206	[-59.61236566659085, -3]
206	[-59.61236566659085, -3]
206	[-59.61236566659085, -3]
206	[-59.61236566659085, -3]
206	[-59.61236566659085, -3]
207	[-64.98453060042586, 0]
207	[-61.80897223053039, -1]
207	[-61.7684114964293, -2]
207	[-59.61236566659085, -3]
207	[-59.61236566659085, -3]
207	[-59.61236566659085, -3]
207	[-59.61236566659085, -3]
207	[-59.61236566659085, -3]
208	[-64.98453060042586, 0]
208	[-61.80897223053039, -1]
208	[-61.7684114964293, -2]
208	[-59.61236566659085, -3]
208	[-59.61236566659085, -3]
208	[-59.61236566659085, -3]
208	[-59.61236566659085, -3]
208	[-59.61236566659085, -3]
209	[-64.98453060042586, 0]
209	[-61.80897223053039, -1]
209	[-61.7684114964293, -2]
209	[-59.61236566659085, -3]
209	[-59.61236566659085, -3]
209	[-59.61236566659085, -3]
209	[-59.61236566659085, -3]
209	[-59.61236566659085, -3]
210	[-64.98453060042586, 0]
210	[-61.80897223053039, -1]
210	[-61.7684114964293, -2]
210	[-59.54774150915739, -3]
211	[-64.98453060042586, 0]
211	[-61.80897223053039, -1]
211	[-61.7684114964293, -2]
211	[-59.54774150915739, -3]
212	[-64.98453060042586, 0]
212	[-61.80897223053039, -1]
212	[-61.7684114964293, -2]
212	[-59.54774150915739, -3]
212	[-59.54774150915739, -3]
213	[-64.98453060042586, 0]
213	[-64.98453060042586, 0]
213	[-61.80897223053039, -1]
213	[-61.7684114964293, -2]
213	[-59.54774150915739, -3]
213	[-59.54774150915739, -3]
214	[-64.98453060042586, 0]
214	[-64.98453060042586, 0]
214	[-61.80897223053039, -1]
214	[-61.7684114964293, -2]
214	[-59.54774150915739, -3]
214	[-59.54774150915739, -3]
214	[-59.54774150915739, -3]
215	[-64.98453060042586, 0]
215	[-64.98453060042586, 0]
215	[-61.80897223053039, -1]
215	[-61.4681791256156, -2]
215	[-59.54774150915739, -3]
215	[-59.54774150915739, -3]
215	[-59.54774150915739, -3]
215	[-59.54774150915739, -3]
216	[-64.98453060042586, 0]
216	[-64.98453060042586, 0]
216	[-61.80897223053039, -1]
216	[-61.80897223053039, -1]
216	[-61.4681791256156, -2]
216	[-59.54774150915739, -3]
216	[-59.54774150915739, -3]
216	[-59.54774150915739, -3]
216	[-59.54774150915739, -3]
217	[-64.98453060042586, 0]
217	[-64.98453060042586, 0]
217	[-61.80897223053039, -1]
217	[-61.80897223053039, -1]
217	[-61.4681791256156, -2]
217	[-59.54774150915739, -3]
217	[-59.54774150915739, -3]
217	[-59.54774150915739, -3]
217	[-59.54774150915739, -3]
218	[-64.98453060042586, 0]
218	[-64.98453060042586, 0]
218	[-61.80897223053039, -1]
218	[-61.80897223053039, -1]
218	[-61.4681791256156, -2]
218	[-59.54774150915739, -3]
218	[-59.54774150915739, -3]
218	[-59.54774150915739, -3]
218	[-59.54774150915739, -3]
218	[-59.54774150915739, -3]
219	[-64.98453060042586, 0]
219	[-64.98453060042586, 0]
219	[-64.98453060042586, 0]
219	[-61.80897223053039, -1]
219	[-61.80897223053039, -1]
219	[-61.4681791256156, -2]
219	[-59.54774150915739, -3]
219	[-59.54774150915739, -3]
219	[-59.54774150915739, -3]
219	[-59.54774150915739, -3]
219	[-59.54774150915739, -3]
219	[-59.54774150915739, -3]
219	[-59.54774150915739, -3]
219	[-59.54774150915739, -3]
219	[-59.54774150915739, -3]
220	[-64.98453060042586, 0]
220	[-64.98453060042586, 0]
220	[-64.98453060042586, 0]
220	[-61.80897223053039, -1]
220	[-61.80897223053039, -1]
220	[-61.4681791256156, -2]
220	[-59.54774150915739, -3]
220	[-59.54774150915739, -3]
220	[-59.54774150915739, -3]
220	[-59.54774150915739, -3]
220	[-59.54774150915739, -3]
220	[-59.54774150915739, -3]
220	[-59.54774150915739, -3]
220	[-59.54774150915739, -3]
220	[-59.54774150915739, -3]
221	[-64.16561542653952, 0]
221	[-61.80897223053039, -1]
221	[-61.80897223053039, -1]
221	[-61.4681791256156, -2]
221	[-59.54774150915739, -3]
221	[-59.54774150915739, -3]
221	[-59.54774150915739, -3]
221	[-59.54774150915739, -3]
221	[-59.54774150915739, -3]
221	[-59.54774150915739, -3]
221	[-59.54774150915739, -3]
221	[-59.54774150915739, -3]
221	[-59.54774150915739, -3]
222	[-64.16561542653952, 0]
222	[-61.80897223053039, -1]
222	[-61.80897223053039, -1]
222	[-61.4681791256156, -2]
222	[-59.54774150915739, -3]
222	[-59.54774150915739, -3]
222	[-59.54774150915739, -3]
222	[-59.54774150915739, -3]
222	[-59.54774150915739, -3]
222	[-59.54774150915739, -3]
222	[-59.54774150915739, -3]
222	[-59.54774150915739, -3]
222	[-59.54774150915739, -3]
223	[-64.16561542653952, 0]
223	[-61.80897223053039, -1]
223	[-61.80897223053039, -1]
223	[-61.4681791256156, -2]
223	[-59.54774150915739, -3]
223	[-59.54774150915739, -3]
223	[-59.54774150915739, -3]
223	[-59.54774150915739, -3]
223	[-59.54774150915739, -3]
223	[-59.54774150915739, -3]
223	[-59.54774150915739, -3]
223	[-59.54774150915739, -3]
223	[-59.54774150915739, -3]
223	[-59.54774150915739, -3]
224	[-64.13471739272828, 0]
224	[-61.80897223053039, -1]
224	[-61.80897223053039, -1]
224	[-61.4681791256156, -2]
224	[-59.54774150915739, -3]
224	[-59.54774150915739, -3]
224	[-59.54774150915739, -3]
224	[-59.54774150915739, -3]
224	[-59.54774150915739, -3]
224	[-59.54774150915739, -3]
224	[-59.54774150915739, -3]
224	[-59.54774150915739, -3]
224	[-59.54774150915739, -3]
224	[-59.54774150915739, -3]
224	[-59.54774150915739, -3]
224	[-59.54774150915739, -3]
225	[-64.13471739272828, 0]
225	[-61.80897223053039, -1]
225	[-61.80897223053039, -1]
225	[-61.4681791256156, -2]
225	[-59.54774150915739, -3]
225	[-59.54774150915739, -3]
225	[-59.54774150915739, -3]
225	[-59.54774150915739, -3]
225	[-59.54774150915739, -3]
225	[-59.54774150915739, -3]
225	[-59.54774150915739, -3]
225	[-59.54774150915739, -3]
225	[-59.54774150915739, -3]
225	[-59.54774150915739, -3]
225	[-59.54774150915739, -3]
225	[-59.54774150915739, -3]
226	[-64.13471739272828, 0]
226	[-61.80897223053039, -1]
226	[-61.80897223053039, -1]
226	[-61.4681791256156, -2]
226	[-59.54774150915739, -3]
226	[-59.54774150915739, -3]
226	[-59.54774150915739, -3]
226	[-59.54774150915739, -3]
226	[-59.54774150915739, -3]
226	[-59.54774150915739, -3]
226	[-59.54774150915739, -3]
226	[-59.54774150915739, -3]
226	[-59.54774150915739, -3]
226	[-59.54774150915739, -3]
226	[-59.54774150915739, -3]
226	[-59.54774150915739, -3]
226	[-59.54774150915739, -3]
227	[-64.13471739272828, 0]
227	[-61.80897223053039, -1]
227	[-61.80897223053039, -1]
227	[-61.4681791256156, -2]
227	[-59.54774150915739, -3]
227	[-59.54774150915739, -3]
227	[-59.54774150915739, -3]
227	[-59.54774150915739, -3]
227	[-59.54774150915739, -3]
227	[-59.54774150915739, -3]
227	[-59.54774150915739, -3]
227	[-59.54774150915739, -3]
227	[-59.54774150915739, -3]
227	[-59.54774150915739, -3]
227	[-59.54774150915739, -3]
227	[-59.54774150915739, -3]
227	[-59.54774150915739, -3]
227	[-59.54774150915739, -3]
228	[-64.13471739272828, 0]
228	[-61.80897223053039, -1]
228	[-61.80897223053039, -1]
228	[-61.4681791256156, -2]
228	[-59.54774150915739, -3]
228	[-59.54774150915739, -3]
228	[-59.54774150915739, -3]
228	[-59.54774150915739, -3]
228	[-59.54774150915739, -3]
228	[-59.54774150915739, -3]
228	[-59.54774150915739, -3]
228	[-59.54774150915739, -3]
228	[-59.54774150915739, -3]
228	[-59.54774150915739, -3]
228	[-59.54774150915739, -3]
228	[-59.54774150915739, -3]
228	[-59.54774150915739, -3]
228	[-59.54774150915739, -3]
229	[-64.13471739272828, 0]
229	[-61.80897223053039, -1]
229	[-61.80897223053039, -1]
229	[-61.4681791256156, -2]
229	[-59.54774150915739, -3]
229	[-59.54774150915739, -3]
229	[-59.54774150915739, -3]
229	[-59.54774150915739, -3]
229	[-59.54774150915739, -3]
229	[-59.54774150915739, -3]
229	[-59.54774150915739, -3]
229	[-59.54774150915739, -3]
229	[-59.54774150915739, -3]
229	[-59.54774150915739, -3]
229	[-59.54774150915739, -3]
229	[-59.54774150915739, -3]
229	[-59.54774150915739, -3]
229	[-59.54774150915739, -3]
230	[-64.13471739272828, 0]
230	[-61.80897223053039, -1]
230	[-61.80897223053039, -1]
230	[-61.4681791256156, -2]
230	[-59.54774150915739, -3]
230	[-59.54774150915739, -3]
230	[-59.54774150915739, -3]
230	[-59.54774150915739, -3]
230	[-59.54774150915739, -3]
230	[-59.54774150915739, -3]
230	[-59.54774150915739, -3]
230	[-59.54774150915739, -3]
230	[-59.54774150915739, -3]
230	[-59.54774150915739, -3]
230	[-59.54774150915739, -3]
230	[-59.54774150915739, -3]
230	[-59.54774150915739, -3]
230	[-59.54774150915739, -3]
230	[-59.54774150915739, -3]
230	[-59.54774150915739, -3]
230	[-59.54774150915739, -3]
231	[-64.13471739272828, 0]
231	[-61.80897223053039, -1]
231	[-61.80897223053039, -1]
231	[-61.4681791256156, -2]
231	[-59.54774150915739, -3]
231	[-59.54774150915739, -3]
231	[-59.54774150915739, -3]
231	[-59.54774150915739, -3]
231	[-59.54774150915739, -3]
231	[-59.54774150915739, -3]
231	[-59.54774150915739, -3]
231	[-59.54774150915739, -3]
231	[-59.54774150915739, -3]
231	[-59.54774150915739, -3]
231	[-59.54774150915739, -3]
231	[-59.54774150915739, -3]
231	[-59.54774150915739, -3]
231	[-59.54774150915739, -3]
231	[-59.54774150915739, -3]
231	[-59.54774150915739, -3]
231	[-59.54774150915739, -3]
232	[-64.13471739272828, 0]
232	[-61.80897223053039, -1]
232	[-61.80897223053039, -1]
232	[-61.4681791256156, -2]
232	[-59.54774150915739, -3]
232	[-59.54774150915739, -3]
232	[-59.54774150915739, -3]
232	[-59.54774150915739, -3]
232	[-59.54774150915739, -3]
232	[-59.54774150915739, -3]
232	[-59.54774150915739, -3]
232	[-59.54774150915739, -3]
232	[-59.54774150915739, -3]
232	[-59.54774150915739, -3]
232	[-59.54774150915739, -3]
232	[-59.54774150915739, -3]
232	[-59.54774150915739, -3]
232	[-59.54774150915739, -3]
232	[-59.54774150915739, -3]
232	[-59.54774150915739, -3]
232	[-59.54774150915739, -3]
233	[-64.13471739272828, 0]
233	[-61.80897223053039, -1]
233	[-61.80897223053039, -1]
233	[-61.4681791256156, -2]
233	[-59.54774150915739, -3]
233	[-59.54774150915739, -3]
233	[-59.54774150915739, -3]
233	[-59.54774150915739, -3]
233	[-59.54774150915739, -3]
233	[-59.54774150915739, -3]
233	[-59.54774150915739, -3]
233	[-59.54774150915739, -3]
233	[-59.54774150915739, -3]
233	[-59.54774150915739, -3]
233	[-59.54774150915739, -3]
233	[-59.54774150915739, -3]
233	[-59.54774150915739, -3]
233	[-59.54774150915739, -3]
233	[-59.54774150915739, -3]
233	[-59.54774150915739, -3]
233	[-59.54774150915739, -3]
234	[-64.13471739272828, 0]
234	[-61.80897223053039, -1]
234	[-61.80897223053039, -1]
234	[-61.4681791256156, -2]
234	[-59.52358027699543, -3]
235	[-64.13471739272828, 0]
235	[-61.80897223053039, -1]
235	[-61.80897223053039, -1]
235	[-61.4681791256156, -2]
235	[-59.52358027699543, -3]
236	[-64.13471739272828, 0]
236	[-61.80897223053039, -1]
236	[-61.80897223053039, -1]
236	[-61.4681791256156, -2]
236	[-59.52358027699543, -3]
237	[-64.13471739272828, 0]
237	[-61.80897223053039, -1]
237	[-61.80897223053039, -1]
237	[-61.4681791256156, -2]
237	[-59.52358027699543, -3]
238	[-64.13471739272828, 0]
238	[-61.80897223053039, -1]
238	[-61.80897223053039, -1]
238	[-61.4681791256156, -2]
238	[-59.52358027699543, -3]
239	[-64.13471739272828, 0]
239	[-61.80897223053039, -1]
239	[-61.80897223053039, -1]
239	[-61.4681791256156, -2]
239	[-59.52358027699543, -3]
239	[-59.52358027699543, -3]
240	[-64.13471739272828, 0]
240	[-61.80897223053039, -1]
240	[-61.80897223053039, -1]
240	[-61.4681791256156, -2]
240	[-59.52358027699543, -3]
240	[-59.52358027699543, -3]
241	[-64.13471739272828, 0]
241	[-61.80897223053039, -1]
241	[-61.80897223053039, -1]
241	[-61.4681791256156, -2]
241	[-59.52358027699543, -3]
241	[-59.52358027699543, -3]
242	[-64.13471739272828, 0]
242	[-61.80897223053039, -1]
242	[-61.80897223053039, -1]
242	[-61.4681791256156, -2]
242	[-59.52358027699543, -3]
242	[-59.52358027699543, -3]
243	[-64.13471739272828, 0]
243	[-61.80897223053039, -1]
243	[-61.80897223053039, -1]
243	[-61.4681791256156, -2]
243	[-59.52358027699543, -3]
243	[-59.52358027699543, -3]
244	[-64.13471739272828, 0]
244	[-61.80897223053039, -1]
244	[-61.80897223053039, -1]
244	[-61.4681791256156, -2]
244	[-59.52358027699543, -3]
244	[-59.52358027699543, -3]
245	[-64.07668077762163, 0]
245	[-61.80897223053039, -1]
245	[-61.80897223053039, -1]
245	[-61.4681791256156, -2]
245	[-59.52358027699543, -3]
245	[-59.52358027699543, -3]
246	[-64.07668077762163, 0]
246	[-61.80897223053039, -1]
246	[-61.80897223053039, -1]
246	[-61.4681791256156, -2]
246	[-59.52358027699543, -3]
246	[-59.52358027699543, -3]
247	[-64.07668077762163, 0]
247	[-61.80897223053039, -1]
247	[-61.80897223053039, -1]
247	[-61.4681791256156, -2]
247	[-59.52358027699543, -3]
247	[-59.52358027699543, -3]
248	[-64.07668077762163, 0]
248	[-61.80897223053039, -1]
248	[-61.80897223053039, -1]
248	[-61.4681791256156, -2]
248	[-59.52358027699543, -3]
248	[-59.52358027699543, -3]
249	[-64.07668077762163, 0]
249	[-61.80897223053039, -1]
249	[-61.80897223053039, -1]
249	[-61.4681791256156, -2]
249	[-59.52358027699543, -3]
249	[-59.52358027699543, -3]
249	[-59.52358027699543, -3]
249	[-59.52358027699543, -3]
250	[-64.07668077762163, 0]
250	[-61.80897223053039, -1]
250	[-61.80897223053039, -1]
250	[-61.4681791256156, -2]
250	[-59.52358027699543, -3]
250	[-59.52358027699543, -3]
250	[-59.52358027699543, -3]
250	[-59.52358027699543, -3]
251	[-64.07668077762163, 0]
251	[-64.07668077762163, 0]
251	[-61.80897223053039, -1]
251	[-61.80897223053039, -1]
251	[-61.4681791256156, -2]
251	[-59.52358027699543, -3]
251	[-59.52358027699543, -3]
251	[-59.52358027699543, -3]
251	[-59.52358027699543, -3]
252	[-64.07668077762163, 0]
252	[-64.07668077762163, 0]
252	[-61.80897223053039, -1]
252	[-61.80897223053039, -1]
252	[-61.4681791256156, -2]
252	[-59.52358027699543, -3]
252	[-59.52358027699543, -3]
252	[-59.52358027699543, -3]
252	[-59.52358027699543, -3]
253	[-64.07668077762163, 0]
253	[-64.07668077762163, 0]
253	[-61.80897223053039, -1]
253	[-61.80897223053039, -1]
253	[-61.4681791256156, -2]
253	[-59.52358027699543, -3]
253	[-59.52358027699543, -3]
253	[-59.52358027699543, -3]
253	[-59.52358027699543, -3]
254	[-64.01629692667039, 0]
254	[-61.80897223053039, -1]
254	[-61.80897223053039, -1]
254	[-61.4681791256156, -2]
254	[-59.52358027699543, -3]
254	[-59.52358027699543, -3]
254	[-59.52358027699543, -3]
254	[-59.52358027699543, -3]
254	[-59.52358027699543, -3]
255	[-64.01629692667039, 0]
255	[-61.80897223053039, -1]
255	[-61.80897223053039, -1]
255	[-61.4681791256156, -2]
255	[-59.52358027699543, -3]
255	[-59.52358027699543, -3]
255	[-59.52358027699543, -3]
255	[-59.52358027699543, -3]
255	[-59.52358027699543, -3]
256	[-64.01629692667039, 0]
256	[-61.80897223053039, -1]
256	[-61.80897223053039, -1]
256	[-61.4681791256156, -2]
256	[-59.52358027699543, -3]
256	[-59.52358027699543, -3]
256	[-59.52358027699543, -3]
256	[-59.52358027699543, -3]
256	[-59.52358027699543, -3]
257	[-64.01629692667039, 0]
257	[-61.80897223053039, -1]
257	[-61.80897223053039, -1]
257	[-60.994390354565965, -2]
257	[-59.52358027699543, -3]
257	[-59.52358027699543, -3]
257	[-59.52358027699543, -3]
257	[-59.52358027699543, -3]
257	[-59.52358027699543, -3]
257	[-59.52358027699543, -3]
258	[-64.01629692667039, 0]
258	[-61.80897223053039, -1]
258	[-61.80897223053039, -1]
258	[-60.994390354565965, -2]
258	[-59.52358027699543, -3]
258	[-59.52358027699543, -3]
258	[-59.52358027699543, -3]
258	[-59.52358027699543, -3]
258	[-59.52358027699543, -3]
258	[-59.52358027699543, -3]
259	[-64.01629692667039, 0]
259	[-61.80897223053039, -1]
259	[-61.80897223053039, -1]
259	[-60.994390354565965, -2]
259	[-59.52358027699543, -3]
259	[-59.52358027699543, -3]
259	[-59.52358027699543, -3]
259	[-59.52358027699543, -3]
259	[-59.52358027699543, -3]
259	[-59.52358027699543, -3]
259	[-59.52358027699543, -3]
259	[-59.52358027699543, -3]
260	[-64.01629692667039, 0]
260	[-61.80897223053039, -1]
260	[-61.80897223053039, -1]
260	[-60.994390354565965, -2]
260	[-59.52358027699543, -3]
260	[-59.52358027699543, -3]
260	[-59.52358027699543, -3]
260	[-59.52358027699543, -3]
260	[-59.52358027699543, -3]
260	[-59.52358027699543, -3]
260	[-59.52358027699543, -3]
260	[-59.52358027699543, -3]
261	[-64.01629692667039, 0]
261	[-61.80897223053039, -1]
261	[-61.80897223053039, -1]
261	[-60.994390354565965, -2]
261	[-59.52358027699543, -3]
261	[-59.52358027699543, -3]
261	[-59.52358027699543, -3]
261	[-59.52358027699543, -3]
261	[-59.52358027699543, -3]
261	[-59.52358027699543, -3]
261	[-59.52358027699543, -3]
261	[-59.52358027699543, -3]
261	[-59.52358027699543, -3]
261	[-59.52358027699543, -3]
262	[-64.01629692667039, 0]
262	[-61.80897223053039, -1]
262	[-61.80897223053039, -1]
262	[-60.994390354565965, -2]
262	[-59.52358027699543, -3]
262	[-59.52358027699543, -3]
262	[-59.52358027699543, -3]
262	[-59.52358027699543, -3]
262	[-59.52358027699543, -3]
262	[-59.52358027699543, -3]
262	[-59.52358027699543, -3]
262	[-59.52358027699543, -3]
262	[-59.52358027699543, -3]
262	[-59.52358027699543, -3]
263	[-63.7126433683273, 0]
263	[-61.80897223053039, -1]
263	[-61.80897223053039, -1]
263	[-60.994390354565965, -2]
263	[-59.52358027699543, -3]
263	[-59.52358027699543, -3]
263	[-59.52358027699543, -3]
263	[-59.52358027699543, -3]
263	[-59.52358027699543, -3]
263	[-59.52358027699543, -3]
263	[-59.52358027699543, -3]
263	[-59.52358027699543, -3]
263	[-59.52358027699543, -3]
263	[-59.52358027699543, -3]
263	[-59.52358027699543, -3]
264	[-63.7126433683273, 0]
264	[-61.80897223053039, -1]
264	[-61.80897223053039, -1]
264	[-60.994390354565965, -2]
264	[-59.52358027699543, -3]
264	[-59.52358027699543, -3]
264	[-59.52358027699543, -3]
264	[-59.52358027699543, -3]
264	[-59.52358027699543, -3]
264	[-59.52358027699543, -3]
264	[-59.52358027699543, -3]
264	[-59.52358027699543, -3]
264	[-59.52358027699543, -3]
264	[-59.52358027699543, -3]
264	[-59.52358027699543, -3]
264	[-59.52358027699543, -3]
265	[-63.7126433683273, 0]
265	[-61.80897223053039, -1]
265	[-61.80897223053039, -1]
265	[-61.80897223053039, -1]
265	[-60.994390354565965, -2]
265	[-59.52358027699543, -3]
265	[-59.52358027699543, -3]
265	[-59.52358027699543, -3]
265	[-59.52358027699543, -3]
265	[-59.52358027699543, -3]
265	[-59.52358027699543, -3]
265	[-59.52358027699543, -3]
265	[-59.52358027699543, -3]
265	[-59.52358027699543, -3]
265	[-59.52358027699543, -3]
265	[-59.52358027699543, -3]
265	[-59.52358027699543, -3]
265	[-59.52358027699543, -3]
266	[-63.7126433683273, 0]
266	[-61.80897223053039, -1]
266	[-61.80897223053039, -1]
266	[-61.80897223053039, -1]
266	[-60.994390354565965, -2]
266	[-59.52358027699543, -3]
266	[-59.52358027699543, -3]
266	[-59.52358027699543, -3]
266	[-59.52358027699543, -3]
266	[-59.52358027699543, -3]
266	[-59.52358027699543, -3]
266	[-59.52358027699543, -3]
266	[-59.52358027699543, -3]
266	[-59.52358027699543, -3]
266	[-59.52358027699543, -3]
266	[-59.52358027699543, -3]
266	[-59.52358027699543, -3]
266	[-59.52358027699543, -3]
267	[-63.7126433683273, 0]
267	[-61.80897223053039, -1]
267	[-61.80897223053039, -1]
267	[-61.80897223053039, -1]
267	[-60.994390354565965, -2]
267	[-60.994390354565965, -2]
267	[-59.52358027699543, -3]
267	[-59.52358027699543, -3]
267	[-59.52358027699543, -3]
267	[-59.52358027699543, -3]
267	[-59.52358027699543, -3]
267	[-59.52358027699543, -3]
267	[-59.52358027699543, -3]
267	[-59.52358027699543, -3]
267	[-59.52358027699543, -3]
267	[-59.52358027699543, -3]
267	[-59.52358027699543, -3]
267	[-59.52358027699543, -3]
267	[-59.52358027699543, -3]
267	[-59.52358027699543, -3]
268	[-63.7126433683273, 0]
268	[-61.80897223053039, -1]
268	[-61.80897223053039, -1]
268	[-61.80897223053039, -1]
268	[-60.994390354565965, -2]
268	[-60.994390354565965, -2]
268	[-59.52358027699543, -3]
268	[-59.52358027699543, -3]
268	[-59.52358027699543, -3]
268	[-59.52358027699543, -3]
268	[-59.52358027699543, -3]
268	[-59.52358027699543, -3]
268	[-59.52358027699543, -3]
268	[-59.52358027699543, -3]
268	[-59.52358027699543, -3]
268	[-59.52358027699543, -3]
268	[-59.52358027699543, -3]
268	[-59.52358027699543, -3]
268	[-59.52358027699543, -3]
268	[-59.52358027699543, -3]
269	[-63.7126433683273, 0]
269	[-61.80897223053039, -1]
269	[-61.80897223053039, -1]
269	[-61.80897223053039, -1]
269	[-60.994390354565965, -2]
269	[-60.994390354565965, -2]
269	[-59.52358027699543, -3]
269	[-59.52358027699543, -3]
269	[-59.52358027699543, -3]
269	[-59.52358027699543, -3]
269	[-59.52358027699543, -3]
269	[-59.52358027699543, -3]
269	[-59.52358027699543, -3]
269	[-59.52358027699543, -3]
269	[-59.52358027699543, -3]
269	[-59.52358027699543, -3]
269	[-59.52358027699543, -3]
269	[-59.52358027699543, -3]
269	[-59.52358027699543, -3]
269	[-59.52358027699543, -3]
269	[-59.52358027699543, -3]
269	[-59.52358027699543, -3]
270	[-63.7126433683273, 0]
270	[-63.7126433683273, 0]
270	[-61.80897223053039, -1]
270	[-61.80897223053039, -1]
270	[-61.80897223053039, -1]
270	[-60.994390354565965, -2]
270	[-60.994390354565965, -2]
270	[-59.52358027699543, -3]
270	[-59.52358027699543, -3]
270	[-59.52358027699543, -3]
270	[-59.52358027699543, -3]
270	[-59.52358027699543, -3]
270	[-59.52358027699543, -3]
270	[-59.52358027699543, -3]
270	[-59.52358027699543, -3]
270	[-59.52358027699543, -3]
270	[-59.52358027699543, -3]
270	[-59.52358027699543, -3]
270	[-59.52358027699543, -3]
270	[-59.52358027699543, -3]
270	[-59.52358027699543, -3]
270	[-59.52358027699543, -3]
270	[-59.52358027699543, -3]
271	[-63.70382442266947, 0]
271	[-61.80897223053039, -1]
271	[-61.80897223053039, -1]
271	[-61.80897223053039, -1]
271	[-60.994390354565965, -2]
271	[-60.994390354565965, -2]
271	[-59.52358027699543, -3]
271	[-59.52358027699543, -3]
271	[-59.52358027699543, -3]
271	[-59.52358027699543, -3]
271	[-59.52358027699543, -3]
271	[-59.52358027699543, -3]
271	[-59.52358027699543, -3]
271	[-59.52358027699543, -3]
271	[-59.52358027699543, -3]
271	[-59.52358027699543, -3]
271	[-59.52358027699543, -3]
271	[-59.52358027699543, -3]
271	[-59.52358027699543, -3]
271	[-59.52358027699543, -3]
271	[-59.52358027699543, -3]
271	[-59.52358027699543, -3]
272	[-63.68564741519105, 0]
272	[-61.80897223053039, -1]
272	[-61.80897223053039, -1]
272	[-61.80897223053039, -1]
272	[-60.994390354565965, -2]
272	[-60.994390354565965, -2]
272	[-59.52358027699543, -3]
272	[-59.52358027699543, -3]
272	[-59.52358027699543, -3]
272	[-59.52358027699543, -3]
272	[-59.52358027699543, -3]
272	[-59.52358027699543, -3]
272	[-59.52358027699543, -3]
272	[-59.52358027699543, -3]
272	[-59.52358027699543, -3]
272	[-59.52358027699543, -3]
272	[-59.52358027699543, -3]
272	[-59.52358027699543, -3]
272	[-59.52358027699543, -3]
272	[-59.52358027699543, -3]
272	[-59.52358027699543, -3]
272	[-59.52358027699543, -3]
273	[-63.68564741519105, 0]
273	[-61.80897223053039, -1]
273	[-61.80897223053039, -1]
273	[-61.80897223053039, -1]
273	[-60.994390354565965, -2]
273	[-60.994390354565965, -2]
273	[-59.52358027699543, -3]
273	[-59.52358027699543, -3]
273	[-59.52358027699543, -3]
273	[-59.52358027699543, -3]
273	[-59.52358027699543, -3]
273	[-59.52358027699543, -3]
273	[-59.52358027699543, -3]
273	[-59.52358027699543, -3]
273	[-59.52358027699543, -3]
273	[-59.52358027699543, -3]
273	[-59.52358027699543, -3]
273	[-59.52358027699543, -3]
273	[-59.52358027699543, -3]
273	[-59.52358027699543, -3]
273	[-59.52358027699543, -3]
273	[-59.52358027699543, -3]
273	[-59.52358027699543, -3]
273	[-59.52358027699543, -3]
274	[-63.68564741519105, 0]
274	[-61.80897223053039, -1]
274	[-61.80897223053039, -1]
274	[-61.80897223053039, -1]
274	[-60.994390354565965, -2]
274	[-60.994390354565965, -2]
274	[-59.52358027699543, -3]
274	[-59.52358027699543, -3]
274	[-59.52358027699543, -3]
274	[-59.52358027699543, -3]
274	[-59.52358027699543, -3]
274	[-59.52358027699543, -3]
274	[-59.52358027699543, -3]
274	[-59.52358027699543, -3]
274	[-59.52358027699543, -3]
274	[-59.52358027699543, -3]
274	[-59.52358027699543, -3]
274	[-59.52358027699543, -3]
274	[-59.52358027699543, -3]
274	[-59.52358027699543, -3]
274	[-59.52358027699543, -3]
274	[-59.52358027699543, -3]
274	[-59.52358027699543, -3]
274	[-59.52358027699543, -3]
274	[-59.52358027699543, -3]
274	[-59.52358027699543, -3]
274	[-59.52358027699543, -3]
275	[-63.68564741519105, 0]
275	[-61.80897223053039, -1]
275	[-61.80897223053039, -1]
275	[-61.80897223053039, -1]
275	[-60.994390354565965, -2]
275	[-60.994390354565965, -2]
275	[-59.52358027699543, -3]
275	[-59.52358027699543, -3]
275	[-59.52358027699543, -3]
275	[-59.52358027699543, -3]
275	[-59.52358027699543, -3]
275	[-59.52358027699543, -3]
275	[-59.52358027699543, -3]
275	[-59.52358027699543, -3]
275	[-59.52358027699543, -3]
275	[-59.52358027699543, -3]
275	[-59.52358027699543, -3]
275	[-59.52358027699543, -3]
275	[-59.52358027699543, -3]
275	[-59.52358027699543, -3]
275	[-59.52358027699543, -3]
275	[-59.52358027699543, -3]
275	[-59.52358027699543, -3]
275	[-59.52358027699543, -3]
275	[-59.52358027699543, -3]
275	[-59.52358027699543, -3]
275	[-59.52358027699543, -3]
276	[-63.68564741519105, 0]
276	[-61.80897223053039, -1]
276	[-61.80897223053039, -1]
276	[-61.80897223053039, -1]
276	[-61.80897223053039, -1]
276	[-60.994390354565965, -2]
276	[-60.994390354565965, -2]
276	[-59.52358027699543, -3]
276	[-59.52358027699543, -3]
276	[-59.52358027699543, -3]
276	[-59.52358027699543, -3]
276	[-59.52358027699543, -3]
276	[-59.52358027699543, -3]
276	[-59.52358027699543, -3]
276	[-59.52358027699543, -3]
276	[-59.52358027699543, -3]
276	[-59.52358027699543, -3]
276	[-59.52358027699543, -3]
276	[-59.52358027699543, -3]
276	[-59.52358027699543, -3]
276	[-59.52358027699543, -3]
276	[-59.52358027699543, -3]
276	[-59.52358027699543, -3]
276	[-59.52358027699543, -3]
276	[-59.52358027699543, -3]
276	[-59.52358027699543, -3]
276	[-59.52358027699543, -3]
276	[-59.52358027699543, -3]
276	[-59.52358027699543, -3]
276	[-59.52358027699543, -3]
277	[-63.68564741519105, 0]
277	[-61.80120274121511, -1]
277	[-60.994390354565965, -2]
277	[-60.994390354565965, -2]
277	[-59.52358027699543, -3]
277	[-59.52358027699543, -3]
277	[-59.52358027699543, -3]
277	[-59.52358027699543, -3]
277	[-59.52358027699543, -3]
277	[-59.52358027699543, -3]
277	[-59.52358027699543, -3]
277	[-59.52358027699543, -3]
277	[-59.52358027699543, -3]
277	[-59.52358027699543, -3]
277	[-59.52358027699543, -3]
277	[-59.52358027699543, -3]
277	[-59.52358027699543, -3]
277	[-59.52358027699543, -3]
277	[-59.52358027699543, -3]
277	[-59.52358027699543, -3]
277	[-59.52358027699543, -3]
277	[-59.52358027699543, -3]
277	[-59.52358027699543, -3]
277	[-59.52358027699543, -3]
277	[-59.52358027699543, -3]
277	[-59.52358027699543, -3]
277	[-59.52358027699543, -3]
277	[-59.52358027699543, -3]
278	[-63.68564741519105, 0]
278	[-61.80120274121511, -1]
278	[-60.994390354565965, -2]
278	[-60.994390354565965, -2]
278	[-59.52358027699543, -3]
278	[-59.52358027699543, -3]
278	[-59.52358027699543, -3]
278	[-59.52358027699543, -3]
278	[-59.52358027699543, -3]
278	[-59.52358027699543, -3]
278	[-59.52358027699543, -3]
278	[-59.52358027699543, -3]
278	[-59.52358027699543, -3]
278	[-59.52358027699543, -3]
278	[-59.52358027699543, -3]
278	[-59.52358027699543, -3]
278	[-59.52358027699543, -3]
278	[-59.52358027699543, -3]
278	[-59.52358027699543, -3]
278	[-59.52358027699543, -3]
278	[-59.52358027699543, -3]
278	[-59.52358027699543, -3]
278	[-59.52358027699543, -3]
278	[-59.52358027699543, -3]
278	[-59.52358027699543, -3]
278	[-59.52358027699543, -3]
278	[-59.52358027699543, -3]
278	[-59.52358027699543, -3]
278	[-59.52358027699543, -3]
278	[-59.52358027699543, -3]
279	[-63.68564741519105, 0]
279	[-61.80120274121511, -1]
279	[-60.994390354565965, -2]
279	[-60.994390354565965, -2]
279	[-59.52358027699543, -3]
279	[-59.52358027699543, -3]
279	[-59.52358027699543, -3]
279	[-59.52358027699543, -3]
279	[-59.52358027699543, -3]
279	[-59.52358027699543, -3]
279	[-59.52358027699543, -3]
279	[-59.52358027699543, -3]
279	[-59.52358027699543, -3]
279	[-59.52358027699543, -3]
279	[-59.52358027699543, -3]
279	[-59.52358027699543, -3]
279	[-59.52358027699543, -3]
279	[-59.52358027699543, -3]
279	[-59.52358027699543, -3]
279	[-59.52358027699543, -3]
279	[-59.52358027699543, -3]
279	[-59.52358027699543, -3]
279	[-59.52358027699543, -3]
279	[-59.52358027699543, -3]
279	[-59.52358027699543, -3]
279	[-59.52358027699543, -3]
279	[-59.52358027699543, -3]
279	[-59.52358027699543, -3]
279	[-59.52358027699543, -3]
279	[-59.52358027699543, -3]
279	[-59.52358027699543, -3]
280	[-63.68564741519105, 0]
280	[-61.80120274121511, -1]
280	[-60.994390354565965, -2]
280	[-60.994390354565965, -2]
280	[-59.52358027699543, -3]
280	[-59.52358027699543, -3]
280	[-59.52358027699543, -3]
280	[-59.52358027699543, -3]
280	[-59.52358027699543, -3]
280	[-59.52358027699543, -3]
280	[-59.52358027699543, -3]
280	[-59.52358027699543, -3]
280	[-59.52358027699543, -3]
280	[-59.52358027699543, -3]
280	[-59.52358027699543, -3]
280	[-59.52358027699543, -3]
280	[-59.52358027699543, -3]
280	[-59.52358027699543, -3]
280	[-59.52358027699543, -3]
280	[-59.52358027699543, -3]
280	[-59.52358027699543, -3]
280	[-59.52358027699543, -3]
280	[-59.52358027699543, -3]
280	[-59.52358027699543, -3]
280	[-59.52358027699543, -3]
280	[-59.52358027699543, -3]
280	[-59.52358027699543, -3]
280	[-59.52358027699543, -3]
280	[-59.52358027699543, -3]
280	[-59.52358027699543, -3]
280	[-59.52358027699543, -3]
280	[-59.52358027699543, -3]
280	[-59.52358027699543, -3]
280	[-59.52358027699543, -3]
281	[-63.68564741519105, 0]
281	[-61.80120274121511, -1]
281	[-60.994390354565965, -2]
281	[-60.994390354565965, -2]
281	[-60.994390354565965, -2]
281	[-59.52358027699543, -3]
281	[-59.52358027699543, -3]
281	[-59.52358027699543, -3]
281	[-59.52358027699543, -3]
281	[-59.52358027699543, -3]
281	[-59.52358027699543, -3]
281	[-59.52358027699543, -3]
281	[-59.52358027699543, -3]
281	[-59.52358027699543, -3]
281	[-59.52358027699543, -3]
281	[-59.52358027699543, -3]
281	[-59.52358027699543, -3]
281	[-59.52358027699543, -3]
281	[-59.52358027699543, -3]
281	[-59.52358027699543, -3]
281	[-59.52358027699543, -3]
281	[-59.52358027699543, -3]
281	[-59.52358027699543, -3]
281	[-59.52358027699543, -3]
281	[-59.52358027699543, -3]
281	[-59.52358027699543, -3]
281	[-59.52358027699543, -3]
281	[-59.52358027699543, -3]
281	[-59.52358027699543, -3]
281	[-59.52358027699543, -3]
281	[-59.52358027699543, -3]
281	[-59.52358027699543, -3]
281	[-59.52358027699543, -3]
281	[-59.52358027699543, -3]
281	[-59.52358027699543, -3]
281	[-59.52358027699543, -3]
282	[-63.68564741519105, 0]
282	[-61.80120274121511, -1]
282	[-60.994390354565965, -2]
282	[-60.994390354565965, -2]
282	[-60.994390354565965, -2]
282	[-59.52358027699543, -3]
282	[-59.52358027699543, -3]
282	[-59.52358027699543, -3]
282	[-59.52358027699543, -3]
282	[-59.52358027699543, -3]
282	[-59.52358027699543, -3]
282	[-59.52358027699543, -3]
282	[-59.52358027699543, -3]
282	[-59.52358027699543, -3]
282	[-59.52358027699543, -3]
282	[-59.52358027699543, -3]
282	[-59.52358027699543, -3]
282	[-59.52358027699543, -3]
282	[-59.52358027699543, -3]
282	[-59.52358027699543, -3]
282	[-59.52358027699543, -3]
282	[-59.52358027699543, -3]
282	[-59.52358027699543, -3]
282	[-59.52358027699543, -3]
282	[-59.52358027699543, -3]
282	[-59.52358027699543, -3]
282	[-59.52358027699543, -3]
282	[-59.52358027699543, -3]
282	[-59.52358027699543, -3]
282	[-59.52358027699543, -3]
282	[-59.52358027699543, -3]
282	[-59.52358027699543, -3]
282	[-59.52358027699543, -3]
282	[-59.52358027699543, -3]
282	[-59.52358027699543, -3]
282	[-59.52358027699543, -3]
282	[-59.52358027699543, -3]
282	[-59.52358027699543, -3]
283	[-63.68564741519105, 0]
283	[-61.80120274121511, -1]
283	[-60.994390354565965, -2]
283	[-60.994390354565965, -2]
283	[-60.994390354565965, -2]
283	[-59.52358027699543, -3]
283	[-59.52358027699543, -3]
283	[-59.52358027699543, -3]
283	[-59.52358027699543, -3]
283	[-59.52358027699543, -3]
283	[-59.52358027699543, -3]
283	[-59.52358027699543, -3]
283	[-59.52358027699543, -3]
283	[-59.52358027699543, -3]
283	[-59.52358027699543, -3]
283	[-59.52358027699543, -3]
283	[-59.52358027699543, -3]
283	[-59.52358027699543, -3]
283	[-59.52358027699543, -3]
283	[-59.52358027699543, -3]
283	[-59.52358027699543, -3]
283	[-59.52358027699543, -3]
283	[-59.52358027699543, -3]
283	[-59.52358027699543, -3]
283	[-59.52358027699543, -3]
283	[-59.52358027699543, -3]
283	[-59.52358027699543, -3]
283	[-59.52358027699543, -3]
283	[-59.52358027699543, -3]
283	[-59.52358027699543, -3]
283	[-59.52358027699543, -3]
283	[-59.52358027699543, -3]
283	[-59.52358027699543, -3]
283	[-59.52358027699543, -3]
283	[-59.52358027699543, -3]
283	[-59.52358027699543, -3]
283	[-59.52358027699543, -3]
283	[-59.52358027699543, -3]
283	[-59.52358027699543, -3]
284	[-63.301341690425694, 0]
284	[-61.80120274121511, -1]
284	[-60.994390354565965, -2]
284	[-60.994390354565965, -2]
284	[-60.994390354565965, -2]
284	[-59.52358027699543, -3]
284	[-59.52358027699543, -3]
284	[-59.52358027699543, -3]
284	[-59.52358027699543, -3]
284	[-59.52358027699543, -3]
284	[-59.52358027699543, -3]
284	[-59.52358027699543, -3]
284	[-59.52358027699543, -3]
284	[-59.52358027699543, -3]
284	[-59.52358027699543, -3]
284	[-59.52358027699543, -3]
284	[-59.52358027699543, -3]
284	[-59.52358027699543, -3]
284	[-59.52358027699543, -3]
284	[-59.52358027699543, -3]
284	[-59.52358027699543, -3]
284	[-59.52358027699543, -3]
284	[-59.52358027699543, -3]
284	[-59.52358027699543, -3]
284	[-59.52358027699543, -3]
284	[-59.52358027699543, -3]
284	[-59.52358027699543, -3]
284	[-59.52358027699543, -3]
284	[-59.52358027699543, -3]
284	[-59.52358027699543, -3]
284	[-59.52358027699543, -3]
284	[-59.52358027699543, -3]
284	[-59.52358027699543, -3]
284	[-59.52358027699543, -3]
284	[-59.52358027699543, -3]
284	[-59.52358027699543, -3]
284	[-59.52358027699543, -3]
284	[-59.52358027699543, -3]
284	[-59.52358027699543, -3]
285	[-63.301341690425694, 0]
285	[-61.80120274121511, -1]
285	[-60.994390354565965, -2]
285	[-60.994390354565965, -2]
285	[-60.994390354565965, -2]
285	[-59.52358027699543, -3]
285	[-59.52358027699543, -3]
285	[-59.52358027699543, -3]
285	[-59.52358027699543, -3]
285	[-59.52358027699543, -3]
285	[-59.52358027699543, -3]
285	[-59.52358027699543, -3]
285	[-59.52358027699543, -3]
285	[-59.52358027699543, -3]
285	[-59.52358027699543, -3]
285	[-59.52358027699543, -3]
285	[-59.52358027699543, -3]
285	[-59.52358027699543, -3]
285	[-59.52358027699543, -3]
285	[-59.52358027699543, -3]
285	[-59.52358027699543, -3]
285	[-59.52358027699543, -3]
285	[-59.52358027699543, -3]
285	[-59.52358027699543, -3]
285	[-59.52358027699543, -3]
285	[-59.52358027699543, -3]
285	[-59.52358027699543, -3]
285	[-59.52358027699543, -3]
285	[-59.52358027699543, -3]
285	[-59.52358027699543, -3]
285	[-59.52358027699543, -3]
285	[-59.52358027699543, -3]
285	[-59.52358027699543, -3]
285	[-59.52358027699543, -3]
285	[-59.52358027699543, -3]
285	[-59.52358027699543, -3]
285	[-59.52358027699543, -3]
285	[-59.52358027699543, -3]
285	[-59.52358027699543, -3]
285	[-59.52358027699543, -3]
286	[-63.301341690425694, 0]
286	[-63.301341690425694, 0]
286	[-61.80120274121511, -1]
286	[-60.994390354565965, -2]
286	[-60.994390354565965, -2]
286	[-60.994390354565965, -2]
286	[-59.52358027699543, -3]
286	[-59.52358027699543, -3]
286	[-59.52358027699543, -3]
286	[-59.52358027699543, -3]
286	[-59.52358027699543, -3]
286	[-59.52358027699543, -3]
286	[-59.52358027699543, -3]
286	[-59.52358027699543, -3]
286	[-59.52358027699543, -3]
286	[-59.52358027699543, -3]
286	[-59.52358027699543, -3]
286	[-59.52358027699543, -3]
286	[-59.52358027699543, -3]
286	[-59.52358027699543, -3]
286	[-59.52358027699543, -3]
286	[-59.52358027699543, -3]
286	[-59.52358027699543, -3]
286	[-59.52358027699543, -3]
286	[-59.52358027699543, -3]
286	[-59.52358027699543, -3]
286	[-59.52358027699543, -3]
286	[-59.52358027699543, -3]
286	[-59.52358027699543, -3]
286	[-59.52358027699543, -3]
286	[-59.52358027699543, -3]
286	[-59.52358027699543, -3]
286	[-59.52358027699543, -3]
286	[-59.52358027699543, -3]
286	[-59.52358027699543, -3]
286	[-59.52358027699543, -3]
286	[-59.52358027699543, -3]
286	[-59.52358027699543, -3]
286	[-59.52358027699543, -3]
286	[-59.52358027699543, -3]
286	[-59.52358027699543, -3]
286	[-59.52358027699543, -3]
287	[-63.301341690425694, 0]
287	[-63.301341690425694, 0]
287	[-61.80120274121511, -1]
287	[-60.994390354565965, -2]
287	[-60.994390354565965, -2]
287	[-60.994390354565965, -2]
287	[-59.52358027699543, -3]
287	[-59.52358027699543, -3]
287	[-59.52358027699543, -3]
287	[-59.52358027699543, -3]
287	[-59.52358027699543, -3]
287	[-59.52358027699543, -3]
287	[-59.52358027699543, -3]
287	[-59.52358027699543, -3]
287	[-59.52358027699543, -3]
287	[-59.52358027699543, -3]
287	[-59.52358027699543, -3]
287	[-59.52358027699543, -3]
287	[-59.52358027699543, -3]
287	[-59.52358027699543, -3]
287	[-59.52358027699543, -3]
287	[-59.52358027699543, -3]
287	[-59.52358027699543, -3]
287	[-59.52358027699543, -3]
287	[-59.52358027699543, -3]
287	[-59.52358027699543, -3]
287	[-59.52358027699543, -3]
287	[-59.52358027699543, -3]
287	[-59.52358027699543, -3]
287	[-59.52358027699543, -3]
287	[-59.52358027699543, -3]
287	[-59.52358027699543, -3]
287	[-59.52358027699543, -3]
287	[-59.52358027699543, -3]
287	[-59.52358027699543, -3]
287	[-59.52358027699543, -3]
287	[-59.52358027699543, -3]
287	[-59.52358027699543, -3]
287	[-59.52358027699543, -3]
287	[-59.52358027699543, -3]
287	[-59.52358027699543, -3]
287	[-59.52358027699543, -3]
287	[-59.52358027699543, -3]
288	[-63.301341690425694, 0]
288	[-63.301341690425694, 0]
288	[-61.80120274121511, -1]
288	[-60.994390354565965, -2]
288	[-60.994390354565965, -2]
288	[-60.994390354565965, -2]
288	[-59.52358027699543, -3]
288	[-59.52358027699543, -3]
288	[-59.52358027699543, -3]
288	[-59.52358027699543, -3]
288	[-59.52358027699543, -3]
288	[-59.52358027699543, -3]
288	[-59.52358027699543, -3]
288	[-59.52358027699543, -3]
288	[-59.52358027699543, -3]
288	[-59.52358027699543, -3]
288	[-59.52358027699543, -3]
288	[-59.52358027699543, -3]
288	[-59.52358027699543, -3]
288	[-59.52358027699543, -3]
288	[-59.52358027699543, -3]
288	[-59.52358027699543, -3]
288	[-59.52358027699543, -3]
288	[-59.52358027699543, -3]
288	[-59.52358027699543, -3]
288	[-59.52358027699543, -3]
288	[-59.52358027699543, -3]
288	[-59.52358027699543, -3]
288	[-59.52358027699543, -3]
288	[-59.52358027699543, -3]
288	[-59.52358027699543, -3]
288	[-59.52358027699543, -3]
288	[-59.52358027699543, -3]
288	[-59.52358027699543, -3]
288	[-59.52358027699543, -3]
288	[-59.52358027699543, -3]
288	[-59.52358027699543, -3]
288	[-59.52358027699543, -3]
288	[-59.52358027699543, -3]
288	[-59.52358027699543, -3]
288	[-59.52358027699543, -3]
288	[-59.52358027699543, -3]
288	[-59.52358027699543, -3]
288	[-59.52358027699543, -3]
289	[-63.301341690425694, 0]
289	[-63.301341690425694, 0]
289	[-61.80120274121511, -1]
289	[-60.994390354565965, -2]
289	[-60.994390354565965, -2]
289	[-60.994390354565965, -2]
289	[-59.52358027699543, -3]
289	[-59.52358027699543, -3]
289	[-59.52358027699543, -3]
289	[-59.52358027699543, -3]
289	[-59.52358027699543, -3]
289	[-59.52358027699543, -3]
289	[-59.52358027699543, -3]
289	[-59.52358027699543, -3]
289	[-59.52358027699543, -3]
289	[-59.52358027699543, -3]
289	[-59.52358027699543, -3]
289	[-59.52358027699543, -3]
289	[-59.52358027699543, -3]
289	[-59.52358027699543, -3]
289	[-59.52358027699543, -3]
289	[-59.52358027699543, -3]
289	[-59.52358027699543, -3]
289	[-59.52358027699543, -3]
289	[-59.52358027699543, -3]
289	[-59.52358027699543, -3]
289	[-59.52358027699543, -3]
289	[-59.52358027699543, -3]
289	[-59.52358027699543, -3]
289	[-59.52358027699543, -3]
289	[-59.52358027699543, -3]
289	[-59.52358027699543, -3]
289	[-59.52358027699543, -3]
289	[-59.52358027699543, -3]
289	[-59.52358027699543, -3]
289	[-59.52358027699543, -3]
289	[-59.52358027699543, -3]
289	[-59.52358027699543, -3]
289	[-59.52358027699543, -3]
289	[-59.52358027699543, -3]
289	[-59.52358027699543, -3]
289	[-59.52358027699543, -3]
289	[-59.52358027699543, -3]
289	[-59.52358027699543, -3]
289	[-59.52358027699543, -3]
290	[-63.301341690425694, 0]
290	[-63.301341690425694, 0]
290	[-61.80120274121511, -1]
290	[-60.994390354565965, -2]
290	[-60.994390354565965, -2]
290	[-60.994390354565965, -2]
290	[-59.52358027699543, -3]
290	[-59.52358027699543, -3]
290	[-59.52358027699543, -3]
290	[-59.52358027699543, -3]
290	[-59.52358027699543, -3]
290	[-59.52358027699543, -3]
290	[-59.52358027699543, -3]
290	[-59.52358027699543, -3]
290	[-59.52358027699543, -3]
290	[-59.52358027699543, -3]
290	[-59.52358027699543, -3]
290	[-59.52358027699543, -3]
290	[-59.52358027699543, -3]
290	[-59.52358027699543, -3]
290	[-59.52358027699543, -3]
290	[-59.52358027699543, -3]
290	[-59.52358027699543, -3]
290	[-59.52358027699543, -3]
290	[-59.52358027699543, -3]
290	[-59.52358027699543, -3]
290	[-59.52358027699543, -3]
290	[-59.52358027699543, -3]
290	[-59.52358027699543, -3]
290	[-59.52358027699543, -3]
290	[-59.52358027699543, -3]
290	[-59.52358027699543, -3]
290	[-59.52358027699543, -3]
290	[-59.52358027699543, -3]
290	[-59.52358027699543, -3]
290	[-59.52358027699543, -3]
290	[-59.52358027699543, -3]
290	[-59.52358027699543, -3]
290	[-59.52358027699543, -3]
290	[-59.52358027699543, -3]
290	[-59.52358027699543, -3]
290	[-59.52358027699543, -3]
290	[-59.52358027699543, -3]
290	[-59.52358027699543, -3]
290	[-59.52358027699543, -3]
291	[-63.301341690425694, 0]
291	[-63.301341690425694, 0]
291	[-61.80120274121511, -1]
291	[-61.80120274121511, -1]
291	[-60.994390354565965, -2]
291	[-60.994390354565965, -2]
291	[-60.994390354565965, -2]
291	[-59.52358027699543, -3]
291	[-59.52358027699543, -3]
291	[-59.52358027699543, -3]
291	[-59.52358027699543, -3]
291	[-59.52358027699543, -3]
291	[-59.52358027699543, -3]
291	[-59.52358027699543, -3]
291	[-59.52358027699543, -3]
291	[-59.52358027699543, -3]
291	[-59.52358027699543, -3]
291	[-59.52358027699543, -3]
291	[-59.52358027699543, -3]
291	[-59.52358027699543, -3]
291	[-59.52358027699543, -3]
291	[-59.52358027699543, -3]
291	[-59.52358027699543, -3]
291	[-59.52358027699543, -3]
291	[-59.52358027699543, -3]
291	[-59.52358027699543, -3]
291	[-59.52358027699543, -3]
291	[-59.52358027699543, -3]
291	[-59.52358027699543, -3]
291	[-59.52358027699543, -3]
291	[-59.52358027699543, -3]
291	[-59.52358027699543, -3]
291	[-59.52358027699543, -3]
291	[-59.52358027699543, -3]
291	[-59.52358027699543, -3]
291	[-59.52358027699543, -3]
291	[-59.52358027699543, -3]
291	[-59.52358027699543, -3]
291	[-59.52358027699543, -3]
291	[-59.52358027699543, -3]
291	[-59.52358027699543, -3]
291	[-59.52358027699543, -3]
291	[-59.52358027699543, -3]
291	[-59.52358027699543, -3]
291	[-59.52358027699543, -3]
291	[-59.52358027699543, -3]
291	[-59.52358027699543, -3]
292	[-63.21838494533271, 0]
292	[-61.80120274121511, -1]
292	[-61.80120274121511, -1]
292	[-60.994390354565965, -2]
292	[-60.994390354565965, -2]
292	[-60.994390354565965, -2]
292	[-59.52358027699543, -3]
292	[-59.52358027699543, -3]
292	[-59.52358027699543, -3]
292	[-59.52358027699543, -3]
292	[-59.52358027699543, -3]
292	[-59.52358027699543, -3]
292	[-59.52358027699543, -3]
292	[-59.52358027699543, -3]
292	[-59.52358027699543, -3]
292	[-59.52358027699543, -3]
292	[-59.52358027699543, -3]
292	[-59.52358027699543, -3]
292	[-59.52358027699543, -3]
292	[-59.52358027699543, -3]
292	[-59.52358027699543, -3]
292	[-59.52358027699543, -3]
292	[-59.52358027699543, -3]
292	[-59.52358027699543, -3]
292	[-59.52358027699543, -3]
292	[-59.52358027699543, -3]
292	[-59.52358027699543, -3]
292	[-59.52358027699543, -3]
292	[-59.52358027699543, -3]
292	[-59.52358027699543, -3]
292	[-59.52358027699543, -3]
292	[-59.52358027699543, -3]
292	[-59.52358027699543, -3]
292	[-59.52358027699543, -3]
292	[-59.52358027699543, -3]
292	[-59.52358027699543, -3]
292	[-59.52358027699543, -3]
292	[-59.52358027699543, -3]
292	[-59.52358027699543, -3]
292	[-59.52358027699543, -3]
292	[-59.52358027699543, -3]
292	[-59.52358027699543, -3]
292	[-59.52358027699543, -3]
292	[-59.52358027699543, -3]
292	[-59.52358027699543, -3]
292	[-59.52358027699543, -3]
292	[-59.52358027699543, -3]
293	[-63.21838494533271, 0]
293	[-61.80120274121511, -1]
293	[-61.80120274121511, -1]
293	[-60.994390354565965, -2]
293	[-60.994390354565965, -2]
293	[-60.994390354565965, -2]
293	[-59.45209161026296, -3]
294	[-63.21838494533271, 0]
294	[-61.80120274121511, -1]
294	[-61.80120274121511, -1]
294	[-60.994390354565965, -2]
294	[-60.994390354565965, -2]
294	[-60.994390354565965, -2]
294	[-59.45209161026296, -3]
294	[-59.45209161026296, -3]
295	[-63.21838494533271, 0]
295	[-61.80120274121511, -1]
295	[-61.80120274121511, -1]
295	[-60.994390354565965, -2]
295	[-60.994390354565965, -2]
295	[-60.994390354565965, -2]
295	[-59.45209161026296, -3]
295	[-59.45209161026296, -3]
296	[-63.21838494533271, 0]
296	[-61.80120274121511, -1]
296	[-61.80120274121511, -1]
296	[-61.80120274121511, -1]
296	[-60.994390354565965, -2]
296	[-60.994390354565965, -2]
296	[-60.994390354565965, -2]
296	[-59.45209161026296, -3]
296	[-59.45209161026296, -3]
297	[-62.89099936264471, 0]
297	[-61.80120274121511, -1]
297	[-61.80120274121511, -1]
297	[-61.80120274121511, -1]
297	[-60.994390354565965, -2]
297	[-60.994390354565965, -2]
297	[-60.994390354565965, -2]
297	[-59.44160722075379, -3]
298	[-62.89099936264471, 0]
298	[-61.80120274121511, -1]
298	[-61.80120274121511, -1]
298	[-61.80120274121511, -1]
298	[-60.994390354565965, -2]
298	[-60.994390354565965, -2]
298	[-60.994390354565965, -2]
298	[-59.44160722075379, -3]
299	[-62.89099936264471, 0]
299	[-61.80120274121511, -1]
299	[-61.80120274121511, -1]
299	[-61.80120274121511, -1]
299	[-60.994390354565965, -2]
299	[-60.994390354565965, -2]
299	[-60.994390354565965, -2]
299	[-59.43001390246764, -3]
300	[-62.89099936264471, 0]
300	[-61.80120274121511, -1]
300	[-61.80120274121511, -1]
300	[-61.80120274121511, -1]
300	[-60.994390354565965, -2]
300	[-60.994390354565965, -2]
300	[-60.994390354565965, -2]
300	[-59.38247200278482, -3]
300	[-62.89099936264471, 0]
300	[-61.80120274121511, -1]
300	[-61.80120274121511, -1]
300	[-61.80120274121511, -1]
300	[-60.994390354565965, -2]
300	[-60.994390354565965, -2]
300	[-60.994390354565965, -2]
300	[-59.38247200278482, -3]
