Generation:
798

Phenotype:
5
V1 = uniform([-9.7e-2, 3.4e+1], 2);
V2 = +V1;
V2 = V2 + uniform([+0.9e-1, 9.0e+2], 2);
V3 = +V1;
V3 = V3 + uniform([-8.2e+0, 1.5e+1], 2);
if V3 > -2.8e-2 { 
   V4 = +3.3e-2 - -V1; 
 } else { 
   V4 = +2.7e-1; 
 } end if;
V4 = V4 + uniform([-6.8e-2, 1.3e+1], 2);

Pre-processed Program
:F = uniform([-0.097000, 33.903000], 2);E = F;E = E + uniform([0.090000, 900.090000], 2);C = F;C = C + uniform([-8.200000, 6.800000], 2);if C > -0.028 {   T = 0.033;   T = T + F; } else {   T = 0.27; } end if;T = T + uniform([-0.068000, 12.932000], 2);Genotype:
[380, 412, 479, 353, 342, 467, 109, 199, 127, 489, 413, 337, 253, 284, 232, 250, 272, 492, 456, 314, 162, 246, 47, 142, 189, 180, 120, 189, 481, 352, 6, 79, 290, 68, 11, 260, 200, 66, 156, 116, 90, 287, 61, 339, 121, 158, 22, 354, 399, 55, 291, 285, 270, 211, 105, 439, 482, 342, 390, 497, 192, 128, 351, 362, 338, 381, 30, 452, 109, 128, 312, 213, 373, 219, 401, 355, 232, 164, 263, 294, 212, 302, 120, 99, 476, 302, 272, 177, 401, 313, 217, 344, 63, 275, 346, 478, 125, 284, 47, 161, 363, 144, 370, 342, 134, 263, 168, 292, 248, 388, 90, 285, 30, 500, 97, 265, 342, 148, 312, 97, 432, 366, 384, 140, 422, 251, 125, 449, 466, 205, 479, 184, 414, 165, 216, 392, 283, 114, 192, 195, 74, 77, 478, 378, 215, 264, 317, 194, 67, 337, 285, 466, 211, 494, 97, 13, 342, 134, 263, 168, 292, 21, 388, 90, 285, 30, 336, 46, 106, 400, 144, 435, 427, 404, 355, 115, 66, 17, 294, 322, 328, 296, 145, 129, 468, 434, 384, 427, 404, 322, 352, 324, 74, 165, 392, 40, 74, 114, 161, 312, 205, 371, 494, 459, 187, 126, 258, 169, 449, 11, 24, 263, 176, 292, 66, 83, 476, 261, 219, 296, 149, 25, 51, 342, 186, 427, 0, 57, 402, 234, 260, 143, 165, 392, 327, 74, 114, 417, 39, 427, 133, 263, 364, 292, 365, 362, 90, 285, 30, 1, 215, 350, 420, 127, 42, 160, 174, 366, 94, 434, 77, 251, 125, 449, 466, 205, 479, 184, 237, 120, 313, 339, 342, 178, 411, 216, 464, 283, 146, 345, 195, 23, 77, 478, 242, 147, 92, 331, 428, 67, 337, 245, 466, 211, 132, 267, 265, 342, 269, 263, 351, 378, 301, 334, 90, 202, 181, 424, 345, 112, 37, 144, 186, 479, 404, 355, 352, 425, 17, 105, 322, 302, 269, 67, 25, 37, 379, 448, 427, 186, 392, 352, 63, 479, 55, 392, 40, 74, 457, 417, 94, 467, 329, 164, 185, 187, 126, 258, 169, 224, 342, 24, 263, 176, 292, 344, 17, 82, 261, 219, 296, 149, 25, 498, 432, 186, 427, 442, 5, 399, 314, 417, 302, 411, 215, 28, 420, 318, 42, 481, 280, 366, 94, 140, 16, 212, 125, 419, 466, 441, 256, 217, 431, 168, 313, 339]
Tree:
None
Fitness on 5000 data:
-133.80259566391626

Fitness:
-133.80259566391626