Generation:
1500

Phenotype:
5
V1 = uniform([-9.5e-0, 2.5e+1], 2);
V2 = -V1;
V2 = V2 + uniform([+7.1e-1, 9.0e+2], 2);
V3 = +V1;
V3 = V3 + uniform([-8.9e-0, 1.0e+1], 2);
if V3 > -2.9e-2 { 
   V4 = -3.3e-2 - -V1; 
 } else { 
   V4 = +4.0e-1; 
 } end if;
V4 = V4 + uniform([-7.8e-1, 1.4e+1], 2);

Pre-processed Program
:F = uniform([-9.500000, 15.500000], 2);E = 0;E = E - F;E = E + uniform([0.710000, 900.710000], 2);C = F;C = C + uniform([-8.900000, 1.100000], 2);if C > -0.029 {   T = 0;   T = T - 0.033;   T = T + F; } else {   T = 0.4; } end if;T = T + uniform([-0.780000, 13.220000], 2);Genotype:
[224, 412, 57, 219, 302, 391, 109, 199, 125, 7, 228, 337, 422, 195, 58, 445, 272, 492, 390, 216, 157, 153, 93, 76, 477, 180, 257, 251, 341, 352, 190, 79, 290, 410, 137, 260, 200, 66, 156, 116, 348, 287, 61, 151, 389, 158, 59, 331, 246, 42, 291, 240, 174, 211, 157, 11, 53, 342, 409, 361, 192, 409, 351, 362, 312, 381, 30, 312, 259, 128, 337, 213, 373, 219, 401, 355, 72, 164, 263, 294, 212, 296, 120, 99, 236, 8, 204, 210, 245, 163, 161, 344, 254, 275, 187, 478, 125, 310, 47, 161, 354, 144, 160, 416, 464, 484, 434, 299, 251, 138, 361, 151, 470, 108, 204, 427, 191, 313, 464, 342, 485, 286, 216, 464, 283, 313, 74, 195, 23, 77, 234, 242, 366, 75, 45, 428, 155, 404, 191, 352, 247, 17, 105, 464, 24, 194, 421, 25, 37, 404, 322, 352, 324, 74, 165, 392, 40, 74, 114, 161, 312, 205, 371, 494, 459, 187, 126, 258, 169, 449, 11, 24, 263, 176, 292, 66, 83, 476, 261, 219, 296, 149, 25, 51, 342, 186, 427, 0, 57, 402, 234, 260, 143, 165, 392, 327, 74, 114, 417, 39, 427, 133, 263, 364, 292, 365, 362, 90, 285, 30, 1, 215, 350, 420, 127, 42, 160, 174, 366, 94, 434, 77, 251, 125, 449, 466, 205, 479, 184, 237, 120, 313, 339, 342, 178, 411, 216, 464, 283, 146, 345, 195, 23, 77, 478, 242, 147, 92, 331, 428, 67, 337, 245, 466, 211, 132, 267, 265, 342, 269, 263, 351, 378, 301, 334, 90, 202, 181, 424, 345, 112, 37, 144, 186, 479, 404, 355, 352, 425, 17, 105, 322, 302, 269, 67, 25, 37, 379, 448, 427, 186, 392, 352, 63, 479, 55, 392, 40, 74, 457, 417, 94, 467, 329, 164, 185, 187, 126, 258, 169, 224, 342, 24, 263, 176, 292, 344, 17, 82, 261, 219, 296, 149, 25, 498, 432, 186, 427, 442, 5, 399, 314, 417, 302, 411, 215, 28, 420, 318, 42, 481, 280, 366, 94, 140, 16, 212, 125, 419, 466, 441, 256, 217, 431, 168, 313, 339]
Tree:
None
Fitness on 5000 data:
-128.5312219629576

Fitness:
-128.5312219629576