Generation:
1500

Phenotype:
14
V1 = uniform([+5.9e0, 7.6e0], 2);
V2 = uniform([+7.4e0, 1.5e1], 2);
V3 = uniform([+1.8e0, 6.0e0], 2);
V4 = gm([7.0e0, +9.9e1, 9.9e1]);
V5 = gm([8.1e0, +4.9e0, 0.3e1]);

Pre-processed Program
:F = uniform([5.900000, 13.500000], 2);T = uniform([7.400000, 22.400000], 2);C = uniform([1.800000, 7.800000], 2);P = gm([1.000000], [99], [99]);W = gm([1.000000], [4.9], [3]);Genotype:
[246, 253, 449, 464, 36, 266, 25, 49, 34, 120, 37, 356, 410, 191, 225, 116, 204, 427, 134, 210, 394, 311, 135, 277, 77, 57, 180, 6, 111, 438, 234, 261, 106, 60, 64, 108, 421, 170, 116, 287, 250, 254, 399, 130, 9, 9, 317, 475, 449, 479, 51, 166, 121, 398, 304, 88, 251, 236, 311, 54, 324, 309, 182, 36, 410, 63, 7, 53, 25, 333, 395, 178, 223, 167, 381, 146, 459, 72, 167, 33, 31, 453, 271, 465, 92, 494, 22, 487, 291, 332, 173, 245, 332, 183, 494, 447, 436, 244, 139]
Tree:
None
Fitness on 5000 data:
-163.31627997244073

Fitness:
-163.31627997244073