Generation:
398

Phenotype:
14
V1 = uniform([+5.9e0, 7.7e0], 2);
V2 = uniform([+5.0e0, 2.0e1], 2);
V3 = uniform([+1.9e0, 6.0e0], 2);
V4 = gm([3.0e0, +9.9e1, 9.9e1]);
V5 = gm([7.1e1, +4.9e0, 0.3e1]);

Pre-processed Program
:F = uniform([5.900000, 13.600000], 2);T = uniform([5.000000, 25.000000], 2);C = uniform([1.900000, 7.900000], 2);P = gm([1.000000], [99], [99]);W = gm([1.000000], [4.9], [3]);Genotype:
[199, 253, 449, 470, 323, 266, 25, 49, 242, 350, 37, 357, 410, 55, 259, 116, 204, 215, 460, 104, 297, 282, 280, 327, 77, 495, 59, 14, 111, 489, 296, 73, 316, 120, 198, 334, 383, 252, 116, 303, 250, 254, 57, 288, 9, 249, 317, 215, 449, 479, 359, 486, 121, 12, 304, 67, 311, 73, 23, 44, 14, 289, 172, 301, 410, 13, 157, 53, 25, 333, 395, 178, 223, 167, 381, 146, 459, 72, 167, 33, 31, 453, 271, 465, 92, 494, 22, 487, 291, 332, 173, 245, 332, 183, 494, 447, 436, 244, 139]
Tree:
None
Fitness on 5000 data:
-164.5536715832877

Fitness:
-164.5536715832877