Generation:
1000

Phenotype:
4
V1 = gm([0.90e-3, +4.80e-0, 8.21e-3], [4.38e+2, +9.98e-0, 2.11e+0], [3.04e-3, -5.44e+1, 1.93e+0]);
V2 = +9.22e-1;
V2 = V2 + uniform([+7.12e-1, 2.42e+1], 2);
V3 = +V2;
V3 = V3 + gm([8.54e+0, +5.01e+2, 2.07e+2]);
V4 = -V3 + +V3;
V4 = V4 + gm([7.20e+1, +5.02e+0, 1.52e+0]);

Pre-processed Program
:F = gm([0.000002, 0.999991, 0.000007], [4.8, 9.98, -54.4], [0.0082, 2.11, 1.93]);T = 0.922;T = T + uniform([0.712000, 24.912000], 2);E = T;E = E + gm([1.000000], [501], [207]);C = 0;C = C - E;C = C + E;C = C + gm([1.000000], [5.02], [1.52]);Genotype:
[172, 381, 21, 82, 54, 345, 117, 80, 409, 140, 495, 139, 148, 324, 464, 68, 160, 247, 188, 204, 178, 102, 31, 19, 127, 185, 1, 184, 203, 478, 244, 218, 386, 248, 89, 239, 218, 123, 340, 101, 132, 471, 1, 454, 288, 74, 112, 53, 360, 184, 327, 399, 252, 367, 375, 154, 224, 76, 365, 442, 131, 359, 343, 348, 92, 168, 292, 482, 43, 111, 20, 469, 132, 122, 219, 269, 385, 419, 481, 386, 467, 391, 102, 63, 109, 402, 272, 124, 392, 348, 369, 416, 440, 148, 52, 126, 215, 406, 212, 190, 279, 208, 325, 344, 402, 372, 103, 116, 45, 470, 231, 440, 402, 152, 462, 420, 487, 286, 218, 42, 19, 344, 414, 332, 57, 335, 20, 412, 132, 26, 155, 318, 115, 76, 144, 37, 22, 330, 464, 309, 494, 110, 85, 0, 402, 2, 36, 393, 61, 155, 132, 380]
Tree:
None
Fitness on 5000 data:
-118.45846809424079

Fitness:
-118.45846809424079