Generation:
300

Phenotype:
2
V1 = gm([38, 9.9, 2]);
V2 = V1;
V2 = V2 + gm([13.3, 10.2, 7.1]);
V3 = 2.1;
V3 = V3 + gm([25.6, 3.1, 3]);

Pre-processed Program
:F = gm([1.000000], [9.9], [2]);T = F;T = T;T = T + gm([1.000000], [10.2], [7.1]);W = 2.1;W = W;W = W + gm([1.000000], [3.1], [3]);Genotype:
[122, 13, 73, 102, 75, 404, 248, 390, 212, 497, 43, 60, 413, 232, 104, 216, 390, 28, 140, 179, 414, 269, 142, 446, 388, 351, 166, 245, 285, 367, 10, 65, 313, 270, 270, 186, 220, 57, 211, 410, 117, 218, 239, 256, 468, 50, 17, 280, 176, 325, 105, 189, 346, 309, 322, 385, 309, 499, 4, 478, 16, 15, 110, 238, 99, 174, 276, 65, 307, 2, 40, 413, 336, 401, 92, 251, 367, 365, 493, 182, 460, 483, 77, 419, 346, 491, 164, 330, 246, 252, 218, 332, 463, 155, 205, 442, 4, 381, 212, 372, 106, 469, 450, 192, 118, 374, 345, 415, 344, 358, 230, 174, 286, 374, 312, 459, 142, 146, 201, 418, 63, 205, 57, 35, 294, 354, 283, 229, 332, 136, 217, 472, 272, 422, 452, 214, 20, 177, 393, 479, 34]
Tree:
None
Fitness on 5000 data:
-60.29818825844248

Fitness:
[-60.248826728575565, -1]