Generation:
1500

Phenotype:
2
V1 = uniform([+5.9e0, 7.8e0], 2);
V2 = +V1;
V2 = V2 + gm([4.1e0, +0.6e1, 4.5e0]);
V3 = +5.9e0;
V3 = V3 + uniform([-3.6e0, 5.6e0], 2);

Pre-processed Program
:F = uniform([5.900000, 13.700000], 2);T = F;T = T + gm([1.000000], [6], [4.5]);C = 5.9;C = C + uniform([-3.600000, 2.000000], 2);Genotype:
[136, 175, 92, 483, 397, 29, 298, 415, 309, 426, 4, 387, 178, 402, 213, 84, 348, 392, 388, 271, 142, 34, 46, 361, 164, 341, 320, 298, 138, 230, 376, 181, 250, 244, 445, 36, 407, 240, 232, 307, 179, 280, 255, 259, 360, 393, 333, 422, 425, 233, 336, 228, 14, 255, 206, 310, 133, 286, 349, 151, 440, 404, 38, 169, 269, 336, 413, 354, 189, 144, 130, 414, 262, 163, 98, 332, 445, 308, 70, 264, 262, 163, 98, 332, 445, 36, 70, 477, 466, 86, 191, 432, 412, 192, 256, 121, 428, 447, 118, 0, 344, 6, 408, 189, 192, 390, 398, 432, 172, 128, 302, 303, 371, 447, 481, 480, 160, 201, 108, 276, 452]
Tree:
None
Fitness on 5000 data:
-55.15990108771464

Fitness:
-55.15990108771464