Generation:
398

Phenotype:
4
V1 = gm([0.0e0, +4.4e0, 1.9e1], [6.6e1, +4.9e0, 1.5e0]);
V2 = +V1;
V2 = V2 + gm([8.8e1, +4.9e0, 2.4e0]);
V3 = +V1;
V3 = V3 + gm([4.6e0, +9.2e0, 0.9e0], [7.3e0, +5.5e0, 4.2e0], [4.0e0, -0.0e1, 0.8e0], [0.0e0, +4.4e0, 1.9e1], [6.6e1, +4.9e0, 1.5e0]);

Pre-processed Program
:C = gm([0.000000, 1.000000], [4.4, 4.9], [19, 1.5]);T = C;T = T + gm([1.000000], [4.9], [2.4]);F = C;F = F + gm([0.056166, 0.089133, 0.048840, 0.000000, 0.805861], [9.2, 5.5, 0, 4.4, 4.9], [0.9, 4.2, 0.8, 19, 1.5]);Genotype:
[499, 123, 340, 148, 114, 257, 198, 240, 470, 402, 44, 230, 124, 304, 4, 189, 121, 389, 95, 424, 319, 146, 256, 423, 126, 154, 14, 49, 132, 451, 211, 105, 218, 6, 198, 204, 234, 438, 208, 386, 436, 498, 277, 28, 278, 175, 421, 414, 244, 429, 262, 24, 12, 214, 100, 382, 52, 434, 300, 170, 54, 202, 133, 141, 374, 174, 186, 146, 138, 334, 219, 312, 340, 471, 130, 239, 336, 147, 241, 157, 153, 394, 463, 230, 115, 345, 360, 9, 44, 332, 370, 225, 350, 244, 170, 332, 379, 203, 260, 290]
Tree:
None
Fitness on 5000 data:
-48.77334929670974

Fitness:
-48.77334929670974