Generation:
1500

Phenotype:
1
V1 = gm([7.0e0, +1.0e1, 2.0e0], [0.1e0, +8.9e0, 1.5e0]);
V2 = -6.0e0;
V2 = V2 + gm([0.5e0, +1.1e1, 1.1e0]);
V3 = +V1;
V3 = V3 + gm([5.8e0, +0.0e1, 1.0e0]);

Pre-processed Program
:F = gm([0.985915, 0.014085], [10, 8.9], [2, 1.5]);C = 0;C = C - 6;C = C + gm([1.000000], [11], [1.1]);T = F;T = T + gm([1.000000], [0], [1]);Genotype:
[331, 426, 476, 38, 324, 473, 424, 417, 390, 222, 478, 378, 11, 430, 275, 49, 62, 350, 418, 44, 25, 280, 251, 336, 85, 88, 438, 229, 90, 275, 311, 385, 48, 193, 164, 264, 435, 76, 467, 46, 500, 24, 262, 305, 426, 384, 230, 435, 364, 443, 500, 411, 451, 193, 290, 81, 111, 168, 260, 42, 354, 36, 314, 292, 446, 396, 342, 263, 325, 8, 106, 378, 176, 390, 170, 53, 272, 21, 340, 440, 213, 92, 265, 272, 257, 72, 448, 264, 197, 262, 293, 15, 317, 374, 84, 185, 297, 119, 342, 75]
Tree:
None
Fitness on 5000 data:
-5.0705047947597

Fitness:
-5.0705047947597