Generation:
398

Phenotype:
1
V1 = gm([8.3e0, +1.0e1, 2.1e0], [0.4e0, +0.9e1, 1.1e0]);
V2 = -5.9e0;
V2 = V2 + gm([3.3e1, +1.1e1, 0.1e1]);
V3 = +V1;
V3 = V3 + gm([0.5e0, -0.0e0, 1.0e0]);

Pre-processed Program
:F = gm([0.954023, 0.045977], [10, 9], [2.1, 1.1]);C = 0;C = C - 5.9;C = C + gm([1.000000], [11], [1]);T = F;T = T + gm([1.000000], [0], [1]);Genotype:
[14, 312, 131, 44, 134, 419, 0, 338, 103, 210, 127, 26, 11, 150, 477, 186, 232, 401, 400, 450, 226, 500, 74, 50, 92, 362, 340, 229, 259, 106, 391, 291, 472, 399, 26, 158, 405, 340, 15, 225, 469, 304, 278, 126, 186, 420, 143, 23, 351, 323, 92, 411, 451, 265, 5, 250, 181, 65, 201, 232, 190, 372, 184, 292, 84, 457, 124, 88, 300, 135, 222, 261, 301, 70, 10, 174, 416, 21, 340, 266, 213, 92, 265, 272, 257, 72, 448, 264, 197, 262, 293, 15, 317, 374, 84, 185, 297, 119, 342, 75]
Tree:
None
Fitness on 5000 data:
-5.096911309204633

Fitness:
-5.096911309204633