Generation:
1198

Phenotype:
1
V1 = gm([9.9e0, +1.0e1, 2.0e0], [0.3e0, +0.9e1, 1.5e0]);
V2 = -6.0e0;
V2 = V2 + gm([0.5e0, +1.1e1, 1.1e0]);
V3 = +V1;
V3 = V3 + gm([5.8e1, -0.0e1, 1.0e0]);

Pre-processed Program
:F = gm([0.970588, 0.029412], [10, 9], [2, 1.5]);C = 0;C = C - 6;C = C + gm([1.000000], [11], [1.1]);T = F;T = T + gm([1.000000], [0], [1]);Genotype:
[331, 426, 361, 428, 324, 473, 424, 239, 159, 222, 478, 378, 11, 430, 275, 478, 62, 350, 382, 68, 25, 280, 463, 336, 85, 48, 340, 229, 423, 389, 311, 385, 48, 193, 122, 264, 435, 434, 315, 46, 500, 48, 232, 305, 426, 384, 230, 435, 364, 342, 500, 411, 451, 193, 147, 81, 111, 168, 128, 118, 354, 36, 314, 292, 228, 445, 342, 454, 325, 8, 345, 378, 419, 200, 170, 53, 272, 21, 340, 440, 213, 92, 265, 272, 257, 72, 448, 264, 197, 262, 293, 15, 317, 374, 84, 185, 297, 119, 342, 75]
Tree:
None
Fitness on 5000 data:
-5.07051570053826

Fitness:
-5.07051570053826