Generation:
798

Phenotype:
1
V1 = gm([2.6e1, +1.0e1, 2.0e0], [0.6e0, +0.9e1, 1.5e0]);
V2 = -6.0e0;
V2 = V2 + gm([6.6e0, +1.1e1, 0.1e1]);
V3 = +V1;
V3 = V3 + gm([5.6e0, -0.0e1, 1.0e0]);

Pre-processed Program
:F = gm([0.977444, 0.022556], [10, 9], [2, 1.5]);C = 0;C = C - 6;C = C + gm([1.000000], [11], [1]);T = F;T = T + gm([1.000000], [0], [1]);Genotype:
[333, 312, 170, 44, 487, 457, 158, 372, 216, 249, 12, 378, 11, 150, 475, 62, 232, 10, 406, 450, 109, 280, 216, 336, 120, 12, 340, 229, 301, 212, 391, 385, 444, 181, 320, 264, 405, 190, 15, 46, 190, 46, 136, 391, 426, 420, 196, 276, 18, 240, 270, 411, 451, 61, 296, 250, 181, 65, 250, 334, 34, 372, 188, 292, 84, 343, 170, 255, 325, 496, 420, 37, 347, 70, 170, 57, 58, 21, 340, 266, 213, 92, 265, 272, 257, 72, 448, 264, 197, 262, 293, 15, 317, 374, 84, 185, 297, 119, 342, 75]
Tree:
None
Fitness on 5000 data:
-5.088580206619413

Fitness:
-5.088580206619413