Generation:
398

Phenotype:
5
V1 = gm([5.7e1, +9.9e1, 9.9e1]);
V2 = gm([8.1e1, +9.9e0, 2.0e0]);
V3 = gm([0.7e0, +8.7e0, 0.4e1]);

Pre-processed Program
:P = gm([1.000000], [99], [99]);F = gm([1.000000], [9.9], [2]);T = gm([1.000000], [8.7], [4]);Genotype:
[338, 106, 40, 109, 192, 374, 375, 227, 411, 183, 54, 239, 169, 307, 33, 479, 99, 489, 210, 242, 212, 296, 428, 331, 419, 40, 132, 339, 169, 54, 460, 422, 340, 96, 384, 56, 26, 433, 70, 97, 138, 481, 94, 218, 257, 368, 122, 260, 304, 293, 378, 237, 403, 396, 18, 263, 294, 59, 292, 182, 265, 422, 251, 243, 267, 230, 185, 285, 77, 134, 55, 417, 372, 312, 38, 290, 71, 469, 347, 285, 237, 419, 80, 240, 162, 269, 136, 279, 181, 2, 48, 190, 469, 147, 272, 212, 428, 321, 72, 183]
Tree:
None
Fitness on 5000 data:
-88.9054591050782

Fitness:
-88.9054591050782