Generation:
1500

Phenotype:
5
V1 = gm([1.4e1, +9.9e1, 9.9e1]);
V2 = gm([4.1e1, +9.9e0, 2.0e0]);
V3 = gm([1.7e0, +8.7e0, 4.2e0]);

Pre-processed Program
:P = gm([1.000000], [99], [99]);F = gm([1.000000], [9.9], [2]);T = gm([1.000000], [8.7], [4.2]);Genotype:
[263, 106, 474, 193, 192, 326, 271, 94, 411, 183, 54, 239, 169, 307, 33, 479, 99, 319, 210, 138, 212, 279, 204, 331, 419, 40, 288, 339, 169, 246, 360, 422, 60, 96, 92, 56, 26, 143, 291, 97, 138, 139, 210, 218, 277, 368, 216, 14, 282, 28, 378, 237, 403, 396, 18, 263, 294, 59, 292, 182, 265, 422, 251, 243, 267, 230, 185, 285, 77, 134, 55, 417, 372, 312, 38, 290, 71, 469, 347, 285, 237, 419, 80, 240, 162, 269, 136, 279, 181, 2, 48, 190, 469, 147, 272, 212, 428, 321, 72, 183]
Tree:
None
Fitness on 5000 data:
-88.88109080212644

Fitness:
-88.88109080212644