Generation:
1198

Phenotype:
3
V1 = gm([3.9e1, +8.2e0, 4.3e0]);
V2 = +0.2e0;
V2 = V2 + gm([2.6e0, +9.8e0, 2.0e0]);
V3 = -V1 * -V1;
V3 = V3 + gm([0.8e0, +1.9e1, 9.7e0], [8.9e1, +1.0e0, 9.9e0]);

Pre-processed Program
:T = gm([1.000000], [8.2], [4.3]);F = 0.2;F = F + gm([1.000000], [9.8], [2]);TEMP0 = T * T;P = TEMP0;P = P + gm([0.008909, 0.991091], [19, 1], [9.7, 9.9]);Genotype:
[172, 314, 178, 210, 103, 188, 41, 83, 139, 427, 66, 298, 458, 212, 214, 421, 464, 453, 448, 210, 216, 176, 85, 137, 478, 130, 372, 280, 240, 1, 252, 368, 332, 116, 224, 342, 30, 79, 108, 434, 342, 452, 190, 150, 245, 160, 319, 12, 434, 491, 390, 186, 267, 0, 154, 116, 179, 111, 270, 268, 486, 81, 244, 281, 379, 345, 336, 359, 407, 44, 82, 426, 78, 479, 405, 142, 122, 321, 460, 12, 143, 399, 469, 142, 389, 425, 209, 76, 246, 297, 126, 81, 288, 49, 380, 483, 136, 275, 25, 448, 478, 31, 379, 412, 389, 327, 363, 76, 246, 138, 126, 81, 288, 49, 380, 112, 257, 295, 216, 1, 498, 436, 224, 308, 104, 447, 188, 119, 40]
Tree:
None
Fitness on 5000 data:
-72.3394161283182

Fitness:
-72.3394161283182