Generation:
1500

Phenotype:
3
V1 = gm([1.9e1, +8.2e0, 4.3e0]);
V2 = +0.2e0;
V2 = V2 + gm([8.6e0, +9.8e0, 2.0e0]);
V3 = -V1 * -V1;
V3 = V3 + gm([0.6e0, +1.9e1, 9.9e0], [8.7e1, +1.0e0, 9.9e0]);

Pre-processed Program
:T = gm([1.000000], [8.2], [4.3]);F = 0.2;F = F + gm([1.000000], [9.8], [2]);TEMP0 = T * T;P = TEMP0;P = P + gm([0.006849, 0.993151], [19, 1], [9.9, 9.9]);Genotype:
[413, 314, 178, 448, 103, 188, 183, 481, 139, 427, 66, 298, 458, 212, 214, 421, 464, 453, 448, 210, 200, 176, 85, 490, 478, 130, 392, 280, 240, 1, 252, 368, 148, 116, 204, 342, 294, 229, 108, 434, 342, 452, 190, 150, 245, 460, 319, 12, 434, 491, 158, 186, 267, 0, 154, 116, 179, 220, 270, 446, 250, 412, 262, 281, 379, 269, 336, 359, 159, 44, 82, 426, 78, 127, 405, 142, 122, 321, 460, 12, 335, 99, 469, 142, 389, 425, 209, 76, 246, 297, 126, 81, 288, 49, 380, 483, 136, 275, 25, 448, 478, 31, 379, 412, 389, 327, 363, 76, 246, 138, 126, 81, 288, 49, 380, 112, 257, 295, 216, 1, 498, 436, 224, 308, 104, 447, 188, 119, 40]
Tree:
None
Fitness on 5000 data:
-72.33934881642409

Fitness:
-72.33934881642409