Generation:
398

Phenotype:
3
V1 = gm([1.1e0, +8.2e0, 4.3e0]);
V2 = +0.2e0;
V2 = V2 + gm([1.8e1, +9.8e0, 2.0e0]);
V3 = -V1 * -V1;
V3 = V3 + gm([1.0e0, +0.5e0, 9.3e0], [5.9e1, +1.0e0, 9.9e0]);

Pre-processed Program
:T = gm([1.000000], [8.2], [4.3]);F = 0.2;F = F + gm([1.000000], [9.8], [2]);TEMP0 = T * T;P = TEMP0;P = P + gm([0.016667, 0.983333], [0.5, 1], [9.3, 9.9]);Genotype:
[40, 260, 398, 36, 483, 328, 425, 411, 431, 130, 132, 376, 458, 212, 148, 443, 464, 453, 448, 368, 288, 498, 85, 142, 420, 450, 372, 408, 14, 364, 116, 300, 61, 478, 89, 350, 344, 79, 18, 40, 208, 442, 190, 462, 363, 160, 465, 188, 432, 491, 390, 224, 121, 188, 154, 74, 43, 486, 421, 290, 154, 54, 74, 110, 165, 294, 41, 89, 493, 52, 318, 315, 65, 119, 1, 12, 66, 321, 460, 72, 437, 259, 69, 222, 389, 425, 209, 76, 246, 297, 126, 81, 288, 49, 380, 483, 136, 275, 25, 448, 478, 31, 379, 412, 389, 327, 363, 76, 246, 138, 126, 81, 288, 49, 380, 112, 257, 295, 216, 1, 498, 436, 224, 308, 104, 447, 188, 119, 40]
Tree:
None
Fitness on 5000 data:
-72.34115448087113

Fitness:
-72.34115448087113