Generation:
1500

Phenotype:
1
V1 = uniform([+6.2e0, 7.5e0], 2);
V2 = +7.4e0;
V2 = V2 + gm([6.3e1, +7.1e0, 4.3e0]);
V3 = +V2 * +V2;
V3 = V3 + uniform([+1.7e1, 1.4e0], 2);

Pre-processed Program
:F = uniform([6.200000, 13.700000], 2);T = 7.4;T = T + gm([1.000000], [7.1], [4.3]);TEMP0 = T * T;P = TEMP0;P = P + uniform([17.000000, 18.400000], 2);Genotype:
[8, 294, 477, 431, 263, 45, 134, 116, 62, 82, 170, 437, 175, 418, 458, 424, 462, 13, 343, 270, 147, 134, 46, 172, 370, 292, 307, 376, 273, 469, 383, 160, 47, 241, 160, 39, 64, 3, 124, 290, 134, 175, 340, 200, 322, 219, 450, 496, 311, 189, 489, 78, 442, 31, 127, 263, 11, 301, 214, 428, 51, 482, 398, 6, 151, 282, 315, 328, 377, 322, 476, 402, 425, 90, 500, 72, 27, 489, 78, 246, 386, 277, 236, 489, 396, 454, 65, 107, 414, 55, 416, 378, 280, 230, 71, 315, 176, 282, 227, 328, 25, 322, 13, 402, 290, 90, 500, 72, 313, 229, 192, 246, 132, 277, 236, 489, 396, 454, 305, 2, 419, 70, 172, 453, 148, 46, 309, 423, 500, 87, 50, 34, 399, 274, 175, 168, 230, 493]
Tree:
None
Fitness on 5000 data:
-10.062286016520831

Fitness:
-10.062286016520831