Generation:
798

Phenotype:
1
V1 = uniform([+5.9e0, 8.0e0], 2);
V2 = +7.4e0;
V2 = V2 + gm([6.8e1, +7.1e0, 4.3e0]);
V3 = +V2 * +V2;
V3 = V3 + uniform([+1.8e1, 0.0e0], 2);

Pre-processed Program
:F = uniform([5.900000, 13.900000], 2);T = 7.4;T = T + gm([1.000000], [7.1], [4.3]);TEMP0 = T * T;P = TEMP0;P = P + uniform([18.000000, 18.000000], 2);Genotype:
[39, 294, 498, 349, 184, 419, 274, 285, 329, 400, 80, 478, 420, 134, 92, 92, 78, 467, 261, 250, 317, 334, 264, 140, 13, 170, 422, 156, 338, 469, 398, 284, 47, 241, 0, 374, 214, 43, 124, 99, 262, 337, 124, 50, 168, 467, 404, 428, 145, 117, 88, 114, 346, 31, 358, 105, 321, 230, 480, 64, 51, 482, 398, 6, 151, 282, 315, 328, 377, 322, 476, 402, 425, 90, 500, 72, 27, 489, 78, 246, 386, 277, 236, 489, 396, 454, 65, 107, 414, 55, 416, 378, 280, 230, 71, 315, 176, 282, 227, 328, 25, 322, 13, 402, 290, 90, 500, 72, 313, 229, 192, 246, 132, 277, 236, 489, 396, 454, 305, 2, 419, 70, 172, 453, 148, 46, 309, 423, 500, 87, 50, 34, 399, 274, 175, 168, 230, 493]
Tree:
None
Fitness on 5000 data:
-10.073424934629141

Fitness:
-10.073424934629141