Generation:
1198

Phenotype:
1
V1 = uniform([+6.2e0, 7.7e0], 2);
V2 = +7.4e0;
V2 = V2 + gm([8.3e1, +7.1e0, 4.4e0]);
V3 = +V2 * +V2;
V3 = V3 + uniform([+1.7e1, 0.0e1], 2);

Pre-processed Program
:F = uniform([6.200000, 13.900000], 2);T = 7.4;T = T + gm([1.000000], [7.1], [4.4]);TEMP0 = T * T;P = TEMP0;P = P + uniform([17.000000, 17.000000], 2);Genotype:
[410, 294, 150, 487, 263, 473, 274, 116, 12, 400, 184, 437, 37, 134, 231, 108, 462, 13, 261, 270, 147, 134, 46, 172, 13, 170, 430, 78, 473, 469, 383, 160, 47, 241, 160, 460, 64, 104, 124, 290, 134, 337, 340, 382, 296, 153, 450, 428, 311, 117, 494, 493, 442, 31, 127, 105, 428, 230, 480, 421, 51, 482, 398, 6, 151, 282, 315, 328, 377, 322, 476, 402, 425, 90, 500, 72, 27, 489, 78, 246, 386, 277, 236, 489, 396, 454, 65, 107, 414, 55, 416, 378, 280, 230, 71, 315, 176, 282, 227, 328, 25, 322, 13, 402, 290, 90, 500, 72, 313, 229, 192, 246, 132, 277, 236, 489, 396, 454, 305, 2, 419, 70, 172, 453, 148, 46, 309, 423, 500, 87, 50, 34, 399, 274, 175, 168, 230, 493]
Tree:
None
Fitness on 5000 data:
-10.064987918280801

Fitness:
-10.064987918280801