Generation:
300

Phenotype:
3
V1 = gm([2.5, 10.4, 10.7], [41.1, 6, 4]);
V2 = 5.5;
V2 = V2 + 5 * uniform([0, 2], 1);
V3 = 0.4;
V3 = V3 + 3.6 * uniform([1, 8], 2);

Pre-processed Program
:W = gm([0.057339, 0.942661], [10.4, 6], [10.7, 4]);F = 5.5;F = F;F = F + 5 * uniform([0.000000, 2.000000], 1);T = 0.4;T = T;T = T + 3.6 * uniform([1.000000, 9.000000], 2);Genotype:
[102, 344, 395, 442, 223, 438, 320, 439, 377, 104, 355, 393, 265, 363, 47, 316, 114, 216, 413, 449, 288, 494, 465, 310, 361, 262, 448, 466, 237, 47, 464, 427, 98, 298, 384, 464, 425, 221, 408, 398, 361, 177, 306, 454, 314, 229, 7, 153, 66, 352, 452, 487, 360, 455, 219, 77, 409, 108, 79, 91, 32, 270, 329, 258, 288, 243, 219, 102, 184, 135, 266, 74, 230, 270, 428, 351, 159, 142, 334, 267, 155, 485, 211, 223, 363, 311, 24, 447, 378, 224, 397, 60, 177, 304, 461, 460, 195, 8, 279, 85, 442, 476, 14, 271, 158, 295, 485, 497, 437, 445, 227, 388, 306, 8, 143, 160, 17, 127, 187, 175, 110, 407, 31, 111, 436, 366, 137, 208, 229, 162, 261, 390, 76, 81, 211, 310, 418, 311, 405, 458, 48, 366, 311, 328, 54, 395, 86, 390, 458, 81, 211, 223, 363, 481, 24, 447, 378, 224, 397, 133, 177, 419, 352, 460, 214, 320]
Tree:
None
Fitness on 5000 data:
-63.99963954862425

Fitness:
[-64.05201340049084, 0]