Generation:
1000

Phenotype:
5
V1 = uniform([+4.08e+0, 1.99e+1], 2);
V2 = -3.64e+2 * +4.44e-3;
V2 = V2 + gm([4.41e+0, +1.16e+1, 0.20e+1]);
V3 = +V2;
V3 = V3 + gm([3.72e+1, -4.93e-0, 2.00e+0]);

Pre-processed Program
:T = uniform([4.080000, 23.980000], 2);F = 0;F = F - 1.6016;F = F + gm([1.000000], [11.6], [2]);C = F;C = C + gm([1.000000], [-4.93], [2]);Genotype:
[411, 232, 258, 5, 311, 455, 264, 454, 300, 398, 376, 328, 313, 111, 269, 339, 210, 305, 162, 228, 69, 210, 387, 491, 169, 463, 116, 234, 318, 382, 27, 343, 226, 484, 34, 464, 431, 7, 376, 219, 282, 205, 94, 254, 141, 120, 152, 8, 230, 21, 211, 196, 478, 233, 243, 40, 282, 460, 496, 121, 32, 108, 154, 90, 350, 251, 340, 422, 156, 303, 153, 27, 452, 138, 413, 2, 149, 424, 69, 343, 399, 428, 162, 242, 280, 490, 180, 240, 472, 199, 454, 356, 112, 124, 285, 418, 278, 448, 121, 32]
Tree:
None
Fitness on 5000 data:
-53.83455930156264

Fitness:
-53.83455930156264