Generation:
300

Phenotype:
3
V1 = gm([42.9, 4.9, 2], [1, 8.2, 3.6]);
V2 = V1;
V2 = V2 + gm([27.2, 5, 2]);
V3 = V2;
V3 = V3 + gm([13.1, 7.1, 6]);

Pre-processed Program
:C = gm([0.977221, 0.022779], [4.9, 8.2], [2, 3.6]);F = C;F = F;F = F + gm([1.000000], [5], [2]);T = F;T = T;T = T + gm([1.000000], [7.1], [6]);Genotype:
[110, 356, 95, 52, 47, 154, 5, 475, 243, 399, 98, 443, 55, 143, 500, 53, 228, 396, 409, 137, 8, 244, 1, 309, 329, 256, 252, 186, 112, 302, 196, 123, 172, 424, 488, 415, 231, 1, 140, 362, 302, 2, 130, 266, 466, 196, 463, 392, 277, 86, 249, 48, 225, 13, 243, 373, 262, 441, 66, 363, 328, 211, 342, 175, 99, 409, 437, 28, 172, 469, 178, 359, 288, 178, 129, 410, 83, 38, 268, 90, 143, 102, 208, 398, 484, 287, 180, 376, 234, 79, 154, 415, 294, 417, 199, 116, 36, 0, 482, 91, 305, 70, 138, 105, 87, 7, 220, 148, 284, 220, 21, 242, 163, 466, 405, 112, 422, 102, 89, 487, 488, 378, 245, 184, 233, 457, 166, 467, 14, 267, 22, 285, 188, 41, 107, 445, 133, 296, 96, 137, 103, 128, 52]
Tree:
None
Fitness on 5000 data:
-55.99340578656175

Fitness:
[-55.98317579539726, -2]