Generation:
398

Phenotype:
1
V1 = gm([0.8e0, +2.5e1, 1.9e1], [0.0e1, +3.8e0, 9.3e0], [9.9e1, +9.9e0, 2.0e0], [0.0e0, -4.7e0, 3.0e1]);
V2 = +7.4e0;
V2 = V2 + uniform([-4.6e0, 4.3e0], 2);
V3 = +V1;
V3 = V3 + uniform([-4.1e0, 6.0e0], 2);

Pre-processed Program
:F = gm([0.008016, 0.000000, 0.991984, 0.000000], [25, 3.8, 9.9, -4.7], [19, 9.3, 2, 30]);C = 7.4;C = C + uniform([-4.600000, -0.300000], 2);T = F;T = T + uniform([-4.100000, 1.900000], 2);Genotype:
[70, 156, 39, 256, 206, 463, 129, 330, 278, 456, 496, 142, 462, 125, 395, 344, 231, 119, 471, 59, 3, 500, 110, 415, 435, 490, 463, 108, 302, 22, 369, 433, 42, 29, 134, 249, 499, 83, 125, 16, 169, 219, 404, 192, 112, 490, 396, 398, 372, 370, 100, 356, 356, 181, 364, 107, 310, 395, 333, 80, 113, 97, 212, 404, 483, 253, 126, 37, 34, 108, 355, 330, 119, 347, 314, 366, 250, 43, 94, 183, 390, 205, 318, 490, 368, 476, 314, 209, 192, 303, 499, 74, 371, 162, 113, 276, 480, 168, 82, 300, 490, 398, 360, 141, 362, 472, 356, 91, 364, 130, 445, 182, 277, 257, 137, 249, 144, 404, 449, 281, 394, 37]
Tree:
None
Fitness on 5000 data:
-5.658784395871202

Fitness:
-5.658784395871202