Generation:
1500

Phenotype:
1
V1 = gm([0.0e0, +7.8e0, 9.4e1], [0.0e1, -1.9e1, 2.8e1], [9.8e1, +9.9e0, 2.0e0], [0.0e0, -2.6e0, 9.7e0]);
V2 = +7.5e0;
V2 = V2 + uniform([-4.5e0, 4.1e0], 2);
V3 = +V1;
V3 = V3 + gm([4.3e0, -0.0e1, 1.0e0]);

Pre-processed Program
:F = gm([0.000000, 0.000000, 1.000000, 0.000000], [7.8, -19, 9.9, -2.6], [94, 28, 2, 9.7]);C = 7.5;C = C + uniform([-4.500000, -0.400000], 2);T = F;T = T + gm([1.000000], [0], [1]);Genotype:
[437, 300, 297, 158, 190, 443, 208, 330, 290, 174, 195, 114, 207, 28, 116, 97, 419, 24, 381, 235, 145, 500, 80, 449, 355, 25, 351, 109, 193, 69, 442, 58, 75, 29, 85, 459, 228, 411, 287, 140, 169, 399, 84, 117, 112, 60, 396, 162, 402, 370, 240, 356, 49, 115, 152, 366, 318, 226, 129, 267, 384, 216, 356, 30, 117, 208, 36, 37, 155, 454, 55, 218, 289, 151, 314, 345, 10, 91, 94, 301, 58, 494, 444, 196, 42, 490, 144, 498, 422, 238, 14, 434, 173, 292, 180, 111, 30, 110, 365, 41, 21, 490, 40, 141, 362, 472, 356, 91, 364, 130, 445, 182, 277, 257, 137, 249, 144, 404, 449, 281, 394, 37]
Tree:
None
Fitness on 5000 data:
-5.195667194111953

Fitness:
-5.195667194111953