Generation:
1198

Phenotype:
1
V1 = uniform([+5.0e0, 1.0e1], 2);
V2 = gm([0.0e1, +9.9e0, 3.2e0], [0.0e1, +7.2e0, 4.6e0]);
V3 = gm([9.0e0, +8.9e1, 9.8e1]);

Pre-processed Program
:F = uniform([5.000000, 15.000000], 2);T = gm([1.000000, 1.000000], [9.9, 7.2], [3.2, 4.6]);P = gm([1.000000], [89], [98]);Genotype:
[376, 168, 403, 469, 440, 244, 35, 390, 478, 69, 371, 480, 219, 208, 225, 177, 266, 270, 140, 89, 263, 4, 389, 169, 238, 464, 483, 92, 52, 264, 380, 40, 450, 305, 48, 264, 407, 112, 40, 55, 214, 366, 192, 186]
Tree:
None
Fitness on 5000 data:
-85.47841915079523

Fitness:
-85.47841915079523