Generation:
398

Phenotype:
1
V1 = uniform([+5.0e0, 1.0e1], 2);
V2 = gm([0.0e1, +9.9e0, 3.1e0], [0.0e1, +7.3e0, 5.0e0]);
V3 = gm([8.0e0, +8.9e1, 9.8e1]);

Pre-processed Program
:F = uniform([5.000000, 15.000000], 2);T = gm([1.000000, 1.000000], [9.9, 7.3], [3.1, 5]);P = gm([1.000000], [89], [98]);Genotype:
[22, 168, 403, 438, 440, 110, 35, 390, 478, 69, 371, 480, 249, 208, 225, 165, 484, 270, 500, 233, 101, 4, 389, 289, 132, 464, 483, 21, 174, 264, 85, 280, 360, 321, 186, 264, 407, 303, 48, 487, 145, 410, 370, 268]
Tree:
None
Fitness on 5000 data:
-85.49503609506598

Fitness:
-85.49503609506598