Generation:
398

Phenotype:
2
V1 = gm([0.9e1, +9.9e0, 1.9e0]);
V2 = +V1;
V2 = V2 + gm([8.2e1, +0.0e0, 0.1e1], [0.0e0, +1.4e0, 7.0e0], [0.0e1, -1.4e0, 7.5e0], [0.1e0, +1.4e0, 0.6e0]);
V3 = +V1;
V3 = V3 + uniform([-8.0e0, 5.2e0], 2);

Pre-processed Program
:F = gm([1.000000], [9.9], [1.9]);T = F;T = T + gm([0.998782, 0.000000, 0.000000, 0.001218], [0, 1.4, -1.4, 1.4], [1, 7, 7.5, 0.6]);C = F;C = C + uniform([-8.000000, -2.800000], 2);Genotype:
[182, 103, 43, 388, 455, 104, 136, 450, 169, 243, 228, 418, 49, 169, 202, 248, 91, 169, 214, 145, 160, 108, 170, 28, 103, 456, 211, 493, 24, 168, 402, 435, 4, 470, 440, 500, 274, 344, 220, 301, 129, 85, 162, 150, 50, 408, 108, 64, 261, 274, 144, 281, 7, 190, 284, 323, 494, 440, 170, 61, 168, 71, 481, 434, 210, 347, 157, 375, 490, 362, 71, 210, 271, 110, 20, 84, 491, 14, 194, 409, 400, 266, 430, 491, 30, 102, 196, 252, 180, 59, 307, 268, 97, 418, 110, 34, 75, 435, 472, 484, 400, 419, 89, 108, 298, 238, 465, 295, 452, 489, 239, 331, 247, 437, 98, 442, 78, 340, 135, 351, 258, 500, 19, 322, 274, 202, 362, 188, 416, 431, 333, 360, 274, 197, 81, 280]
Tree:
None
Fitness on 5000 data:
-5.291925739163072

Fitness:
-5.291925739163072