Generation:
798

Phenotype:
2
V1 = gm([2.3e1, +9.7e0, 1.9e0]);
V2 = +V1;
V2 = V2 + gm([3.4e1, +0.0e1, 0.1e1]);
V3 = -V2 + +1.3e0 * +V2;
V3 = V3 + uniform([-1.0e0, 4.4e0], 2);

Pre-processed Program
:F = gm([1.000000], [9.7], [1.9]);T = F;T = T + gm([1.000000], [0], [1]);TEMP0 = 1.3 * T;C = 0;C = C - T;C = C + TEMP0;C = C + uniform([-1.000000, 3.400000], 2);Genotype:
[22, 235, 456, 262, 454, 370, 292, 62, 483, 223, 184, 390, 49, 167, 202, 184, 331, 169, 214, 426, 16, 108, 418, 422, 104, 442, 348, 458, 98, 363, 384, 237, 4, 404, 440, 500, 375, 268, 70, 301, 129, 383, 351, 190, 50, 102, 47, 67, 294, 65, 270, 131, 74, 190, 281, 323, 316, 440, 170, 391, 75, 295, 2, 239, 291, 20, 16, 368, 84, 474, 196, 373, 373, 416, 81, 392, 120, 70, 194, 402, 400, 419, 36, 62, 64, 102, 124, 172, 180, 59, 384, 178, 211, 177, 210, 46, 399, 144, 188, 484, 400, 419, 89, 108, 298, 238, 465, 295, 452, 489, 239, 331, 247, 437, 98, 442, 78, 340, 135, 351, 258, 500, 19, 322, 274, 202, 362, 188, 416, 431, 333, 360, 274, 197, 81, 280]
Tree:
None
Fitness on 5000 data:
-5.115530842281624

Fitness:
-5.115530842281624