Generation:
1500

Phenotype:
2
V1 = gm([2.8e1, +9.9e0, 1.9e0]);
V2 = +V1;
V2 = V2 + gm([5.6e1, -0.0e0, 0.1e1]);
V3 = -V1 + +1.4e0 * +V1;
V3 = V3 + uniform([-1.0e0, 3.2e0], 2);

Pre-processed Program
:F = gm([1.000000], [9.9], [1.9]);T = F;T = T + gm([1.000000], [0], [1]);TEMP0 = 1.4 * F;C = 0;C = C - F;C = C + TEMP0;C = C + uniform([-1.000000, 2.200000], 2);Genotype:
[204, 235, 470, 124, 131, 432, 192, 62, 438, 55, 180, 394, 49, 179, 4, 435, 331, 279, 214, 491, 418, 108, 394, 4, 468, 54, 112, 116, 24, 375, 196, 365, 264, 475, 440, 500, 410, 26, 70, 301, 25, 208, 267, 318, 98, 178, 393, 356, 294, 215, 472, 131, 343, 382, 281, 394, 236, 180, 278, 262, 271, 483, 299, 417, 401, 20, 262, 216, 53, 262, 482, 373, 373, 416, 81, 392, 120, 70, 194, 402, 400, 419, 36, 62, 64, 102, 124, 172, 180, 59, 384, 178, 211, 177, 210, 46, 399, 144, 188, 484, 400, 419, 89, 108, 298, 238, 465, 295, 452, 489, 239, 331, 247, 437, 98, 442, 78, 340, 135, 351, 258, 500, 19, 322, 274, 202, 362, 188, 416, 431, 333, 360, 274, 197, 81, 280]
Tree:
None
Fitness on 5000 data:
-4.75252626126814

Fitness:
-4.75252626126814