Generation:
1198

Phenotype:
2
V1 = gm([0.8e1, +9.9e0, 2.0e0]);
V2 = uniform([+4.1e0, 1.9e1], 2);
V3 = uniform([+0.1e0, 9.9e0], 2);

Pre-processed Program
:F = gm([1.000000], [9.9], [2]);T = uniform([4.100000, 23.100000], 2);W = uniform([0.100000, 10.000000], 2);Genotype:
[327, 193, 490, 81, 428, 75, 390, 188, 69, 412, 190, 409, 469, 122, 325, 102, 20, 390, 35, 130, 269, 366, 54, 241, 154, 397, 261, 99, 325, 19, 170, 68, 198, 180, 71, 208, 170, 189, 139, 366, 430, 267, 349, 423, 345, 78, 50, 272, 215, 203, 324, 130, 75, 356, 168, 182, 372, 209, 92, 211, 116, 7, 283, 368, 79, 309, 267, 85, 423, 15, 244, 497, 272, 215, 325, 168, 130, 75, 367, 423, 83, 168, 484, 284, 290, 165, 206, 395, 176, 370, 388, 337, 220, 84, 332, 116, 137, 348, 17, 305, 98, 132, 489, 404, 440, 204, 68, 56, 44, 0, 51, 55, 287, 340, 467, 296, 343, 61, 130, 170, 314, 353, 140, 0, 92, 284, 220, 296, 341, 394, 257, 319, 97, 468, 472, 390, 26, 198, 131, 405, 118, 164, 84, 156, 172, 454, 80, 136, 182]
Tree:
None
Fitness on 5000 data:
-58.6562276608577

Fitness:
-58.6562276608577