Generation:
798

Phenotype:
6
V1 = uniform([+0.6e1, 1.8e1], 2);
V2 = -1.4e0 * -5.5e0;
V2 = V2 + uniform([-4.9e0, 4.3e0], 2);
V3 = +V2;
V3 = V3 + gm([1.0e0, +5.0e0, 1.1e0]);

Pre-processed Program
:T = uniform([6.000000, 24.000000], 2);C = 7.7;C = C + uniform([-4.900000, -0.600000], 2);F = C;F = F + gm([1.000000], [5], [1.1]);Genotype:
[360, 317, 40, 233, 34, 88, 8, 200, 336, 223, 80, 11, 418, 359, 249, 144, 177, 182, 187, 170, 479, 121, 434, 248, 271, 406, 499, 195, 375, 388, 479, 286, 88, 293, 144, 289, 344, 200, 274, 393, 226, 475, 446, 210, 452, 498, 491, 200, 223, 476, 317, 1, 360, 86, 175, 314, 405, 20, 94, 84, 101, 381, 62, 465, 335, 477, 270, 286, 494, 487, 153, 276, 377, 385, 205, 449, 497, 35, 88, 244, 135, 386, 96, 37, 231, 233, 164, 267, 473, 361, 227, 499, 455, 55, 339, 483, 423, 481, 134, 412]
Tree:
None
Fitness on 5000 data:
-6.067077525925824

Fitness:
-6.067077525925824