Generation:
1500

Phenotype:
4
V1 = gm([6.6e0, +0.8e0, 0.7e0], [8.3e1, +0.9e1, 4.0e0]);
V2 = gm([5.0e1, +9.9e0, 1.5e1], [8.1e1, +9.9e1, 9.9e1]);
V3 = uniform([+6.3e0, 7.4e0], 2);

Pre-processed Program
:T = gm([0.073661, 0.926339], [0.8, 9], [0.7, 4]);P = gm([0.381679, 0.618321], [9.9, 99], [15, 99]);F = uniform([6.300000, 13.700000], 2);Genotype:
[199, 63, 78, 347, 289, 459, 416, 376, 400, 385, 330, 440, 108, 368, 385, 60, 177, 126, 100, 24, 458, 213, 479, 390, 256, 150, 69, 209, 116, 394, 60, 194, 286, 395, 369, 268, 465, 160, 265, 488, 410, 99, 129, 302, 71, 351, 435, 451, 188, 168, 78, 401, 401, 280, 100, 99, 309, 67, 94, 309, 29, 249, 493, 186, 264, 290, 326, 313, 104, 310, 477, 344, 112, 197, 372, 49, 309, 67, 223, 359, 329, 249, 273, 68, 314, 406, 375, 49, 290, 469, 477, 418, 92, 104, 225, 459, 419, 500, 366, 16, 221, 280, 199, 55, 64, 218, 165, 138, 125, 410, 269, 279, 69, 338, 57, 54, 320, 49, 494, 462, 368, 251, 486, 399, 440, 260, 237, 94, 59, 365, 149, 44]
Tree:
None
Fitness on 5000 data:
-87.11482194560818

Fitness:
-87.11482194560818