Generation:
1198

Phenotype:
4
V1 = gm([6.5e0, +0.8e0, 0.8e0], [7.5e1, +0.9e1, 4.0e0]);
V2 = gm([5.9e1, +9.9e0, 1.5e1], [9.8e1, +9.9e1, 9.9e1]);
V3 = uniform([+5.9e0, 7.8e0], 2);

Pre-processed Program
:T = gm([0.079755, 0.920245], [0.8, 9], [0.8, 4]);P = gm([0.375796, 0.624204], [9.9, 99], [15, 99]);F = uniform([5.900000, 13.700000], 2);Genotype:
[115, 63, 148, 282, 485, 139, 416, 135, 400, 452, 330, 440, 108, 326, 87, 60, 58, 232, 100, 199, 97, 475, 133, 346, 140, 150, 69, 209, 480, 394, 60, 314, 10, 465, 369, 307, 465, 99, 265, 488, 338, 99, 69, 302, 307, 351, 435, 183, 306, 345, 269, 168, 141, 130, 458, 99, 309, 165, 89, 309, 29, 249, 81, 139, 471, 206, 385, 499, 294, 310, 477, 368, 112, 197, 372, 49, 309, 67, 223, 359, 329, 249, 273, 68, 314, 406, 375, 49, 290, 469, 477, 418, 92, 104, 225, 459, 419, 500, 366, 16, 221, 280, 199, 55, 64, 218, 165, 138, 125, 410, 269, 279, 69, 338, 57, 54, 320, 49, 494, 462, 368, 251, 486, 399, 440, 260, 237, 94, 59, 365, 149, 44]
Tree:
None
Fitness on 5000 data:
-87.18759319190151

Fitness:
-87.18759319190151