Generation:
398

Phenotype:
4
V1 = gm([7.0e0, +0.8e0, 0.8e0], [7.8e1, +0.9e1, 4.0e0]);
V2 = gm([4.1e0, +9.9e1, 9.9e1]);
V3 = uniform([+5.8e0, 8.1e0], 2);

Pre-processed Program
:T = gm([0.082353, 0.917647], [0.8, 9], [0.8, 4]);P = gm([1.000000], [99], [99]);F = uniform([5.800000, 13.900000], 2);Genotype:
[58, 411, 146, 406, 349, 281, 117, 0, 188, 41, 94, 440, 288, 418, 428, 30, 438, 492, 10, 487, 397, 278, 373, 458, 422, 200, 69, 365, 428, 394, 130, 372, 52, 459, 210, 112, 384, 311, 72, 77, 466, 229, 309, 67, 93, 99, 329, 451, 129, 437, 86, 174, 375, 248, 466, 275, 238, 161, 30, 104, 225, 459, 419, 500, 366, 16, 221, 280, 199, 55, 64, 218, 165, 138, 125, 410, 269, 279, 69, 338, 57, 54, 320, 49, 494, 462, 368, 251, 486, 399, 440, 260, 237, 94, 59, 365, 149, 44]
Tree:
None
Fitness on 5000 data:
-89.58095074679545

Fitness:
-89.58095074679545