Generation:
798

Phenotype:
4
V1 = gm([7.6e0, +0.7e0, 0.8e0], [9.6e1, +0.9e1, 4.0e0]);
V2 = gm([7.6e0, +5.7e0, 0.8e1], [2.4e1, +9.9e1, 9.9e1]);
V3 = uniform([+5.9e0, 7.8e0], 2);

Pre-processed Program
:T = gm([0.073359, 0.926641], [0.7, 9], [0.8, 4]);P = gm([0.240506, 0.759494], [5.7, 99], [8, 99]);F = uniform([5.900000, 13.700000], 2);Genotype:
[320, 63, 168, 186, 389, 49, 157, 66, 188, 110, 94, 440, 27, 46, 344, 30, 58, 322, 102, 240, 229, 186, 61, 68, 390, 200, 69, 125, 48, 394, 130, 388, 10, 50, 229, 438, 457, 136, 390, 294, 358, 365, 287, 366, 112, 200, 458, 267, 176, 84, 492, 374, 231, 197, 122, 49, 309, 499, 437, 309, 329, 249, 243, 41, 223, 320, 375, 119, 290, 165, 477, 418, 80, 197, 372, 49, 309, 67, 223, 359, 329, 249, 273, 68, 314, 406, 375, 49, 290, 469, 477, 418, 92, 104, 225, 459, 419, 500, 366, 16, 221, 280, 199, 55, 64, 218, 165, 138, 125, 410, 269, 279, 69, 338, 57, 54, 320, 49, 494, 462, 368, 251, 486, 399, 440, 260, 237, 94, 59, 365, 149, 44]
Tree:
None
Fitness on 5000 data:
-87.7776551582019

Fitness:
-87.7776551582019