Generation:
300

Phenotype:
4
V1 = gm([2.5, 8.6, 0.8], [13.5, 5, 2.7]);
V2 = 2;
V2 = V2 + gm([31, 18, 9]);
V3 = 1;
V3 = V3 + uniform([6, 6], 1);

Pre-processed Program
:W = gm([0.156250, 0.843750], [8.6, 5], [0.8, 2.7]);T = 2;T = T;T = T + gm([1.000000], [18], [9]);F = 1;F = F;F = F + uniform([6.000000, 12.000000], 1);Genotype:
[318, 273, 348, 490, 411, 46, 222, 387, 25, 257, 337, 161, 416, 383, 315, 459, 466, 238, 33, 472, 454, 378, 158, 185, 461, 114, 360, 52, 170, 59, 176, 410, 472, 329, 64, 496, 156, 498, 490, 218, 18, 164, 366, 386, 388, 30, 485, 480, 256, 290, 135, 143, 318, 414, 318, 212, 435, 163, 247, 215, 474, 199, 360, 251, 383, 346, 291, 161, 161, 231, 360, 343, 380, 112, 288, 241, 7, 406, 44, 17, 417, 266, 260, 81, 392, 283, 301, 311, 218, 447, 36, 224, 397, 488, 447, 274, 352, 282, 37, 8]
Tree:
None
Fitness on 5000 data:
-62.999007296067376

Fitness:
[-62.87942581479997, 0]