Generation:
398

Phenotype:
1
V1 = uniform([+5.9e0, 9.0e0], 2);
V2 = +V1;
V2 = V2 + uniform([-6.9e0, 4.0e0], 2);
V3 = -0.5e0;
V3 = V3 + uniform([+4.9e0, 2.0e1], 2);

Pre-processed Program
:F = uniform([5.900000, 14.900000], 2);C = F;C = C + uniform([-6.900000, -2.900000], 2);T = 0;T = T - 0.5;T = T + uniform([4.900000, 24.900000], 2);Genotype:
[413, 84, 388, 217, 186, 378, 344, 45, 109, 264, 62, 99, 10, 424, 170, 178, 6, 402, 118, 236, 499, 178, 186, 345, 466, 59, 192, 223, 24, 160, 16, 140, 28, 486, 311, 11, 339, 200, 265, 414, 499, 168, 453, 276, 424, 99, 436, 163, 182, 80, 171, 175, 223, 157, 496, 36, 103, 52, 185, 52, 383, 47, 440, 312, 132, 472, 425, 437, 96, 76, 485, 334, 8, 307, 93, 292, 432, 0, 244, 44, 394, 388, 1, 120, 342, 21, 362, 106, 87, 299, 274, 248, 24, 270, 79, 241, 10, 346, 174, 396]
Tree:
None
Fitness on 5000 data:
-6.809531141872848

Fitness:
-6.809531141872848