Generation:
1500

Phenotype:
4
V1 = gm([4.3e0, +1.0e0, 0.3e0], [4.5e1, +3.9e0, 3.0e0], [7.9e1, +2.0e1, 1.0e0]);
V2 = +V1 * +V1;
V2 = V2 + gm([5.2e0, +9.9e0, 7.8e0], [9.2e1, -0.5e0, 9.3e0]);
V3 = +4.0e0;
V3 = V3 + uniform([+0.2e1, 8.0e0], 2);

Pre-processed Program
:T = gm([0.033515, 0.350740, 0.615744], [1, 3.9, 20], [0.3, 3, 1]);TEMP0 = T * T;P = TEMP0;P = P + gm([0.053498, 0.946502], [9.9, -0.5], [7.8, 9.3]);F = 4;F = F + uniform([2.000000, 10.000000], 2);Genotype:
[284, 423, 257, 320, 140, 179, 433, 354, 23, 34, 108, 170, 131, 210, 246, 337, 310, 173, 338, 77, 391, 364, 165, 147, 488, 396, 493, 199, 464, 340, 333, 0, 414, 202, 268, 407, 299, 285, 144, 236, 32, 150, 493, 22, 261, 360, 196, 470, 372, 271, 328, 392, 182, 19, 94, 48, 125, 402, 491, 123, 391, 235, 492, 232, 380, 86, 209, 369, 22, 374, 187, 238, 252, 90, 243, 209, 452, 341, 186, 215, 230, 415, 86, 220, 29, 473, 22, 219, 318, 66, 301, 381, 264, 484, 250, 246, 443, 181, 415, 328, 150, 182, 1, 302, 48, 20, 56, 285, 167, 415, 271]
Tree:
None
Fitness on 5000 data:
-65.84639271761077

Fitness:
-65.84639271761077