Generation:
1198

Phenotype:
4
V1 = gm([1.0e0, +8.0e0, 0.1e0], [4.5e1, +3.9e0, 3.0e0], [7.9e1, +2.0e1, 1.0e0]);
V2 = +V1 * +V1;
V2 = V2 + gm([1.2e0, +6.9e0, 7.8e0], [7.2e1, -0.5e0, 9.4e0]);
V3 = +4.0e0;
V3 = V3 + uniform([+0.2e1, 8.0e0], 2);

Pre-processed Program
:T = gm([0.008000, 0.360000, 0.632000], [8, 3.9, 20], [0.1, 3, 1]);TEMP0 = T * T;P = TEMP0;P = P + gm([0.016393, 0.983607], [6.9, -0.5], [7.8, 9.4]);F = 4;F = F + uniform([2.000000, 10.000000], 2);Genotype:
[500, 423, 236, 238, 445, 27, 332, 291, 410, 34, 383, 170, 8, 210, 246, 337, 310, 81, 412, 77, 402, 364, 165, 119, 223, 396, 493, 199, 464, 266, 113, 0, 414, 202, 317, 407, 299, 285, 144, 236, 32, 150, 415, 296, 411, 360, 88, 461, 372, 53, 328, 318, 182, 486, 174, 48, 273, 402, 285, 123, 76, 271, 492, 374, 58, 86, 346, 379, 22, 374, 187, 178, 490, 422, 108, 117, 452, 393, 181, 215, 230, 415, 188, 293, 29, 224, 22, 314, 318, 104, 301, 381, 100, 484, 250, 246, 443, 181, 252, 328, 150, 182, 1, 171, 48, 20, 104, 285, 167, 415, 271]
Tree:
None
Fitness on 5000 data:
-65.91682033097022

Fitness:
-65.91682033097022