Generation:
2498

Phenotype:
20
V1 = gm([8.0e0, +9.8e0, 0.2e1]);
V2 = gm([0.0e1, +9.7e1, 9.9e1], [0.0e1, +9.9e1, 9.9e1], [0.0e0, +9.9e1, 9.9e1]);
V3 = gm([6.2e0, +4.9e0, 1.6e0]);
V4 = gm([4.0e1, +1.5e1, 3.9e0]);
V5 = uniform([-0.3e0, 1.1e1], 2);

Pre-processed Program
:F = gm([1.000000], [9.8], [2]);P = gm([1.000000, 1.000000, 1.000000], [97, 99, 99], [99, 99, 99]);C = gm([1.000000], [4.9], [1.6]);T = gm([1.000000], [15], [3.9]);W = uniform([-0.300000, 10.700000], 2);Genotype:
[381, 139, 134, 401, 236, 116, 458, 10, 366, 455, 310, 419, 68, 472, 64, 150, 62, 85, 288, 345, 1, 301, 470, 150, 201, 82, 320, 309, 377, 349, 428, 249, 299, 107, 211, 7, 470, 230, 263, 380, 446, 209, 259, 445, 275, 399, 29, 391, 76, 148, 50, 130, 440, 275, 142, 209, 19, 331, 10, 309, 209, 195, 284, 243, 364, 400, 216, 82, 476, 413, 100, 34, 439, 114, 352, 141, 46, 482, 312, 416, 74, 116, 404, 140, 377, 162, 346, 191, 325, 283, 72, 183, 159, 464, 57, 293, 497, 197, 410, 3, 442, 188, 191, 401, 69, 298, 500, 336, 126, 445, 187, 213, 8, 318, 427, 312, 286, 1, 116, 422, 386, 248, 132, 110, 173, 65, 33, 216, 260, 465, 63, 343, 1, 462, 158]
Tree:
None
Fitness on 5000 data:
-150.53550609372562

Fitness:
-150.53550609372562