Generation:
1198

Phenotype:
3
V1 = gm([0.0e1, +5.0e0, 3.2e0], [0.0e1, +7.5e0, 3.0e0], [0.0e0, +6.0e0, 3.2e0], [0.0e1, +0.4e1, 4.9e0], [0.0e1, +6.9e0, 2.8e0]);
V2 = +V1 + +V1 * -0.2e0;
V2 = V2 + gm([0.0e1, +5.0e0, 3.2e0], [0.0e1, +7.5e0, 3.0e0], [0.0e0, +6.0e0, 3.2e0], [0.0e1, +0.4e1, 4.9e0], [0.0e1, +6.9e0, 2.8e0]);
V3 = +V2 + +V2 * -0.2e0;
V3 = V3 + gm([0.0e1, +5.0e0, 3.2e0], [0.0e1, +7.5e0, 3.0e0], [0.0e0, +6.0e0, 3.2e0], [0.0e1, +0.4e1, 4.9e0], [0.0e1, +6.9e0, 2.8e0]);

Pre-processed Program
:W = gm([1.000000, 1.000000, 1.000000, 1.000000, 1.000000], [5, 7.5, 6, 4, 6.9], [3.2, 3, 3.2, 4.9, 2.8]);TEMP0 = -0.2 * W;F = W;F = F + TEMP0;F = F + gm([1.000000, 1.000000, 1.000000, 1.000000, 1.000000], [5, 7.5, 6, 4, 6.9], [3.2, 3, 3.2, 4.9, 2.8]);TEMP1 = -0.2 * F;T = F;T = T + TEMP1;T = T + gm([1.000000, 1.000000, 1.000000, 1.000000, 1.000000], [5, 7.5, 6, 4, 6.9], [3.2, 3, 3.2, 4.9, 2.8]);Genotype:
[20, 2, 110, 496, 4, 407, 264, 180, 410, 21, 454, 490, 135, 440, 294, 451, 193, 22, 250, 249, 113, 110, 410, 241, 40, 490, 67, 485, 294, 392, 193, 310, 268, 249, 267, 110, 80, 64, 2, 152, 266, 500, 214, 344, 193, 332, 74, 417, 472, 110, 180, 355, 296, 60, 40, 24, 317, 397, 104, 399, 192, 38, 357, 310, 470, 475, 284, 316, 176, 229, 434, 462, 22, 188, 78, 394, 217, 168, 444, 116, 180, 253, 296, 483, 50, 116, 388, 53, 55, 279, 39]
Tree:
None
Fitness on 5000 data:
-2.9308338730063417

Fitness:
-2.9308338730063417