Generation:
1500

Phenotype:
3
V1 = gm([0.0e1, +5.6e0, 3.1e0], [0.0e1, +7.5e0, 3.1e0], [0.0e0, +8.1e0, 2.0e0], [0.0e1, +3.1e0, 1.9e0], [0.0e0, +6.0e0, 2.8e0]);
V2 = +V1 - +V1 * +0.2e0;
V2 = V2 + gm([0.0e1, +5.6e0, 3.1e0], [0.0e1, +7.5e0, 3.1e0], [0.0e0, +8.1e0, 2.0e0], [0.0e1, +3.1e0, 1.9e0], [0.0e0, +6.0e0, 2.8e0]);
V3 = +V2 - +V2 * +0.2e0;
V3 = V3 + gm([0.0e1, +5.6e0, 3.1e0], [0.0e1, +7.5e0, 3.1e0], [0.0e0, +8.1e0, 2.0e0], [0.0e1, +3.1e0, 1.9e0], [0.0e0, +6.0e0, 2.8e0]);

Pre-processed Program
:W = gm([1.000000, 1.000000, 1.000000, 1.000000, 1.000000], [5.6, 7.5, 8.1, 3.1, 6], [3.1, 3.1, 2, 1.9, 2.8]);TEMP0 = 0.2 * W;F = W;F = F - TEMP0;F = F + gm([1.000000, 1.000000, 1.000000, 1.000000, 1.000000], [5.6, 7.5, 8.1, 3.1, 6], [3.1, 3.1, 2, 1.9, 2.8]);TEMP1 = 0.2 * F;T = F;T = T - TEMP1;T = T + gm([1.000000, 1.000000, 1.000000, 1.000000, 1.000000], [5.6, 7.5, 8.1, 3.1, 6], [3.1, 3.1, 2, 1.9, 2.8]);Genotype:
[300, 2, 470, 144, 291, 393, 315, 70, 410, 417, 139, 498, 135, 146, 486, 145, 193, 281, 390, 249, 37, 110, 410, 175, 48, 296, 67, 485, 186, 392, 83, 241, 242, 245, 496, 110, 80, 408, 116, 398, 458, 131, 148, 302, 152, 60, 420, 417, 344, 110, 180, 89, 26, 36, 373, 451, 304, 320, 311, 399, 448, 498, 70, 310, 470, 436, 237, 284, 176, 390, 294, 326, 112, 188, 78, 471, 377, 20, 146, 116, 180, 425, 155, 141, 490, 388, 354, 53, 257, 5, 138]
Tree:
None
Fitness on 5000 data:
-2.7936200213268525

Fitness:
-2.7936200213268525