Generation:
1198

Phenotype:
10
V1 = gm([9.5e0, +5.1e0, 2.5e0]);
V2 = gm([8.1e1, +1.0e1, 3.0e0], [0.0e1, +2.3e0, 2.3e0], [4.5e0, +4.7e0, 0.7e0]);
V3 = gm([7.5e0, +9.9e1, 9.8e1]);
V4 = uniform([+5.8e0, 7.9e0], 2);

Pre-processed Program
:C = gm([1.000000], [5.1], [2.5]);T = gm([0.947368, 0.000000, 0.052632], [10, 2.3, 4.7], [3, 2.3, 0.7]);E = gm([1.000000], [99], [98]);F = uniform([5.800000, 13.700000], 2);Genotype:
[97, 105, 72, 121, 464, 429, 339, 65, 70, 399, 158, 115, 261, 414, 471, 12, 115, 368, 378, 418, 207, 219, 228, 241, 31, 318, 80, 471, 80, 215, 295, 83, 50, 282, 121, 111, 0, 100, 407, 419, 76, 122, 483, 164, 360, 472, 23, 368, 480, 18, 74, 295, 30, 186, 264, 164, 367, 210, 133, 30, 17, 466, 456, 396, 308, 497]
Tree:
None
Fitness on 5000 data:
-151.68353345295915

Fitness:
-151.68353345295915