Generation:
398

Phenotype:
10
V1 = gm([9.3e0, +5.1e0, 2.5e0]);
V2 = gm([6.9e1, +1.0e1, 3.1e0], [0.0e0, +2.9e0, 2.2e0], [4.2e0, +4.9e0, 0.8e0]);
V3 = gm([6.5e0, +9.9e1, 9.8e1]);
V4 = uniform([+5.8e0, 7.9e0], 2);

Pre-processed Program
:C = gm([1.000000], [5.1], [2.5]);T = gm([0.942623, 0.000000, 0.057377], [10, 2.9, 4.9], [3.1, 2.2, 0.8]);E = gm([1.000000], [99], [98]);F = uniform([5.800000, 13.700000], 2);Genotype:
[486, 105, 234, 288, 464, 429, 339, 333, 426, 399, 158, 115, 261, 414, 326, 12, 115, 368, 378, 418, 207, 219, 196, 309, 31, 62, 122, 471, 80, 293, 396, 83, 161, 230, 487, 122, 0, 100, 194, 419, 400, 122, 309, 416, 25, 472, 472, 388, 472, 18, 74, 42, 410, 440, 264, 324, 319, 210, 133, 30, 128, 178, 408, 335, 308, 268]
Tree:
None
Fitness on 5000 data:
-151.69639961723783

Fitness:
-151.69639961723783