Generation:
1500

Phenotype:
4
V1 = uniform([+2.2e0, 5.7e0], 2);
V2 = +V1;
V2 = V2 + gm([3.3e1, +9.9e0, 5.7e0]);
V3 = +9.8e0;
V3 = V3 + gm([8.1e0, +0.2e0, 2.0e0]);

Pre-processed Program
:C = uniform([2.200000, 7.900000], 2);T = C;T = T + gm([1.000000], [9.9], [5.7]);F = 9.8;F = F + gm([1.000000], [0.2], [2]);Genotype:
[457, 315, 257, 227, 456, 303, 332, 482, 372, 16, 78, 5, 307, 290, 142, 174, 356, 248, 348, 231, 334, 267, 414, 178, 113, 433, 237, 429, 162, 189, 359, 182, 486, 455, 27, 0, 368, 24, 230, 403, 89, 44, 459, 28, 190, 86, 310, 456, 384, 298, 281, 452, 308, 288, 220, 272, 302, 292, 392, 90, 128, 261, 418, 79, 273, 420, 464, 484, 169, 46, 307, 294, 375, 330, 400, 364, 121, 287, 205, 496, 7, 234, 18, 445, 414, 86, 255, 66, 38, 126, 410, 164, 62, 36, 263, 227, 328, 412, 70, 478]
Tree:
None
Fitness on 5000 data:
-56.58632649620056

Fitness:
-56.58632649620056