Generation:
398

Phenotype:
3
V1 = uniform([+3.5e0, 2.1e1], 2);
V2 = -9.2e0 - -V1;
V2 = V2 + uniform([-0.4e1, 1.6e1], 2);
V3 = +V1 * +V1;
V3 = V3 + gm([2.3e1, -6.9e0, 0.0e0]);

Pre-processed Program
:T = uniform([3.500000, 24.500000], 2);F = 0;F = F - 9.2;F = F + T;F = F + uniform([-4.000000, 12.000000], 2);TEMP0 = T * T;P = TEMP0;P = P + gm([1.000000], [-6.9], [0]);Genotype:
[5, 32, 110, 145, 58, 183, 326, 53, 5, 338, 94, 382, 321, 235, 31, 403, 178, 462, 467, 337, 131, 429, 432, 206, 125, 288, 20, 411, 331, 439, 79, 388, 235, 90, 124, 205, 33, 281, 86, 225, 33, 144, 201, 392, 418, 96, 84, 172, 18, 336, 238, 403, 210, 274, 52, 283, 3, 374, 325, 286, 269, 80, 346, 50, 290, 440, 295, 24, 431, 344, 392, 73, 468, 385, 6, 208, 18, 453, 106, 420, 428, 268, 205, 199, 54, 363, 237, 231, 145, 33, 230, 108, 356, 64, 142, 210, 232, 48, 431, 337, 77, 207, 457, 235, 357, 320, 361, 196, 111, 128, 182, 393, 240, 155, 405, 194, 125, 274, 31, 206, 371, 245, 358, 128, 48, 87, 283, 93, 122, 144, 384, 384, 355, 91, 281, 125, 318, 126, 101, 109, 458, 69, 73, 303, 67, 173, 386, 454, 232, 358, 10, 249, 262]
Tree:
None
Fitness on 5000 data:
-9.341060603529275

Fitness:
-9.341060603529275