generation median_fitness fitness_25perc fitness_75perc
0 -183.36865528662582 -183.37222646249387 -183.36508411075778
1 -150.09893679024862 -150.10479044707998 -150.09308313341725
2 -150.09893679024862 -150.10479044707998 -150.09308313341725
3 -150.09893679024862 -150.10479044707998 -150.09308313341725
4 -130.39909213569177 -134.5825214671898 -126.21302706804985
5 -120.03623301462933 -124.83103730173069 -118.48909659771405
6 -118.28307692486717 -124.19543701341917 -113.8089765410958
7 -114.98521730298498 -118.28307692486717 -112.63273577920663
8 -102.33326132259604 -107.59651099447939 -100.66844949401123
9 -102.33326132259604 -106.49880649241256 -100.66844949401123
10 -101.34537026750071 -103.42230387969738 -97.59123244760482
11 -98.62065018903282 -99.98301022826676 -96.22887240837088
12 -98.62065018903282 -99.98301022826676 -96.22887240837088
13 -95.67437422354897 -98.50987224552483 -94.75573442562894
14 -95.67437422354897 -98.50987224552483 -94.75573442562894
15 -95.67437422354897 -98.50987224552483 -94.75573442562894
16 -87.18173195894033 -90.50941329332463 -86.0617653962183
17 -84.94179883349628 -89.3894467306026 -84.00526744833995
18 -84.94179883349628 -89.3894467306026 -84.00526744833995
19 -84.94179883349628 -89.3894467306026 -84.00526744833995
20 -84.94179883349628 -89.3894467306026 -84.00526744833995
21 -84.80645996345729 -88.91177525726218 -83.93759801332045
22 -87.7017560245717 -91.20206170203133 -84.37202898838888
23 -87.7017560245717 -91.05943127159543 -84.37202898838888
24 -84.717213613936 -88.01109542245987 -83.41307501541445
25 -86.04723205303749 -88.23295062724631 -84.06514431467522
26 -86.04723205303749 -88.23295062724631 -83.66188446452992
27 -85.95682250066191 -87.89017526123155 -83.52627013596656
28 -85.20222073098128 -87.89017526123155 -82.39436748144558
29 -85.20222073098128 -87.54465701592726 -82.38260895750818
30 -84.29549655887341 -87.54465701592726 -81.02252269934638
31 -81.21374262560784 -84.63030960644994 -80.1383830538311
32 -79.29013612987936 -79.40369245379186 -79.17657980596687
33 -76.4431717894085 -77.98021028355643 -74.90613329526056
34 -76.4431717894085 -77.98021028355643 -74.90613329526056
35 -75.48333559452868 -77.50029218611651 -73.46637900294084
36 -75.48333559452868 -77.50029218611651 -73.46637900294084
37 -75.48333559452868 -77.50029218611651 -73.46637900294084
38 -75.48333559452868 -77.50029218611651 -73.46637900294084
39 -75.48333559452868 -77.50029218611651 -73.46637900294084
40 -75.48009685198 -77.49867281484218 -73.46152088911782
41 -74.81337408690709 -76.4985886672328 -73.12815950658137
42 -74.81337408690709 -76.4985886672328 -73.12815950658137
43 -74.76542258158548 -76.47461291457199 -73.05623224859897
44 -74.49893699672643 -76.17755422278037 -72.8203197706725
45 -74.49893699672643 -76.17755422278037 -72.8203197706725
46 -74.49893699672643 -76.17755422278037 -72.8203197706725
47 -74.1354310085245 -75.99580122867941 -72.27506078836961
48 -73.51150720557798 -75.05991552425962 -71.96309888689635
49 -73.51150720557798 -75.05991552425962 -71.96309888689635
50 -73.51150720557798 -75.05991552425962 -71.96309888689635
51 -73.19068853955784 -74.89950619124954 -71.48187088786614
52 -73.19068853955784 -74.89950619124954 -71.48187088786614
53 -72.82876176769312 -74.35661603345247 -71.30090750193378
54 -72.18240593781478 -73.39814162562689 -70.96667025000266
55 -72.18240593781478 -73.39814162562689 -70.96667025000266
56 -72.18240593781478 -73.39814162562689 -70.96667025000266
57 -72.18240593781478 -73.39814162562689 -70.96667025000266
58 -72.1641119390487 -73.38899462624386 -70.93922925185355
59 -72.07015740367514 -73.34201735855707 -70.7982974487932
60 -69.50963833764625 -69.50963833764625 -69.50963833764625
61 -69.48545302391491 -69.48545302391491 -69.48545302391491
62 -65.39029033677666 -65.39029033677666 -65.39029033677666
63 -65.39029033677666 -65.39029033677666 -65.39029033677666
64 -65.39029033677666 -65.39029033677666 -65.39029033677666
65 -65.39029033677666 -65.39029033677666 -65.39029033677666
66 -65.39029033677666 -65.39029033677666 -65.39029033677666
67 -65.39029033677666 -65.39029033677666 -65.39029033677666
68 -64.1817268892051 -64.1817268892051 -64.1817268892051
69 -64.1817268892051 -64.1817268892051 -64.1817268892051
70 -64.1817268892051 -64.1817268892051 -64.1817268892051
71 -64.1817268892051 -64.1817268892051 -64.1817268892051
72 -64.1817268892051 -64.1817268892051 -64.1817268892051
73 -64.1817268892051 -64.1817268892051 -64.1817268892051
74 -64.1817268892051 -64.1817268892051 -64.1817268892051
75 -64.1817268892051 -64.1817268892051 -64.1817268892051
76 -64.17426585210896 -64.17426585210896 -64.17426585210896
77 -64.17426585210896 -64.17426585210896 -64.17426585210896
78 -64.17426585210896 -64.17426585210896 -64.17426585210896
79 -64.17426585210896 -64.17426585210896 -64.17426585210896
80 -63.83485168751705 -63.83485168751705 -63.83485168751705
81 -63.83485168751705 -63.83485168751705 -63.83485168751705
82 -63.83485168751705 -63.83485168751705 -63.83485168751705
83 -63.83485168751705 -63.83485168751705 -63.83485168751705
84 -63.83485168751705 -63.83485168751705 -63.83485168751705
85 -63.83485168751705 -63.83485168751705 -63.83485168751705
86 -63.83485168751705 -63.83485168751705 -63.83485168751705
87 -63.66744179838809 -63.66744179838809 -63.66744179838809
88 -63.66744179838809 -63.66744179838809 -63.66744179838809
89 -63.66744179838809 -63.66744179838809 -63.66744179838809
90 -63.66744179838809 -63.66744179838809 -63.66744179838809
91 -63.66744179838809 -63.66744179838809 -63.66744179838809
92 -63.649453005859826 -63.649453005859826 -63.649453005859826
93 -63.649453005859826 -63.649453005859826 -63.649453005859826
94 -63.649453005859826 -63.649453005859826 -63.649453005859826
95 -63.649453005859826 -63.649453005859826 -63.649453005859826
96 -63.649453005859826 -63.649453005859826 -63.649453005859826
97 -63.649453005859826 -63.649453005859826 -63.649453005859826
98 -63.649453005859826 -63.649453005859826 -63.649453005859826
99 -63.649453005859826 -63.649453005859826 -63.649453005859826
100 -63.649453005859826 -63.649453005859826 -63.649453005859826
101 -63.63124281793236 -63.63124281793236 -63.63124281793236
102 -63.63124281793236 -63.63124281793236 -63.63124281793236
103 -63.61213289152575 -63.61213289152575 -63.61213289152575
104 -63.61213289152575 -63.61213289152575 -63.61213289152575
105 -63.61213289152575 -63.61213289152575 -63.61213289152575
106 -63.61213289152575 -63.61213289152575 -63.61213289152575
107 -63.61213289152575 -63.61213289152575 -63.61213289152575
108 -63.61213289152575 -63.61213289152575 -63.61213289152575
109 -63.61213289152575 -63.61213289152575 -63.61213289152575
110 -63.61213289152575 -63.61213289152575 -63.61213289152575
111 -63.61213289152575 -63.61213289152575 -63.61213289152575
112 -63.61213289152575 -63.61213289152575 -63.61213289152575
113 -63.61213289152575 -63.61213289152575 -63.61213289152575
114 -63.61213289152575 -63.61213289152575 -63.61213289152575
115 -63.61213289152575 -63.61213289152575 -63.61213289152575
116 -63.603622641906966 -63.603622641906966 -63.603622641906966
117 -63.603622641906966 -63.603622641906966 -63.603622641906966
118 -63.603622641906966 -63.603622641906966 -63.603622641906966
119 -63.6021204510939 -63.6021204510939 -63.6021204510939
120 -63.6021204510939 -63.6021204510939 -63.6021204510939
121 -63.6021204510939 -63.6021204510939 -63.6021204510939
122 -63.59917537580608 -63.59917537580608 -63.59917537580608
123 -63.59917537580608 -63.59917537580608 -63.59917537580608
124 -63.59917537580608 -63.59917537580608 -63.59917537580608
125 -63.59917537580608 -63.59917537580608 -63.59917537580608
126 -63.59917537580608 -63.59917537580608 -63.59917537580608
127 -63.59917537580608 -63.59917537580608 -63.59917537580608
128 -63.59917537580608 -63.59917537580608 -63.59917537580608
129 -63.58417532582017 -63.58417532582017 -63.58417532582017
130 -63.58417532582017 -63.58417532582017 -63.58417532582017
131 -63.58417532582017 -63.58417532582017 -63.58417532582017
132 -63.58417532582017 -63.58417532582017 -63.58417532582017
133 -63.58417532582017 -63.58417532582017 -63.58417532582017
134 -63.58417532582017 -63.58417532582017 -63.58417532582017
135 -63.56931608086155 -63.56931608086155 -63.56931608086155
136 -63.56240912506723 -63.56240912506723 -63.56240912506723
137 -63.56240912506723 -63.56240912506723 -63.56240912506723
138 -63.56240912506723 -63.56240912506723 -63.56240912506723
139 -63.56240912506723 -63.56240912506723 -63.56240912506723
140 -63.56240912506723 -63.56240912506723 -63.56240912506723
141 -63.56240912506723 -63.56240912506723 -63.56240912506723
142 -63.56240912506723 -63.56240912506723 -63.56240912506723
143 -63.56240912506723 -63.56240912506723 -63.56240912506723
144 -63.56240912506723 -63.56240912506723 -63.56240912506723
145 -63.529033317760856 -63.529033317760856 -63.529033317760856
146 -63.529033317760856 -63.529033317760856 -63.529033317760856
147 -63.529033317760856 -63.529033317760856 -63.529033317760856
148 -63.50249584711989 -63.50249584711989 -63.50249584711989
149 -63.50249584711989 -63.50249584711989 -63.50249584711989
150 -63.50249584711989 -63.50249584711989 -63.50249584711989
151 -63.50249584711989 -63.50249584711989 -63.50249584711989
152 -63.50249584711989 -63.50249584711989 -63.50249584711989
153 -63.50249584711989 -63.50249584711989 -63.50249584711989
154 -63.50249584711989 -63.50249584711989 -63.50249584711989
155 -63.50249584711989 -63.50249584711989 -63.50249584711989
156 -63.48850122942004 -63.48850122942004 -63.48850122942004
157 -63.48850122942004 -63.48850122942004 -63.48850122942004
158 -63.48850122942004 -63.48850122942004 -63.48850122942004
159 -63.48850122942004 -63.48850122942004 -63.48850122942004
160 -63.48850122942004 -63.48850122942004 -63.48850122942004
161 -63.48850122942004 -63.48850122942004 -63.48850122942004
162 -63.48850122942004 -63.48850122942004 -63.48850122942004
163 -63.48850122942004 -63.48850122942004 -63.48850122942004
164 -63.48850122942004 -63.48850122942004 -63.48850122942004
165 -63.48850122942004 -63.48850122942004 -63.48850122942004
166 -63.48850122942004 -63.48850122942004 -63.48850122942004
167 -63.48850122942004 -63.48850122942004 -63.48850122942004
168 -63.48850122942004 -63.48850122942004 -63.48850122942004
169 -63.48850122942004 -63.48850122942004 -63.48850122942004
170 -63.48850122942004 -63.48850122942004 -63.48850122942004
171 -63.48850122942004 -63.48850122942004 -63.48850122942004
172 -63.48850122942004 -63.48850122942004 -63.48850122942004
173 -63.48850122942004 -63.48850122942004 -63.48850122942004
174 -63.48850122942004 -63.48850122942004 -63.48850122942004
175 -63.48850122942004 -63.48850122942004 -63.48850122942004
176 -63.48850122942004 -63.48850122942004 -63.48850122942004
177 -63.48850122942004 -63.48850122942004 -63.48850122942004
178 -63.48850122942004 -63.48850122942004 -63.48850122942004
179 -63.48850122942004 -63.48850122942004 -63.48850122942004
180 -63.48850122942004 -63.48850122942004 -63.48850122942004
181 -63.48850122942004 -63.48850122942004 -63.48850122942004
182 -63.48850122942004 -63.48850122942004 -63.48850122942004
183 -63.48850122942004 -63.48850122942004 -63.48850122942004
184 -63.48850122942004 -63.48850122942004 -63.48850122942004
185 -63.354573956319015 -63.354573956319015 -63.354573956319015
186 -63.32950461168172 -63.32950461168172 -63.32950461168172
187 -63.32950461168172 -63.32950461168172 -63.32950461168172
188 -63.32950461168172 -63.32950461168172 -63.32950461168172
189 -63.32950461168172 -63.32950461168172 -63.32950461168172
190 -63.3201409626811 -63.3201409626811 -63.3201409626811
191 -63.3201409626811 -63.3201409626811 -63.3201409626811
192 -63.3201409626811 -63.3201409626811 -63.3201409626811
193 -63.3201409626811 -63.3201409626811 -63.3201409626811
194 -63.3201409626811 -63.3201409626811 -63.3201409626811
195 -63.3201409626811 -63.3201409626811 -63.3201409626811
196 -63.3201409626811 -63.3201409626811 -63.3201409626811
197 -63.3201409626811 -63.3201409626811 -63.3201409626811
198 -63.3201409626811 -63.3201409626811 -63.3201409626811
199 -63.3201409626811 -63.3201409626811 -63.3201409626811
200 -63.3201409626811 -63.3201409626811 -63.3201409626811
201 -63.3201409626811 -63.3201409626811 -63.3201409626811
202 -63.3201409626811 -63.3201409626811 -63.3201409626811
203 -63.3201409626811 -63.3201409626811 -63.3201409626811
204 -63.3201409626811 -63.3201409626811 -63.3201409626811
205 -63.3201409626811 -63.3201409626811 -63.3201409626811
206 -63.3201409626811 -63.3201409626811 -63.3201409626811
207 -63.3201409626811 -63.3201409626811 -63.3201409626811
208 -63.3201409626811 -63.3201409626811 -63.3201409626811
209 -63.3201409626811 -63.3201409626811 -63.3201409626811
210 -63.3201409626811 -63.3201409626811 -63.3201409626811
211 -63.3201409626811 -63.3201409626811 -63.3201409626811
212 -63.31367437439955 -63.31367437439955 -63.31367437439955
213 -63.31367437439955 -63.31367437439955 -63.31367437439955
214 -63.31367437439955 -63.31367437439955 -63.31367437439955
215 -63.31367437439955 -63.31367437439955 -63.31367437439955
216 -63.31367437439955 -63.31367437439955 -63.31367437439955
217 -63.31367437439955 -63.31367437439955 -63.31367437439955
218 -63.31367437439955 -63.31367437439955 -63.31367437439955
219 -63.31367437439955 -63.31367437439955 -63.31367437439955
220 -63.31367437439955 -63.31367437439955 -63.31367437439955
221 -63.31367437439955 -63.31367437439955 -63.31367437439955
222 -63.31367437439955 -63.31367437439955 -63.31367437439955
223 -63.31367437439955 -63.31367437439955 -63.31367437439955
224 -63.31367437439955 -63.31367437439955 -63.31367437439955
225 -63.31367437439955 -63.31367437439955 -63.31367437439955
226 -63.31367437439955 -63.31367437439955 -63.31367437439955
227 -63.31367437439955 -63.31367437439955 -63.31367437439955
228 -63.31367437439955 -63.31367437439955 -63.31367437439955
229 -63.31367437439955 -63.31367437439955 -63.31367437439955
230 -63.31367437439955 -63.31367437439955 -63.31367437439955
231 -63.31367437439955 -63.31367437439955 -63.31367437439955
232 -63.31367437439955 -63.31367437439955 -63.31367437439955
233 -63.31367437439955 -63.31367437439955 -63.31367437439955
234 -63.31367437439955 -63.31367437439955 -63.31367437439955
235 -63.31367437439955 -63.31367437439955 -63.31367437439955
236 -63.31367437439955 -63.31367437439955 -63.31367437439955
237 -63.31367437439955 -63.31367437439955 -63.31367437439955
238 -63.31367437439955 -63.31367437439955 -63.31367437439955
239 -63.31367437439955 -63.31367437439955 -63.31367437439955
240 -62.52203451487308 -62.52203451487308 -62.52203451487308
241 -62.52203451487308 -62.52203451487308 -62.52203451487308
242 -62.52203451487308 -62.52203451487308 -62.52203451487308
243 -62.52203451487308 -62.52203451487308 -62.52203451487308
244 -62.52203451487308 -62.52203451487308 -62.52203451487308
245 -62.52203451487308 -62.52203451487308 -62.52203451487308
246 -62.52203451487308 -62.52203451487308 -62.52203451487308
247 -62.41190056499085 -62.41190056499085 -62.41190056499085
248 -62.41190056499085 -62.41190056499085 -62.41190056499085
249 -62.41190056499085 -62.41190056499085 -62.41190056499085
250 -62.41190056499085 -62.41190056499085 -62.41190056499085
251 -62.41190056499085 -62.41190056499085 -62.41190056499085
252 -62.41190056499085 -62.41190056499085 -62.41190056499085
253 -62.41190056499085 -62.41190056499085 -62.41190056499085
254 -62.41190056499085 -62.41190056499085 -62.41190056499085
255 -62.41190056499085 -62.41190056499085 -62.41190056499085
256 -62.37942204622136 -62.37942204622136 -62.37942204622136
257 -62.37942204622136 -62.37942204622136 -62.37942204622136
258 -62.37942204622136 -62.37942204622136 -62.37942204622136
259 -62.37942204622136 -62.37942204622136 -62.37942204622136
260 -62.37942204622136 -62.37942204622136 -62.37942204622136
261 -62.37942204622136 -62.37942204622136 -62.37942204622136
262 -62.37942204622136 -62.37942204622136 -62.37942204622136
263 -62.37942204622136 -62.37942204622136 -62.37942204622136
264 -62.37942204622136 -62.37942204622136 -62.37942204622136
265 -62.37942204622136 -62.37942204622136 -62.37942204622136
266 -62.37942204622136 -62.37942204622136 -62.37942204622136
267 -62.37942204622136 -62.37942204622136 -62.37942204622136
268 -62.37942204622136 -62.37942204622136 -62.37942204622136
269 -62.37942204622136 -62.37942204622136 -62.37942204622136
270 -62.37942204622136 -62.37942204622136 -62.37942204622136
271 -62.37942204622136 -62.37942204622136 -62.37942204622136
272 -62.37942204622136 -62.37942204622136 -62.37942204622136
273 -62.37942204622136 -62.37942204622136 -62.37942204622136
274 -62.37942204622136 -62.37942204622136 -62.37942204622136
275 -62.37942204622136 -62.37942204622136 -62.37942204622136
276 -62.37942204622136 -62.37942204622136 -62.37942204622136
277 -62.37942204622136 -62.37942204622136 -62.37942204622136
278 -62.37942204622136 -62.37942204622136 -62.37942204622136
279 -62.37942204622136 -62.37942204622136 -62.37942204622136
280 -62.37942204622136 -62.37942204622136 -62.37942204622136
281 -62.37942204622136 -62.37942204622136 -62.37942204622136
282 -62.37942204622136 -62.37942204622136 -62.37942204622136
283 -62.37942204622136 -62.37942204622136 -62.37942204622136
284 -62.37942204622136 -62.37942204622136 -62.37942204622136
285 -62.37942204622136 -62.37942204622136 -62.37942204622136
286 -62.37942204622136 -62.37942204622136 -62.37942204622136
287 -62.37942204622136 -62.37942204622136 -62.37942204622136
288 -62.37942204622136 -62.37942204622136 -62.37942204622136
289 -62.37942204622136 -62.37942204622136 -62.37942204622136
290 -62.37942204622136 -62.37942204622136 -62.37942204622136
291 -62.37942204622136 -62.37942204622136 -62.37942204622136
292 -62.37942204622136 -62.37942204622136 -62.37942204622136
293 -62.37942204622136 -62.37942204622136 -62.37942204622136
294 -62.37942204622136 -62.37942204622136 -62.37942204622136
295 -62.37942204622136 -62.37942204622136 -62.37942204622136
296 -62.37942204622136 -62.37942204622136 -62.37942204622136
297 -62.37942204622136 -62.37942204622136 -62.37942204622136
298 -62.37942204622136 -62.37942204622136 -62.37942204622136
299 -62.37942204622136 -62.37942204622136 -62.37942204622136
300 -62.37942204622136 -62.37942204622136 -62.37942204622136
