Generation:
1198

Phenotype:
5
V1 = uniform([+4.7e0, 1.1e1], 2);
V2 = uniform([+6.4e0, 7.3e0], 2);
V3 = uniform([+2.1e0, 5.7e0], 2);

Pre-processed Program
:T = uniform([4.700000, 15.700000], 2);F = uniform([6.400000, 13.700000], 2);C = uniform([2.100000, 7.800000], 2);Genotype:
[43, 178, 11, 360, 221, 36, 344, 107, 62, 302, 301, 121, 437, 243, 445, 377, 250, 266, 214, 266, 368, 357, 263, 300, 143, 159, 232, 94, 172, 11, 318, 115, 215, 37, 410, 144, 447, 17, 419, 59, 330, 347, 50, 18, 465, 89, 429, 39, 280, 481, 486, 19, 45, 70, 12, 207, 474, 143, 213, 246, 350, 374, 370, 89, 340, 1, 282, 315, 27, 213, 458, 344, 211, 493, 11, 437, 111, 314, 217, 147, 374, 286, 42, 255, 297, 322, 483, 205, 398, 382, 453, 236, 330, 440, 112, 177, 443, 402, 26, 326]
Tree:
None
Fitness on 5000 data:
-52.26692018002266

Fitness:
-52.26692018002266