Generation:
398

Phenotype:
3
V1 = gm([0.0e0, +1.3e0, 9.4e1], [9.8e1, +4.8e0, 1.5e0], [2.0e1, +5.8e0, 1.4e0]);
V2 = +V1 + -V1;
V2 = V2 + uniform([+0.7e1, 6.8e0], 2);
V3 = +V2;
V3 = V3 + gm([8.7e1, +0.0e0, 0.7e0]);

Pre-processed Program
:C = gm([0.000000, 0.830508, 0.169492], [1.3, 4.8, 5.8], [94, 1.5, 1.4]);F = C;F = F - C;F = F + uniform([7.000000, 13.800000], 2);T = F;T = T + gm([1.000000], [0], [0.7]);Genotype:
[332, 428, 6, 432, 308, 415, 381, 100, 310, 448, 171, 4, 181, 3, 314, 202, 349, 464, 357, 395, 425, 399, 248, 301, 382, 422, 334, 8, 10, 135, 461, 95, 292, 392, 294, 362, 260, 449, 11, 442, 485, 148, 404, 281, 231, 334, 126, 197, 31, 50, 424, 214, 340, 76, 146, 138, 468, 111, 68, 119, 108, 134, 422, 210, 157, 495, 18, 416, 198, 284, 311, 490, 58, 52, 82, 183, 0, 292, 368, 149, 478, 297, 111, 76, 230, 140, 320, 342, 258, 390, 367, 360, 355, 359, 28, 410, 445, 225, 198, 493]
Tree:
None
Fitness on 5000 data:
-42.25783959792712

Fitness:
-42.25783959792712