Generation:
398

Phenotype:
3
V1 = gm([4.5e1, +4.9e0, 1.1e0]);
V2 = +V1 + +V1;
V2 = V2 + gm([8.0e1, -0.0e0, 1.1e0], [0.0e0, +7.9e1, 1.3e1], [0.0e0, -0.4e0, 3.1e0]);
V3 = +V2;
V3 = V3 + uniform([-1.8e0, 3.6e0], 2);

Pre-processed Program
:C = gm([1.000000], [4.9], [1.1]);F = C;F = F + C;F = F + gm([1.000000, 0.000000, 0.000000], [0, 79, -0.4], [1.1, 13, 3.1]);T = F;T = T + uniform([-1.800000, 1.800000], 2);Genotype:
[99, 278, 368, 50, 5, 480, 305, 84, 115, 339, 465, 458, 194, 369, 44, 191, 81, 51, 326, 42, 457, 122, 14, 152, 442, 487, 318, 468, 336, 294, 76, 396, 417, 95, 266, 458, 480, 399, 301, 151, 270, 320, 266, 15, 421, 391, 374, 159, 149, 370, 410, 268, 114, 488, 477, 169, 389, 234, 51, 453, 163, 464, 430, 480, 300, 44, 439, 231, 0, 34, 432, 396, 143, 371, 162, 373, 332, 6, 448, 50, 115, 61, 313, 113, 397, 141, 368, 472, 409, 133, 416, 58, 132, 132, 166, 333]
Tree:
None
Fitness on 5000 data:
-4.672055033872601

Fitness:
-4.672055033872601