Generation:
798

Phenotype:
3
V1 = gm([4.3e1, +4.9e0, 1.1e0]);
V2 = +V1 + +V1;
V2 = V2 + gm([0.0e0, +0.8e0, 1.0e0], [0.0e1, -1.1e0, 0.7e0], [0.0e0, -0.1e0, 1.1e0]);
V3 = +V2;
V3 = V3 + uniform([-1.8e0, 4.1e0], 2);

Pre-processed Program
:C = gm([1.000000], [4.9], [1.1]);F = C;F = F + C;F = F + gm([1.000000, 1.000000, 1.000000], [0.8, -1.1, -0.1], [1, 0.7, 1.1]);T = F;T = T + uniform([-1.800000, 2.300000], 2);Genotype:
[377, 314, 186, 50, 69, 480, 368, 194, 3, 369, 457, 132, 194, 369, 44, 309, 81, 51, 326, 261, 283, 458, 436, 294, 348, 412, 176, 150, 336, 194, 429, 70, 92, 69, 342, 170, 480, 112, 208, 402, 170, 468, 230, 196, 421, 30, 310, 251, 425, 370, 410, 371, 26, 171, 251, 271, 12, 121, 80, 337, 324, 244, 409, 480, 300, 6, 390, 259, 0, 41, 260, 474, 101, 371, 162, 275, 332, 218, 448, 350, 115, 81, 139, 190, 175, 121, 498, 472, 274, 24, 21, 170, 132, 132, 166, 333]
Tree:
None
Fitness on 5000 data:
-3.588563889442932

Fitness:
-3.588563889442932