Generation:
1500

Phenotype:
3
V1 = gm([3.3e1, +4.9e0, 1.1e0]);
V2 = +V1 - -V1;
V2 = V2 + gm([0.0e0, -0.7e0, 1.0e0], [0.0e1, +1.3e0, 0.5e0], [0.0e1, -0.3e0, 1.0e0]);
V3 = +V2;
V3 = V3 + uniform([-1.9e0, 4.0e0], 2);

Pre-processed Program
:C = gm([1.000000], [4.9], [1.1]);F = C;F = F + C;F = F + gm([1.000000, 1.000000, 1.000000], [-0.7, 1.3, -0.3], [1, 0.5, 1]);T = F;T = T + uniform([-1.900000, 2.100000], 2);Genotype:
[98, 314, 186, 276, 311, 304, 332, 383, 3, 369, 457, 132, 194, 369, 448, 265, 81, 51, 326, 43, 283, 458, 436, 294, 374, 30, 457, 202, 356, 157, 429, 54, 92, 69, 342, 170, 480, 112, 467, 185, 170, 87, 284, 339, 421, 30, 310, 23, 475, 370, 410, 371, 12, 140, 251, 273, 166, 416, 80, 185, 324, 244, 240, 480, 300, 499, 301, 363, 0, 403, 260, 111, 101, 340, 162, 275, 332, 76, 8, 132, 115, 81, 305, 205, 175, 121, 99, 472, 4, 24, 250, 294, 132, 132, 166, 333]
Tree:
None
Fitness on 5000 data:
-3.532087874068506

Fitness:
-3.532087874068506