0	[-256.41201624867836, -1]
1	[-256.41201624867836, -1]
2	[-195.3367705891173, 0]
2	[-122.82502537909625, -2]
3	[-157.28718260904347, 0]
3	[-122.82502537909625, -2]
4	[-156.69349900099832, 0]
4	[-117.90121003558386, -2]
5	[-156.69349900099832, 0]
5	[-128.44219741627631, -1]
5	[-117.90121003558386, -2]
6	[-156.69349900099832, 0]
6	[-128.44219741627631, -1]
6	[-117.90121003558386, -2]
7	[-156.69349900099832, 0]
7	[-128.44219741627631, -1]
7	[-117.90121003558386, -2]
8	[-146.85507900597295, 0]
8	[-128.44219741627631, -1]
8	[-117.90121003558386, -2]
9	[-146.85507900597295, 0]
9	[-128.44219741627631, -1]
9	[-117.90121003558386, -2]
10	[-146.85507900597295, 0]
10	[-127.03021782277946, -1]
10	[-117.23289181524807, -2]
11	[-146.85507900597295, 0]
11	[-127.03021782277946, -1]
11	[-117.23289181524807, -2]
12	[-141.86827805297298, 0]
12	[-125.28406108057436, -1]
12	[-117.23289181524807, -2]
13	[-141.86827805297298, 0]
13	[-125.28406108057436, -1]
13	[-117.23289181524807, -2]
13	[-111.70100149397987, -3]
14	[-141.86827805297298, 0]
14	[-116.57330351167761, -1]
14	[-111.70100149397987, -3]
15	[-141.86827805297298, 0]
15	[-116.57330351167761, -1]
15	[-111.70100149397987, -3]
16	[-138.70858930274915, 0]
16	[-116.57330351167761, -1]
16	[-111.6965449352461, -3]
17	[-128.71754788629545, 0]
17	[-114.41829954398241, -1]
17	[-111.04749659035424, -2]
18	[-128.6669980286622, 0]
18	[-114.41829954398241, -1]
18	[-111.04749659035424, -2]
19	[-128.6669980286622, 0]
19	[-114.41829954398241, -1]
19	[-111.04749659035424, -2]
20	[-128.6669980286622, 0]
20	[-114.41829954398241, -1]
20	[-111.04749659035424, -2]
20	[-109.39392023904877, -3]
21	[-128.6669980286622, 0]
21	[-114.41829954398241, -1]
21	[-111.04749659035424, -2]
21	[-109.39392023904877, -3]
22	[-120.64997725778854, 0]
22	[-114.41829954398241, -1]
22	[-111.04749659035424, -2]
22	[-109.39392023904877, -3]
23	[-120.64997725778854, 0]
23	[-113.67632906575074, -1]
23	[-110.85411472942272, -2]
23	[-109.39392023904877, -3]
24	[-120.64997725778854, 0]
24	[-113.67632906575074, -1]
24	[-110.85411472942272, -2]
24	[-109.39392023904877, -3]
25	[-120.64997725778854, 0]
25	[-113.67632906575074, -1]
25	[-110.51249657916398, -2]
25	[-109.39392023904877, -3]
26	[-120.64997725778854, 0]
26	[-113.67632906575074, -1]
26	[-110.51249657916398, -2]
26	[-109.39392023904877, -3]
27	[-120.64997725778854, 0]
27	[-113.67632906575074, -1]
27	[-110.51249657916398, -2]
27	[-109.39392023904877, -3]
28	[-120.64997725778854, 0]
28	[-113.67632906575074, -1]
28	[-110.51249657916398, -2]
28	[-109.39392023904877, -3]
29	[-120.64997725778854, 0]
29	[-113.67632906575074, -1]
29	[-110.51249657916398, -2]
29	[-109.39392023904877, -3]
30	[-120.64997725778854, 0]
30	[-113.67632906575074, -1]
30	[-108.82595807768463, -2]
31	[-120.64997725778854, 0]
31	[-113.67632906575074, -1]
31	[-108.82595807768463, -2]
32	[-120.64997725778854, 0]
32	[-113.67632906575074, -1]
32	[-101.24967491552174, -2]
33	[-120.64997725778854, 0]
33	[-113.67632906575074, -1]
33	[-101.24967491552174, -2]
34	[-120.64997725778854, 0]
34	[-113.67632906575074, -1]
34	[-101.24967491552174, -2]
35	[-120.55204286728409, 0]
35	[-113.67632906575074, -1]
35	[-101.24967491552174, -2]
36	[-120.55204286728409, 0]
36	[-113.67632906575074, -1]
36	[-101.24967491552174, -2]
37	[-111.86431153113165, 0]
37	[-87.25033118095567, -2]
38	[-111.86431153113165, 0]
38	[-87.25033118095567, -2]
39	[-111.86431153113165, 0]
39	[-87.25033118095567, -2]
40	[-111.86431153113165, 0]
40	[-82.3981187462725, -2]
41	[-111.86431153113165, 0]
41	[-82.3981187462725, -2]
42	[-111.86431153113165, 0]
42	[-82.3981187462725, -2]
43	[-111.86431153113165, 0]
43	[-82.3981187462725, -2]
44	[-111.86431153113165, 0]
44	[-82.3981187462725, -2]
45	[-111.86431153113165, 0]
45	[-82.23262061619528, -2]
46	[-111.86431153113165, 0]
46	[-82.23262061619528, -2]
47	[-107.50490021517223, 0]
47	[-82.23262061619528, -2]
48	[-107.50490021517223, 0]
48	[-82.23262061619528, -2]
49	[-107.50490021517223, 0]
49	[-82.12236164437272, -2]
50	[-107.50490021517223, 0]
50	[-82.12236164437272, -2]
51	[-107.50490021517223, 0]
51	[-81.74140336728703, -2]
52	[-107.50490021517223, 0]
52	[-81.74140336728703, -2]
53	[-107.50490021517223, 0]
53	[-81.74140336728703, -2]
54	[-107.50490021517223, 0]
54	[-81.74140336728703, -2]
55	[-106.46207296136343, 0]
55	[-81.74140336728703, -2]
56	[-106.46207296136343, 0]
56	[-81.74140336728703, -2]
57	[-106.46207296136343, 0]
57	[-81.74140336728703, -2]
58	[-104.4208355033831, 0]
58	[-81.74140336728703, -2]
59	[-104.4208355033831, 0]
59	[-81.74140336728703, -2]
60	[-104.4208355033831, 0]
60	[-81.74140336728703, -2]
61	[-104.4208355033831, 0]
61	[-81.74140336728703, -2]
62	[-104.4208355033831, 0]
62	[-81.74140336728703, -2]
63	[-104.4208355033831, 0]
63	[-80.59115711456191, -2]
64	[-104.4208355033831, 0]
64	[-80.59115711456191, -2]
65	[-103.47049979186015, 0]
65	[-80.59115711456191, -2]
66	[-101.70387955747421, 0]
66	[-80.59040141146554, -2]
67	[-101.70387955747421, 0]
67	[-80.59040141146554, -2]
68	[-101.70387955747421, 0]
68	[-80.59040141146554, -2]
69	[-101.54730668592315, 0]
69	[-80.59040141146554, -2]
70	[-101.54730668592315, 0]
70	[-80.59040141146554, -2]
71	[-101.54730668592315, 0]
71	[-80.59040141146554, -2]
72	[-101.54730668592315, 0]
72	[-80.59040141146554, -2]
73	[-101.54730668592315, 0]
73	[-80.59040141146554, -2]
74	[-101.54730668592315, 0]
74	[-80.59040141146554, -2]
75	[-101.54730668592315, 0]
75	[-80.23083720603, -2]
76	[-101.54730668592315, 0]
76	[-80.23083720603, -2]
77	[-101.52071916808616, 0]
77	[-80.23083720603, -2]
78	[-101.52071916808616, 0]
78	[-80.23083720603, -2]
78	[-80.23083720603, -2]
79	[-101.52071916808616, 0]
79	[-80.23083720603, -2]
79	[-80.23083720603, -2]
80	[-101.52071916808616, 0]
80	[-80.23083720603, -2]
80	[-80.23083720603, -2]
81	[-101.52071916808616, 0]
81	[-80.23083720603, -2]
81	[-80.23083720603, -2]
82	[-101.52071916808616, 0]
82	[-80.23083720603, -2]
82	[-80.23083720603, -2]
82	[-79.31470349680427, -3]
83	[-101.52071916808616, 0]
83	[-80.23083720603, -2]
83	[-80.23083720603, -2]
83	[-79.31470349680427, -3]
84	[-101.31963062936833, 0]
84	[-80.23083720603, -2]
84	[-80.23083720603, -2]
84	[-79.31470349680427, -3]
85	[-101.31963062936833, 0]
85	[-80.23083720603, -2]
85	[-80.23083720603, -2]
85	[-79.31470349680427, -3]
86	[-101.31963062936833, 0]
86	[-80.23083720603, -2]
86	[-80.23083720603, -2]
86	[-79.31470349680427, -3]
87	[-101.31963062936833, 0]
87	[-80.23083720603, -2]
87	[-80.23083720603, -2]
87	[-79.31470349680427, -3]
88	[-101.24998151530409, 0]
88	[-80.23083720603, -2]
88	[-80.23083720603, -2]
88	[-79.31470349680427, -3]
89	[-101.24998151530409, 0]
89	[-101.24998151530409, 0]
89	[-80.23083720603, -2]
89	[-80.23083720603, -2]
89	[-79.31470349680427, -3]
90	[-101.24998151530409, 0]
90	[-101.24998151530409, 0]
90	[-80.23083720603, -2]
90	[-80.23083720603, -2]
90	[-79.31470349680427, -3]
91	[-101.24998151530409, 0]
91	[-101.24998151530409, 0]
91	[-80.02294769676062, -2]
91	[-79.31470349680427, -3]
92	[-101.24998151530409, 0]
92	[-101.24998151530409, 0]
92	[-80.02294769676062, -2]
92	[-79.31470349680427, -3]
93	[-101.24998151530409, 0]
93	[-101.24998151530409, 0]
93	[-101.24998151530409, 0]
93	[-80.02294769676062, -2]
93	[-79.31470349680427, -3]
94	[-101.24998151530409, 0]
94	[-101.24998151530409, 0]
94	[-101.24998151530409, 0]
94	[-80.02294769676062, -2]
94	[-79.31470349680427, -3]
95	[-101.24998151530409, 0]
95	[-101.24998151530409, 0]
95	[-101.24998151530409, 0]
95	[-80.02294769676062, -2]
95	[-79.31470349680427, -3]
96	[-101.24998151530409, 0]
96	[-101.24998151530409, 0]
96	[-101.24998151530409, 0]
96	[-80.02294769676062, -2]
96	[-79.31470349680427, -3]
97	[-101.24998151530409, 0]
97	[-101.24998151530409, 0]
97	[-101.24998151530409, 0]
97	[-80.02294769676062, -2]
97	[-79.31470349680427, -3]
98	[-98.83915272238191, 0]
98	[-79.94226831976393, -2]
98	[-79.31470349680427, -3]
99	[-98.83915272238191, 0]
99	[-78.89121510372448, -2]
100	[-98.83915272238191, 0]
100	[-78.89121510372448, -2]
101	[-98.83915272238191, 0]
101	[-78.89121510372448, -2]
102	[-98.83915272238191, 0]
102	[-78.89121510372448, -2]
103	[-98.83915272238191, 0]
103	[-78.89121510372448, -2]
104	[-98.83915272238191, 0]
104	[-78.89121510372448, -2]
105	[-98.83915272238191, 0]
105	[-78.89121510372448, -2]
106	[-98.83915272238191, 0]
106	[-78.89121510372448, -2]
107	[-98.83915272238191, 0]
107	[-78.89121510372448, -2]
108	[-98.83915272238191, 0]
108	[-78.89121510372448, -2]
109	[-98.83915272238191, 0]
109	[-78.89121510372448, -2]
110	[-98.83915272238191, 0]
110	[-78.89121510372448, -2]
111	[-98.83915272238191, 0]
111	[-78.89121510372448, -2]
112	[-98.83915272238191, 0]
112	[-78.89121510372448, -2]
113	[-98.83915272238191, 0]
113	[-78.89121510372448, -2]
114	[-98.83915272238191, 0]
114	[-78.89121510372448, -2]
115	[-98.83915272238191, 0]
115	[-78.89121510372448, -2]
116	[-98.83915272238191, 0]
116	[-78.89121510372448, -2]
117	[-98.7819887330202, 0]
117	[-78.89121510372448, -2]
118	[-98.7819887330202, 0]
118	[-78.89121510372448, -2]
119	[-98.7819887330202, 0]
119	[-78.89121510372448, -2]
120	[-98.7819887330202, 0]
120	[-78.89121510372448, -2]
121	[-98.7819887330202, 0]
121	[-78.89121510372448, -2]
122	[-98.7819887330202, 0]
122	[-78.89121510372448, -2]
123	[-98.7819887330202, 0]
123	[-78.89121510372448, -2]
124	[-98.7819887330202, 0]
124	[-78.89121510372448, -2]
125	[-98.72781280482675, 0]
125	[-78.89121510372448, -2]
126	[-97.540977011261, 0]
126	[-78.89121510372448, -2]
127	[-97.540977011261, 0]
127	[-78.89121510372448, -2]
128	[-95.02140090122255, 0]
128	[-78.89121510372448, -2]
129	[-95.02140090122255, 0]
129	[-78.89121510372448, -2]
130	[-95.02140090122255, 0]
130	[-78.89121510372448, -2]
131	[-95.02140090122255, 0]
131	[-78.89121510372448, -2]
132	[-95.02140090122255, 0]
132	[-95.02140090122255, 0]
132	[-78.89121510372448, -2]
133	[-95.02140090122255, 0]
133	[-95.02140090122255, 0]
133	[-78.89121510372448, -2]
134	[-95.02140090122255, 0]
134	[-95.02140090122255, 0]
134	[-78.89121510372448, -2]
135	[-95.02140090122255, 0]
135	[-95.02140090122255, 0]
135	[-78.89121510372448, -2]
136	[-95.02140090122255, 0]
136	[-95.02140090122255, 0]
136	[-78.89121510372448, -2]
137	[-95.02140090122255, 0]
137	[-95.02140090122255, 0]
137	[-78.89121510372448, -2]
138	[-95.02140090122255, 0]
138	[-95.02140090122255, 0]
138	[-78.89121510372448, -2]
138	[-78.65131087098649, -3]
139	[-95.02140090122255, 0]
139	[-95.02140090122255, 0]
139	[-78.89121510372448, -2]
139	[-78.65131087098649, -3]
140	[-95.02140090122255, 0]
140	[-95.02140090122255, 0]
140	[-78.89121510372448, -2]
140	[-78.65131087098649, -3]
141	[-95.02140090122255, 0]
141	[-95.02140090122255, 0]
141	[-78.89121510372448, -2]
141	[-78.65131087098649, -3]
142	[-95.02140090122255, 0]
142	[-95.02140090122255, 0]
142	[-95.02140090122255, 0]
142	[-78.89121510372448, -2]
142	[-78.65131087098649, -3]
143	[-95.02140090122255, 0]
143	[-95.02140090122255, 0]
143	[-95.02140090122255, 0]
143	[-77.13428527743358, -2]
144	[-95.02140090122255, 0]
144	[-95.02140090122255, 0]
144	[-95.02140090122255, 0]
144	[-77.13428527743358, -2]
145	[-94.9593847865894, 0]
145	[-77.13428527743358, -2]
146	[-94.9593847865894, 0]
146	[-77.13428527743358, -2]
147	[-94.9593847865894, 0]
147	[-77.13428527743358, -2]
148	[-94.80477382907345, 0]
148	[-77.13428527743358, -2]
149	[-94.80477382907345, 0]
149	[-94.80477382907345, 0]
149	[-77.13428527743358, -2]
150	[-94.80477382907345, 0]
150	[-94.80477382907345, 0]
150	[-77.13428527743358, -2]
151	[-94.80477382907345, 0]
151	[-94.80477382907345, 0]
151	[-77.13428527743358, -2]
152	[-94.80477382907345, 0]
152	[-94.80477382907345, 0]
152	[-77.13428527743358, -2]
153	[-94.80477382907345, 0]
153	[-94.80477382907345, 0]
153	[-93.20069679312903, -1]
153	[-77.13428527743358, -2]
154	[-94.80477382907345, 0]
154	[-94.80477382907345, 0]
154	[-93.20069679312903, -1]
154	[-77.13428527743358, -2]
155	[-94.78043455657256, 0]
155	[-93.20069679312903, -1]
155	[-77.13428527743358, -2]
156	[-94.6771766886177, 0]
156	[-92.3419823009533, -1]
156	[-77.13428527743358, -2]
157	[-94.6771766886177, 0]
157	[-92.3419823009533, -1]
157	[-77.13428527743358, -2]
158	[-94.6771766886177, 0]
158	[-92.3419823009533, -1]
158	[-77.13428527743358, -2]
159	[-94.6771766886177, 0]
159	[-92.3419823009533, -1]
159	[-77.13428527743358, -2]
160	[-94.6771766886177, 0]
160	[-92.3419823009533, -1]
160	[-77.13428527743358, -2]
161	[-94.6771766886177, 0]
161	[-92.3419823009533, -1]
161	[-77.13428527743358, -2]
162	[-94.6771766886177, 0]
162	[-92.3419823009533, -1]
162	[-77.13428527743358, -2]
163	[-94.6771766886177, 0]
163	[-92.3419823009533, -1]
163	[-77.13428527743358, -2]
164	[-94.6771766886177, 0]
164	[-92.3419823009533, -1]
164	[-77.13428527743358, -2]
165	[-94.6771766886177, 0]
165	[-92.3419823009533, -1]
165	[-77.13428527743358, -2]
166	[-94.6771766886177, 0]
166	[-92.3419823009533, -1]
166	[-77.13428527743358, -2]
167	[-94.6771766886177, 0]
167	[-92.3419823009533, -1]
167	[-77.13428527743358, -2]
168	[-94.6771766886177, 0]
168	[-92.3419823009533, -1]
168	[-77.13428527743358, -2]
169	[-94.6771766886177, 0]
169	[-92.3419823009533, -1]
169	[-77.13428527743358, -2]
170	[-94.6771766886177, 0]
170	[-92.3419823009533, -1]
170	[-77.13428527743358, -2]
171	[-94.6771766886177, 0]
171	[-92.3419823009533, -1]
171	[-77.13428527743358, -2]
172	[-94.6771766886177, 0]
172	[-92.3419823009533, -1]
172	[-77.13428527743358, -2]
173	[-94.6771766886177, 0]
173	[-92.3419823009533, -1]
173	[-77.13428527743358, -2]
174	[-94.6771766886177, 0]
174	[-92.20520317545706, -1]
174	[-77.13428527743358, -2]
175	[-94.6771766886177, 0]
175	[-92.20520317545706, -1]
175	[-77.13428527743358, -2]
176	[-94.6771766886177, 0]
176	[-92.20520317545706, -1]
176	[-77.13428527743358, -2]
177	[-94.6771766886177, 0]
177	[-92.20520317545706, -1]
177	[-77.13428527743358, -2]
178	[-94.6771766886177, 0]
178	[-92.20520317545706, -1]
178	[-77.13428527743358, -2]
179	[-94.6771766886177, 0]
179	[-92.20520317545706, -1]
179	[-77.02163836212421, -2]
180	[-94.6771766886177, 0]
180	[-92.20520317545706, -1]
180	[-77.02163836212421, -2]
181	[-94.6771766886177, 0]
181	[-94.6771766886177, 0]
181	[-92.20520317545706, -1]
181	[-77.02163836212421, -2]
182	[-94.6771766886177, 0]
182	[-94.6771766886177, 0]
182	[-92.20520317545706, -1]
182	[-77.02163836212421, -2]
183	[-94.6771766886177, 0]
183	[-94.6771766886177, 0]
183	[-92.20520317545706, -1]
183	[-77.02163836212421, -2]
184	[-94.6771766886177, 0]
184	[-94.6771766886177, 0]
184	[-92.20520317545706, -1]
184	[-77.02163836212421, -2]
185	[-94.6771766886177, 0]
185	[-94.6771766886177, 0]
185	[-92.20520317545706, -1]
185	[-77.02163836212421, -2]
186	[-94.6771766886177, 0]
186	[-94.6771766886177, 0]
186	[-92.20520317545706, -1]
186	[-77.02163836212421, -2]
187	[-94.6771766886177, 0]
187	[-94.6771766886177, 0]
187	[-94.6771766886177, 0]
187	[-92.20520317545706, -1]
187	[-77.02163836212421, -2]
188	[-94.6771766886177, 0]
188	[-94.6771766886177, 0]
188	[-94.6771766886177, 0]
188	[-92.18603397200823, -1]
188	[-77.02163836212421, -2]
188	[-77.02163836212421, -2]
189	[-94.6771766886177, 0]
189	[-94.6771766886177, 0]
189	[-94.6771766886177, 0]
189	[-92.18603397200823, -1]
189	[-77.02163836212421, -2]
189	[-77.02163836212421, -2]
190	[-94.6771766886177, 0]
190	[-94.6771766886177, 0]
190	[-94.6771766886177, 0]
190	[-92.18603397200823, -1]
190	[-77.02163836212421, -2]
190	[-77.02163836212421, -2]
191	[-94.67202332025327, 0]
191	[-92.18603397200823, -1]
191	[-77.02163836212421, -2]
191	[-77.02163836212421, -2]
192	[-94.67202332025327, 0]
192	[-92.18603397200823, -1]
192	[-77.02163836212421, -2]
192	[-77.02163836212421, -2]
193	[-94.67202332025327, 0]
193	[-92.18603397200823, -1]
193	[-77.02163836212421, -2]
193	[-77.02163836212421, -2]
194	[-94.67202332025327, 0]
194	[-92.18603397200823, -1]
194	[-77.02163836212421, -2]
194	[-77.02163836212421, -2]
195	[-94.67202332025327, 0]
195	[-92.18603397200823, -1]
195	[-77.02163836212421, -2]
195	[-77.02163836212421, -2]
196	[-94.67202332025327, 0]
196	[-92.18603397200823, -1]
196	[-77.02163836212421, -2]
196	[-77.02163836212421, -2]
197	[-94.67202332025327, 0]
197	[-92.18603397200823, -1]
197	[-77.02163836212421, -2]
197	[-77.02163836212421, -2]
198	[-94.67202332025327, 0]
198	[-92.18603397200823, -1]
198	[-77.02163836212421, -2]
198	[-77.02163836212421, -2]
199	[-94.67202332025327, 0]
199	[-92.18603397200823, -1]
199	[-77.02163836212421, -2]
199	[-77.02163836212421, -2]
199	[-77.02163836212421, -2]
200	[-94.67202332025327, 0]
200	[-92.18603397200823, -1]
200	[-92.18603397200823, -1]
200	[-77.02163836212421, -2]
200	[-77.02163836212421, -2]
200	[-77.02163836212421, -2]
201	[-94.25025423210498, 0]
201	[-92.18603397200823, -1]
201	[-92.18603397200823, -1]
201	[-77.02163836212421, -2]
201	[-77.02163836212421, -2]
201	[-77.02163836212421, -2]
202	[-94.25025423210498, 0]
202	[-92.18603397200823, -1]
202	[-92.18603397200823, -1]
202	[-77.02163836212421, -2]
202	[-77.02163836212421, -2]
202	[-77.02163836212421, -2]
203	[-94.25025423210498, 0]
203	[-92.18603397200823, -1]
203	[-92.18603397200823, -1]
203	[-76.85006862747818, -2]
204	[-94.25025423210498, 0]
204	[-92.18603397200823, -1]
204	[-92.18603397200823, -1]
204	[-76.85006862747818, -2]
205	[-94.25025423210498, 0]
205	[-92.18603397200823, -1]
205	[-92.18603397200823, -1]
205	[-76.85006862747818, -2]
206	[-94.25025423210498, 0]
206	[-92.18603397200823, -1]
206	[-92.18603397200823, -1]
206	[-76.85006862747818, -2]
207	[-94.25025423210498, 0]
207	[-92.18603397200823, -1]
207	[-92.18603397200823, -1]
207	[-76.85006862747818, -2]
208	[-94.25025423210498, 0]
208	[-92.18603397200823, -1]
208	[-92.18603397200823, -1]
208	[-76.85006862747818, -2]
209	[-94.25025423210498, 0]
209	[-92.18603397200823, -1]
209	[-92.18603397200823, -1]
209	[-76.85006862747818, -2]
210	[-94.25025423210498, 0]
210	[-92.18603397200823, -1]
210	[-92.18603397200823, -1]
210	[-76.85006862747818, -2]
211	[-94.25025423210498, 0]
211	[-92.18603397200823, -1]
211	[-92.18603397200823, -1]
211	[-76.85006862747818, -2]
212	[-94.25025423210498, 0]
212	[-92.18603397200823, -1]
212	[-92.18603397200823, -1]
212	[-76.85006862747818, -2]
213	[-94.25025423210498, 0]
213	[-92.18603397200823, -1]
213	[-92.18603397200823, -1]
213	[-76.85006862747818, -2]
214	[-94.25025423210498, 0]
214	[-92.18603397200823, -1]
214	[-92.18603397200823, -1]
214	[-76.85006862747818, -2]
215	[-94.25025423210498, 0]
215	[-92.18603397200823, -1]
215	[-92.18603397200823, -1]
215	[-76.85006862747818, -2]
216	[-94.25025423210498, 0]
216	[-92.18603397200823, -1]
216	[-92.18603397200823, -1]
216	[-76.85006862747818, -2]
217	[-94.25025423210498, 0]
217	[-92.18603397200823, -1]
217	[-92.18603397200823, -1]
217	[-76.85006862747818, -2]
218	[-94.25025423210498, 0]
218	[-92.18603397200823, -1]
218	[-92.18603397200823, -1]
218	[-76.85006862747818, -2]
219	[-94.25025423210498, 0]
219	[-92.18603397200823, -1]
219	[-92.18603397200823, -1]
219	[-76.85006862747818, -2]
220	[-94.25025423210498, 0]
220	[-92.18603397200823, -1]
220	[-92.18603397200823, -1]
220	[-76.85006862747818, -2]
221	[-94.25025423210498, 0]
221	[-92.18603397200823, -1]
221	[-92.18603397200823, -1]
221	[-76.85006862747818, -2]
222	[-94.25025423210498, 0]
222	[-92.18603397200823, -1]
222	[-92.18603397200823, -1]
222	[-76.85006862747818, -2]
223	[-94.25025423210498, 0]
223	[-92.18603397200823, -1]
223	[-92.18603397200823, -1]
223	[-76.85006862747818, -2]
224	[-94.25025423210498, 0]
224	[-92.18603397200823, -1]
224	[-92.18603397200823, -1]
224	[-76.85006862747818, -2]
225	[-94.25025423210498, 0]
225	[-92.18603397200823, -1]
225	[-92.18603397200823, -1]
225	[-76.85006862747818, -2]
226	[-94.25025423210498, 0]
226	[-92.18603397200823, -1]
226	[-92.18603397200823, -1]
226	[-76.85006862747818, -2]
227	[-94.25025423210498, 0]
227	[-91.63370461266491, -1]
227	[-76.85006862747818, -2]
228	[-94.25025423210498, 0]
228	[-91.63370461266491, -1]
228	[-76.85006862747818, -2]
229	[-94.25025423210498, 0]
229	[-91.63370461266491, -1]
229	[-76.85006862747818, -2]
230	[-94.25025423210498, 0]
230	[-91.63370461266491, -1]
230	[-76.85006862747818, -2]
231	[-94.25025423210498, 0]
231	[-91.34388324279723, -1]
231	[-76.85006862747818, -2]
232	[-94.25025423210498, 0]
232	[-91.34388324279723, -1]
232	[-76.85006862747818, -2]
233	[-94.25025423210498, 0]
233	[-91.34388324279723, -1]
233	[-76.85006862747818, -2]
234	[-94.25025423210498, 0]
234	[-94.25025423210498, 0]
234	[-91.34388324279723, -1]
234	[-76.85006862747818, -2]
235	[-94.25025423210498, 0]
235	[-94.25025423210498, 0]
235	[-91.34388324279723, -1]
235	[-76.85006862747818, -2]
236	[-94.25025423210498, 0]
236	[-94.25025423210498, 0]
236	[-91.34388324279723, -1]
236	[-76.85006862747818, -2]
237	[-94.25025423210498, 0]
237	[-94.25025423210498, 0]
237	[-91.34388324279723, -1]
237	[-76.85006862747818, -2]
238	[-94.25025423210498, 0]
238	[-94.25025423210498, 0]
238	[-91.34388324279723, -1]
238	[-76.85006862747818, -2]
239	[-94.25025423210498, 0]
239	[-94.25025423210498, 0]
239	[-91.34388324279723, -1]
239	[-76.85006862747818, -2]
240	[-94.25025423210498, 0]
240	[-94.25025423210498, 0]
240	[-91.34388324279723, -1]
240	[-76.85006862747818, -2]
241	[-94.25025423210498, 0]
241	[-94.25025423210498, 0]
241	[-91.34388324279723, -1]
241	[-76.85006862747818, -2]
242	[-94.25025423210498, 0]
242	[-94.25025423210498, 0]
242	[-91.34388324279723, -1]
242	[-76.85006862747818, -2]
243	[-94.25025423210498, 0]
243	[-94.25025423210498, 0]
243	[-94.25025423210498, 0]
243	[-91.34388324279723, -1]
243	[-76.85006862747818, -2]
244	[-94.25025423210498, 0]
244	[-94.25025423210498, 0]
244	[-94.25025423210498, 0]
244	[-91.34388324279723, -1]
244	[-76.85006862747818, -2]
245	[-94.25025423210498, 0]
245	[-94.25025423210498, 0]
245	[-94.25025423210498, 0]
245	[-91.34388324279723, -1]
245	[-76.85006862747818, -2]
246	[-94.25025423210498, 0]
246	[-94.25025423210498, 0]
246	[-94.25025423210498, 0]
246	[-91.34388324279723, -1]
246	[-91.34388324279723, -1]
246	[-76.85006862747818, -2]
247	[-94.25025423210498, 0]
247	[-94.25025423210498, 0]
247	[-94.25025423210498, 0]
247	[-94.25025423210498, 0]
247	[-91.34388324279723, -1]
247	[-91.34388324279723, -1]
247	[-76.85006862747818, -2]
248	[-94.25025423210498, 0]
248	[-94.25025423210498, 0]
248	[-94.25025423210498, 0]
248	[-94.25025423210498, 0]
248	[-91.34388324279723, -1]
248	[-91.34388324279723, -1]
248	[-76.85006862747818, -2]
249	[-94.25025423210498, 0]
249	[-94.25025423210498, 0]
249	[-94.25025423210498, 0]
249	[-94.25025423210498, 0]
249	[-91.34388324279723, -1]
249	[-91.34388324279723, -1]
249	[-76.85006862747818, -2]
250	[-94.25025423210498, 0]
250	[-94.25025423210498, 0]
250	[-94.25025423210498, 0]
250	[-94.25025423210498, 0]
250	[-91.34388324279723, -1]
250	[-91.34388324279723, -1]
250	[-76.85006862747818, -2]
251	[-94.20920664859848, 0]
251	[-91.34388324279723, -1]
251	[-91.34388324279723, -1]
251	[-76.85006862747818, -2]
252	[-94.20920664859848, 0]
252	[-91.34388324279723, -1]
252	[-91.34388324279723, -1]
252	[-76.85006862747818, -2]
253	[-94.20920664859848, 0]
253	[-91.34388324279723, -1]
253	[-91.34388324279723, -1]
253	[-76.85006862747818, -2]
254	[-94.20920664859848, 0]
254	[-91.34388324279723, -1]
254	[-91.34388324279723, -1]
254	[-76.85006862747818, -2]
255	[-94.20920664859848, 0]
255	[-91.34388324279723, -1]
255	[-91.34388324279723, -1]
255	[-76.85006862747818, -2]
256	[-94.20920664859848, 0]
256	[-91.34388324279723, -1]
256	[-91.34388324279723, -1]
256	[-76.85006862747818, -2]
257	[-94.20920664859848, 0]
257	[-91.34388324279723, -1]
257	[-91.34388324279723, -1]
257	[-76.85006862747818, -2]
258	[-94.20920664859848, 0]
258	[-91.34388324279723, -1]
258	[-91.34388324279723, -1]
258	[-76.85006862747818, -2]
259	[-94.20920664859848, 0]
259	[-91.34388324279723, -1]
259	[-91.34388324279723, -1]
259	[-76.85006862747818, -2]
260	[-94.20920664859848, 0]
260	[-91.34388324279723, -1]
260	[-91.34388324279723, -1]
260	[-76.85006862747818, -2]
261	[-94.20920664859848, 0]
261	[-91.34388324279723, -1]
261	[-91.34388324279723, -1]
261	[-76.85006862747818, -2]
262	[-94.20920664859848, 0]
262	[-91.34388324279723, -1]
262	[-91.34388324279723, -1]
262	[-76.85006862747818, -2]
263	[-94.20920664859848, 0]
263	[-91.34388324279723, -1]
263	[-91.34388324279723, -1]
263	[-76.85006862747818, -2]
264	[-94.20920664859848, 0]
264	[-91.34388324279723, -1]
264	[-91.34388324279723, -1]
264	[-76.85006862747818, -2]
265	[-94.20920664859848, 0]
265	[-91.34388324279723, -1]
265	[-91.34388324279723, -1]
265	[-76.85006862747818, -2]
266	[-94.16396459944494, 0]
266	[-91.34388324279723, -1]
266	[-91.34388324279723, -1]
266	[-76.85006862747818, -2]
267	[-94.16396459944494, 0]
267	[-91.34388324279723, -1]
267	[-91.34388324279723, -1]
267	[-76.85006862747818, -2]
268	[-94.16396459944494, 0]
268	[-91.34388324279723, -1]
268	[-91.34388324279723, -1]
268	[-76.85006862747818, -2]
269	[-94.16396459944494, 0]
269	[-91.34388324279723, -1]
269	[-91.34388324279723, -1]
269	[-76.85006862747818, -2]
270	[-94.16396459944494, 0]
270	[-91.29669151498803, -1]
270	[-76.85006862747818, -2]
271	[-94.16396459944494, 0]
271	[-91.29669151498803, -1]
271	[-76.85006862747818, -2]
272	[-94.16396459944494, 0]
272	[-91.29669151498803, -1]
272	[-76.85006862747818, -2]
273	[-94.16396459944494, 0]
273	[-91.29669151498803, -1]
273	[-76.21970412216459, -2]
274	[-94.16396459944494, 0]
274	[-91.29669151498803, -1]
274	[-76.21970412216459, -2]
275	[-94.16396459944494, 0]
275	[-91.29669151498803, -1]
275	[-76.21970412216459, -2]
276	[-94.16396459944494, 0]
276	[-91.29669151498803, -1]
276	[-76.21970412216459, -2]
277	[-94.16396459944494, 0]
277	[-91.29669151498803, -1]
277	[-76.21970412216459, -2]
278	[-94.16396459944494, 0]
278	[-91.29669151498803, -1]
278	[-76.21970412216459, -2]
279	[-94.16396459944494, 0]
279	[-91.29669151498803, -1]
279	[-76.21970412216459, -2]
280	[-94.16396459944494, 0]
280	[-91.29669151498803, -1]
280	[-76.21970412216459, -2]
281	[-94.16396459944494, 0]
281	[-91.29669151498803, -1]
281	[-76.21970412216459, -2]
282	[-94.16396459944494, 0]
282	[-91.29669151498803, -1]
282	[-76.21970412216459, -2]
283	[-94.16396459944494, 0]
283	[-91.29669151498803, -1]
283	[-76.21970412216459, -2]
284	[-94.16396459944494, 0]
284	[-91.29669151498803, -1]
284	[-76.21970412216459, -2]
285	[-94.16396459944494, 0]
285	[-91.29669151498803, -1]
285	[-76.21970412216459, -2]
286	[-94.16396459944494, 0]
286	[-91.29669151498803, -1]
286	[-76.21970412216459, -2]
287	[-94.16396459944494, 0]
287	[-91.29669151498803, -1]
287	[-76.21970412216459, -2]
288	[-94.16396459944494, 0]
288	[-91.29669151498803, -1]
288	[-76.21970412216459, -2]
289	[-94.16396459944494, 0]
289	[-91.29669151498803, -1]
289	[-76.21970412216459, -2]
290	[-94.16396459944494, 0]
290	[-91.29669151498803, -1]
290	[-76.21970412216459, -2]
291	[-94.16396459944494, 0]
291	[-91.29669151498803, -1]
291	[-76.21970412216459, -2]
292	[-94.16396459944494, 0]
292	[-91.29669151498803, -1]
292	[-76.21970412216459, -2]
293	[-94.16396459944494, 0]
293	[-91.29669151498803, -1]
293	[-76.21970412216459, -2]
294	[-94.16396459944494, 0]
294	[-91.29669151498803, -1]
294	[-76.21970412216459, -2]
295	[-94.16396459944494, 0]
295	[-91.29669151498803, -1]
295	[-76.21970412216459, -2]
296	[-94.16396459944494, 0]
296	[-91.29669151498803, -1]
296	[-76.21970412216459, -2]
297	[-94.16396459944494, 0]
297	[-91.29613508448773, -1]
297	[-76.21970412216459, -2]
298	[-94.16396459944494, 0]
298	[-91.29613508448773, -1]
298	[-76.21970412216459, -2]
299	[-94.16396459944494, 0]
299	[-91.29613508448773, -1]
299	[-76.21970412216459, -2]
300	[-94.16396459944494, 0]
300	[-91.29613508448773, -1]
300	[-91.29613508448773, -1]
300	[-76.21970412216459, -2]
300	[-94.16396459944494, 0]
300	[-91.29613508448773, -1]
300	[-91.29613508448773, -1]
300	[-76.21970412216459, -2]
