generation median_fitness fitness_25perc fitness_75perc
1 -168.26931260687311 -168.27058688812434 -168.26788322492365
2 -128.98782565380318 -128.98939035092707 -128.9874071326112
3 -128.98782565380318 -128.98939035092707 -128.98625450814708
4 -121.86521278856125 -128.98782565380318 -121.8618904727616
5 -121.8618904727616 -121.86355163066142 -117.28042193762045
6 -121.8618904727616 -121.86355163066142 -117.28042193762045
7 -115.72974571740129 -117.24514187486227 -114.2143495599403
8 -105.09730518351591 -108.89812929299761 -101.29648107403422
9 -100.24131617725283 -101.61414578360296 -98.86848657090268
10 -97.49565696455252 -100.24131617725283 -97.1413806322436
11 -97.49565696455252 -100.24131617725283 -97.1413806322436
12 -100.2400610358971 -102.98509267791954 -97.31851879839806
13 -100.2400610358971 -102.98509267791954 -97.31851879839806
14 -97.49565696455252 -100.24131617725283 -92.90197859914575
15 -94.6875083117612 -98.86848657090268 -90.98659480266215
16 -92.10544566241232 -93.6225629905292 -90.98659480266215
17 -92.10544566241232 -93.6225629905292 -90.61601835641645
18 -91.38394201874017 -91.87439240085001 -86.82599444875613
19 -86.82599444875613 -91.87439240085001 -81.17532000583125
20 -86.50746277575936 -87.90154812711921 -75.33512502578698
21 -86.26501178428408 -87.55302678927924 -78.00698396754244
22 -86.26501178428408 -87.55302678927924 -78.00698396754244
23 -84.00495976588044 -87.43180129354161 -76.99818345407826
24 -84.00495976588044 -87.43180129354161 -76.93104350436396
25 -81.98735873895208 -86.0225607928088 -73.76466572678268
26 -81.98735873895208 -86.0225607928088 -73.76466572678268
27 -81.98735873895208 -86.0225607928088 -71.64703111121723
28 -81.98735873895208 -86.0225607928088 -71.64703111121723
29 -81.85578134439974 -86.0225607928088 -71.64703111121723
30 -81.85578134439974 -86.0225607928088 -71.64703111121723
31 -81.85578134439974 -86.0225607928088 -71.01307267090804
32 -77.70572440104009 -86.0225607928088 -71.01307267090804
33 -77.70572440104009 -86.0225607928088 -71.01307267090804
34 -77.41269451100507 -84.85713481579214 -71.01307267090804
35 -77.41269451100507 -81.64119948952055 -71.01307267090804
36 -77.41269451100507 -81.64119948952055 -71.01307267090804
37 -77.19676050406932 -81.64119948952055 -70.73474917555775
38 -77.19676050406932 -81.64119948952055 -70.55932985030431
39 -76.76741561088168 -77.19676050406932 -70.55932985030431
40 -76.76741561088168 -77.19676050406932 -70.55932985030431
41 -76.76741561088168 -77.19676050406932 -70.55932985030431
42 -76.76741561088168 -77.19676050406932 -69.60861061424966
43 -75.11367074566476 -76.76741561088168 -69.60861061424966
44 -75.11367074566476 -76.76741561088168 -69.60861061424966
45 -74.75950352452057 -76.76741561088168 -69.60861061424966
46 -74.75950352452057 -76.76741561088168 -69.60861061424966
47 -74.75950352452057 -76.76741561088168 -69.60861061424966
48 -74.39806245826787 -76.3268172435648 -69.21702232472079
49 -70.97585709501996 -75.68673869250473 -69.21702232472079
50 -70.9352652155398 -75.68673869250473 -69.21702232472079
51 -70.9352652155398 -75.54902275183201 -69.21702232472079
52 -70.72169617475123 -75.54902275183201 -69.18076171370399
53 -70.72169617475123 -75.54902275183201 -69.18076171370399
54 -70.72169617475123 -75.54902275183201 -69.18076171370399
55 -70.72169617475123 -75.39373369546588 -69.18076171370399
56 -70.72169617475123 -75.39373369546588 -69.18076171370399
57 -70.72169617475123 -75.36508449677733 -69.18076171370399
58 -70.72169617475123 -73.77293114437327 -69.0844670928134
59 -70.27459546137524 -70.72169617475123 -69.0844670928134
60 -70.27459546137524 -70.72169617475123 -69.0844670928134
61 -70.27459546137524 -70.70589473702985 -69.0844670928134
62 -69.67953127709433 -70.3824202802889 -65.93303616278031
63 -69.67953127709433 -70.34071830455231 -65.93303616278031
64 -69.66720402494437 -70.34071830455231 -65.91454528455537
65 -69.66720402494437 -70.34071830455231 -65.91454528455537
66 -69.65848240498818 -70.32763587461804 -65.91454528455537
67 -69.05981258851348 -69.40952382687499 -62.76927798059725
68 -69.05981258851348 -69.40952382687499 -62.76927798059725
69 -69.05981258851348 -69.40952382687499 -62.76927798059725
70 -69.05981258851348 -69.40952382687499 -62.76927798059725
71 -69.05981258851348 -69.40952382687499 -62.60748280490134
72 -69.04330335425416 -69.40126920974534 -62.59922818777168
73 -69.02589074530347 -69.39256290526998 -62.59052188329633
74 -68.97809854918634 -69.36866680721143 -62.56662578523777
75 -68.97809854918634 -69.36866680721143 -62.56139686818543
76 -68.97809854918634 -68.98280633797474 -62.56139686818543
77 -68.80603183654941 -68.89677298165627 -62.475363511866966
78 -66.48587563872603 -67.73669488274459 -61.31528541295528
79 -66.48587563872603 -67.73669488274459 -61.313885963242996
80 -66.48587563872603 -67.73669488274459 -61.313885963242996
81 -66.48587563872603 -67.73669488274459 -61.313885963242996
82 -66.48587563872603 -67.73669488274459 -61.313885963242996
83 -66.48587563872603 -67.73669488274459 -61.313885963242996
84 -66.48587563872603 -67.73669488274459 -61.313885963242996
85 -66.48587563872603 -67.73669488274459 -61.313885963242996
86 -66.48587563872603 -67.73669488274459 -61.313885963242996
87 -66.48587563872603 -67.60032737862953 -61.30217595099191
88 -66.48587563872603 -67.60032737862953 -61.211975659607575
89 -66.25075988452107 -66.65290732249679 -61.094417782505104
90 -66.25075988452107 -66.65290732249679 -61.094417782505104
91 -66.25075988452107 -66.65290732249679 -61.07272612178452
92 -66.25075988452107 -66.65290732249679 -61.07272612178452
93 -66.25075988452107 -66.65290732249679 -61.07272612178452
94 -66.25075988452107 -66.65290732249679 -61.07272612178452
95 -66.25075988452107 -66.65290732249679 -61.07272612178452
96 -66.25075988452107 -66.65290732249679 -61.07272612178452
97 -66.25075988452107 -66.65290732249679 -61.07272612178452
98 -66.25075988452107 -66.65290732249679 -61.07272612178452
99 -66.25075988452107 -66.65290732249679 -61.07272612178452
100 -66.25075988452107 -66.63910317830197 -61.07272612178452
101 -65.96393486225577 -66.09559946242366 -60.92931361065187
102 -65.96393486225577 -66.07828916615574 -60.92931361065187
103 -64.90663917579484 -65.43528701902531 -60.4006657674214
104 -64.90663917579484 -65.43528701902531 -60.4006657674214
105 -64.90663917579484 -65.43528701902531 -60.38397620692793
106 -64.90663917579484 -65.43528701902531 -60.38397620692793
107 -64.90663917579484 -65.43528701902531 -60.38397620692793
108 -64.90663917579484 -65.43528701902531 -60.38397620692793
109 -64.90663917579484 -65.43528701902531 -60.206843181067725
110 -64.90663917579484 -65.43528701902531 -60.206843181067725
111 -64.90663917579484 -65.43528701902531 -60.206843181067725
112 -64.90663917579484 -65.43528701902531 -60.206843181067725
113 -64.90663917579484 -65.43528701902531 -60.206843181067725
114 -64.90663917579484 -65.43528701902531 -60.206843181067725
115 -64.90663917579484 -65.43528701902531 -60.206843181067725
116 -64.90663917579484 -65.43528701902531 -60.206843181067725
117 -64.90663917579484 -65.3643411586159 -60.206843181067725
118 -64.90663917579484 -65.3643411586159 -60.206843181067725
119 -64.90663917579484 -65.3643411586159 -60.206843181067725
120 -64.90663917579484 -65.3643411586159 -60.206843181067725
121 -64.90663917579484 -65.3643411586159 -60.206843181067725
122 -64.90663917579484 -65.23361535348764 -60.206843181067725
123 -59.68885499179963 -61.77975889452914 -57.59795108907012
124 -59.68885499179963 -61.77975889452914 -57.59795108907012
125 -59.68885499179963 -61.77975889452914 -57.59795108907012
126 -59.620903150432774 -61.697898174832915 -57.54390812603263
127 -59.620903150432774 -61.697898174832915 -57.54390812603263
128 -59.620903150432774 -61.697898174832915 -57.54390812603263
129 -59.620903150432774 -61.697898174832915 -57.54390812603263
130 -59.620903150432774 -61.697898174832915 -57.54390812603263
131 -59.620903150432774 -61.697898174832915 -57.54390812603263
132 -59.61986365017446 -61.69737842470376 -57.54234887564516
133 -59.61986365017446 -61.69737842470376 -57.54234887564516
134 -59.61986365017446 -61.69737842470376 -57.54234887564516
135 -59.61986365017446 -61.69737842470376 -57.54234887564516
136 -59.61986365017446 -61.69737842470376 -57.54234887564516
137 -59.61986365017446 -61.69737842470376 -57.54234887564516
138 -59.61986365017446 -61.69737842470376 -57.54234887564516
139 -59.61986365017446 -61.69737842470376 -57.54234887564516
140 -59.61986365017446 -61.69737842470376 -57.54234887564516
141 -59.58010777389632 -61.67750048656468 -57.482715061227964
142 -59.58010777389632 -61.67750048656468 -57.482715061227964
143 -59.58010777389632 -61.67750048656468 -57.482715061227964
144 -57.95198379790044 -59.23531452257087 -56.66865307323002
145 -57.95198379790044 -59.23531452257087 -56.66865307323002
146 -57.95198379790044 -59.23531452257087 -56.66865307323002
147 -57.95198379790044 -59.23531452257087 -56.66865307323002
148 -57.90093951542359 -59.158748098855575 -56.64313093199159
149 -57.30697856989139 -58.267806680557285 -56.3461504592255
150 -57.30697856989139 -58.267806680557285 -56.3461504592255
151 -57.30697856989139 -58.267806680557285 -56.3461504592255
152 -57.30697856989139 -58.267806680557285 -56.3461504592255
153 -57.28894730798312 -58.258791049603154 -56.31910356636308
154 -57.28894730798312 -58.258791049603154 -56.31910356636308
155 -57.28894730798312 -58.258791049603154 -56.31910356636308
156 -56.6815285737187 -57.347662948206526 -56.015394199230876
157 -56.6815285737187 -57.347662948206526 -56.015394199230876
158 -56.6815285737187 -57.347662948206526 -56.015394199230876
159 -56.6815285737187 -57.347662948206526 -56.015394199230876
160 -56.6815285737187 -57.347662948206526 -56.015394199230876
161 -56.674045745571874 -57.34392153413311 -56.00416995701063
162 -56.674045745571874 -57.34392153413311 -56.00416995701063
163 -56.674045745571874 -57.34392153413311 -56.00416995701063
164 -56.674045745571874 -57.34392153413311 -56.00416995701063
165 -56.674045745571874 -57.34392153413311 -56.00416995701063
166 -56.674045745571874 -57.34392153413311 -56.00416995701063
167 -56.674045745571874 -57.34392153413311 -56.00416995701063
168 -56.674045745571874 -57.34392153413311 -56.00416995701063
169 -56.674045745571874 -57.34392153413311 -56.00416995701063
170 -56.674045745571874 -57.34392153413311 -56.00416995701063
171 -56.674045745571874 -57.34392153413311 -56.00416995701063
172 -56.09587051146836 -56.47665868297785 -55.715082339958876
173 -56.09587051146836 -56.47665868297785 -55.715082339958876
174 -56.09587051146836 -56.47665868297785 -55.715082339958876
175 -56.09587051146836 -56.47665868297785 -55.715082339958876
176 -56.078021540599806 -56.46773419754357 -55.68830888365605
177 -56.078021540599806 -56.46773419754357 -55.68830888365605
178 -56.078021540599806 -56.46773419754357 -55.68830888365605
179 -56.078021540599806 -56.46773419754357 -55.68830888365605
180 -56.078021540599806 -56.46773419754357 -55.68830888365605
181 -56.078021540599806 -56.46773419754357 -55.68830888365605
182 -56.078021540599806 -56.46773419754357 -55.68830888365605
183 -56.078021540599806 -56.46773419754357 -55.68830888365605
184 -56.078021540599806 -56.46773419754357 -55.68830888365605
185 -56.078021540599806 -56.46773419754357 -55.68830888365605
186 -56.078021540599806 -56.46773419754357 -55.68830888365605
187 -56.078021540599806 -56.46773419754357 -55.68830888365605
188 -55.72943455800748 -55.944853723655086 -55.51401539235988
189 -55.72943455800748 -55.944853723655086 -55.51401539235988
190 -55.72943455800748 -55.944853723655086 -55.51401539235988
191 -55.72943455800748 -55.944853723655086 -55.51401539235988
192 -55.72151357962832 -55.940893234465506 -55.502133924791146
193 -55.596657322787586 -55.7536088492044 -55.439705796370774
194 -55.596657322787586 -55.7536088492044 -55.439705796370774
195 -55.9105603756212 -58.839485936025255 -55.596657322787586
196 -55.9105603756212 -58.839485936025255 -55.596657322787586
197 -55.9105603756212 -58.839485936025255 -55.596657322787586
198 -55.9105603756212 -58.839485936025255 -55.596657322787586
199 -55.9105603756212 -58.839485936025255 -55.596657322787586
200 -55.9105603756212 -58.839485936025255 -55.59253735527638
201 -55.9105603756212 -58.839485936025255 -55.59253735527638
202 -55.9105603756212 -58.839485936025255 -55.563869832625905
203 -55.9105603756212 -58.839485936025255 -55.563869832625905
204 -55.9105603756212 -58.839485936025255 -55.563869832625905
205 -55.9105603756212 -58.839485936025255 -55.563869832625905
206 -55.9105603756212 -58.839485936025255 -55.563869832625905
207 -55.9105603756212 -58.839485936025255 -55.563869832625905
208 -55.9105603756212 -58.839485936025255 -55.563869832625905
209 -55.9105603756212 -58.839485936025255 -55.563869832625905
210 -55.9105603756212 -58.839485936025255 -55.563869832625905
211 -55.9105603756212 -58.839485936025255 -55.563869832625905
212 -55.9105603756212 -58.839485936025255 -55.563869832625905
213 -55.9105603756212 -58.839485936025255 -55.563869832625905
214 -55.9105603756212 -58.839485936025255 -55.563869832625905
215 -55.9105603756212 -58.6893697506184 -55.563869832625905
216 -57.43352899236323 -59.58441798823284 -55.73721510412355
217 -57.43352899236323 -59.58441798823284 -55.73721510412355
218 -57.43352899236323 -59.58441798823284 -55.73721510412355
219 -57.43352899236323 -59.58441798823284 -55.73721510412355
220 -57.43352899236323 -59.58441798823284 -55.73721510412355
221 -57.43352899236323 -59.58441798823284 -55.73721510412355
222 -57.43352899236323 -59.58441798823284 -55.73721510412355
223 -57.43331496337821 -59.5840969447553 -55.73721510412355
224 -57.43331496337821 -59.5840969447553 -55.73721510412355
225 -57.39673161753856 -59.5840969447553 -55.682340085364096
226 -57.36130346384017 -59.5840969447553 -55.629197854816496
227 -57.36130346384017 -59.5840969447553 -55.629197854816496
228 -57.346703244561155 -59.56219661583679 -55.629197854816496
229 -57.30441345832269 -59.56219661583679 -55.5657631754588
230 -57.19596001034209 -59.399516443865885 -55.5657631754588
231 -57.19596001034209 -59.399516443865885 -55.5657631754588
232 -57.13085194822713 -59.30185435069345 -55.5657631754588
233 -57.13085194822713 -59.30185435069345 -55.5657631754588
234 -57.13085194822713 -59.30185435069345 -55.5657631754588
235 -56.8054746351669 -58.81378838110311 -55.5657631754588
236 -56.8054746351669 -58.81378838110311 -55.5657631754588
237 -56.8054746351669 -58.81378838110311 -55.5657631754588
238 -56.318605621028425 -58.08348485989539 -55.5657631754588
239 -56.318605621028425 -58.08348485989539 -55.5657631754588
240 -56.318605621028425 -58.08348485989539 -55.5657631754588
241 -56.318605621028425 -58.08348485989539 -55.5657631754588
242 -56.318605621028425 -58.08348485989539 -55.5657631754588
243 -56.318605621028425 -58.08348485989539 -55.5657631754588
244 -56.318605621028425 -58.08348485989539 -55.5657631754588
245 -56.318605621028425 -58.08348485989539 -55.5657631754588
246 -56.318605621028425 -58.08348485989539 -55.5657631754588
247 -56.318605621028425 -58.08348485989539 -55.5657631754588
248 -56.00471172262421 -57.61264401228907 -55.5657631754588
249 -56.00471172262421 -57.61264401228907 -55.5657631754588
250 -56.00471172262421 -57.61264401228907 -55.5657631754588
251 -56.00471172262421 -57.61264401228907 -55.5657631754588
252 -56.00471172262421 -57.61264401228907 -55.5657631754588
253 -56.00471172262421 -57.61264401228907 -55.5657631754588
254 -56.00471172262421 -57.61264401228907 -55.5657631754588
255 -56.00471172262421 -57.61264401228907 -55.5657631754588
256 -56.00471172262421 -57.61264401228907 -55.5657631754588
257 -56.00471172262421 -57.49419681952666 -55.5657631754588
258 -56.00471172262421 -57.49419681952666 -55.5657631754588
259 -56.00471172262421 -57.49419681952666 -55.5657631754588
260 -56.00471172262421 -57.49419681952666 -55.5657631754588
261 -55.947832334389055 -57.49419681952666 -55.48044409310607
262 -55.947832334389055 -57.49419681952666 -55.472996559262384
263 -55.947832334389055 -57.49419681952666 -55.472996559262384
264 -55.947832334389055 -57.49419681952666 -55.472996559262384
265 -55.947832334389055 -57.49419681952666 -55.472996559262384
266 -55.947832334389055 -57.49419681952666 -55.472996559262384
267 -55.947832334389055 -57.49419681952666 -55.472996559262384
268 -55.947832334389055 -57.49419681952666 -55.472996559262384
269 -55.90819548555254 -57.49419681952666 -55.413541286007614
270 -55.90819548555254 -57.49419681952666 -55.413541286007614
271 -55.75765759359384 -57.2683899815886 -55.413541286007614
272 -55.75765759359384 -57.2683899815886 -55.413541286007614
273 -55.75765759359384 -57.2683899815886 -55.413541286007614
274 -55.75765759359384 -57.2683899815886 -55.413541286007614
275 -55.75765759359384 -57.2683899815886 -55.413541286007614
276 -55.75765759359384 -57.2683899815886 -55.413541286007614
277 -55.75765759359384 -57.2683899815886 -55.41108775239903
278 -55.75765759359384 -57.2683899815886 -55.41108775239903
279 -55.75765759359384 -57.2683899815886 -55.41108775239903
280 -55.75765759359384 -57.2683899815886 -55.41108775239903
281 -55.75765759359384 -57.2683899815886 -55.41108775239903
282 -55.75765759359384 -57.2683899815886 -55.41108775239903
283 -55.75765759359384 -57.2683899815886 -55.41108775239903
284 -55.75765759359384 -57.2683899815886 -55.41108775239903
285 -55.75765759359384 -57.2683899815886 -55.41108775239903
286 -55.75765759359384 -57.2683899815886 -55.39369825787031
287 -55.725679667098305 -57.25700900076709 -55.35711234894853
288 -55.725679667098305 -57.25700900076709 -55.35711234894853
289 -55.725679667098305 -57.25700900076709 -55.35711234894853
290 -55.725679667098305 -57.25700900076709 -55.35711234894853
291 -55.61301951345215 -57.25700900076709 -55.18812211847929
292 -55.61301951345215 -57.25700900076709 -55.18812211847929
293 -55.604415957333266 -57.244103666588764 -55.18812211847929
294 -55.604415957333266 -57.244103666588764 -55.18812211847929
295 -55.604415957333266 -57.244103666588764 -55.18812211847929
296 -55.57986657139276 -57.244103666588764 -55.15129803956854
297 -55.994008103929694 -58.494199229247826 -55.57986657139276
298 -55.98317579539726 -58.48878307498161 -55.57445041712654
299 -55.98317579539726 -58.48878307498161 -55.57445041712654
300 -55.98317579539726 -58.48878307498161 -55.57445041712654
