generation median_fitness fitness_25perc fitness_75perc
2 -131.18136353155637 -131.20952637040176 -131.14637362518886
3 -131.18136353155637 -131.20952637040176 -131.14637362518886
5 -98.78873245006172 -98.78998403920082 -98.78806586271175
6 -98.78873245006172 -98.78998403920082 -98.78806586271175
7 -98.7893057102962 -99.89102459781122 -98.78824792838489
8 -98.7893057102962 -99.89102459781122 -98.78824792838489
9 -98.7893057102962 -99.48804722164205 -98.78824792838489
10 -97.83049533606707 -97.83399272236399 -97.8276765242775
11 -89.76893904844519 -89.78314284934503 -89.76651058391344
12 -89.76893904844519 -89.78314284934503 -89.76651058391344
13 -89.77283870733923 -90.72726995815484 -89.767392144153
14 -89.76893904844519 -89.78314284934503 -89.76651058391344
15 -89.76827370439256 -89.77283870733923 -89.76123744317945
16 -89.76474746343433 -89.77250603531292 -89.75668536692814
17 -89.76019538718302 -89.767392144153 -89.21192141684435
18 -89.2466130095194 -89.75880090929692 -86.83475444854042
19 -87.47691834442016 -88.99525545717844 -84.91623704491019
20 -87.36684625701567 -87.93137813902386 -86.79155011887445
21 -87.35608200088265 -87.92599601095735 -86.78616799080794
22 -87.35608200088265 -87.92599601095735 -86.78616799080794
23 -77.73096831209482 -77.73096831209482 -77.73096831209482
24 -71.92952611223978 -74.83024721216731 -69.02880501231228
25 -71.84445224861726 -74.78771028035604 -68.90119421687848
26 -77.67754748195762 -81.32829710147053 -71.81774183354867
27 -77.67754748195762 -81.32829710147053 -71.81774183354867
28 -77.67754748195762 -78.17855393007024 -71.81774183354867
29 -77.67754748195762 -78.17855393007024 -71.81774183354867
30 -77.37861800994966 -78.02908919406626 -71.66827709754469
31 -77.37861800994966 -78.02908919406626 -71.66827709754469
32 -77.37861800994966 -78.02908919406626 -71.66827709754469
33 -71.95657566329567 -75.31806802073926 -68.59508330585207
34 -71.95657566329567 -75.31806802073926 -68.59508330585207
35 -71.95657566329567 -75.31806802073926 -68.59508330585207
36 -71.92975425457567 -75.30465731637926 -68.55485119277208
37 -71.27747074242617 -74.97851556030452 -67.57642592454783
38 -70.83892441995158 -74.35933943104536 -67.31850940885782
39 -63.79809439776406 -63.79809439776406 -63.79809439776406
40 -63.79809439776406 -63.79809439776406 -63.79809439776406
41 -63.79809439776406 -63.79809439776406 -63.79809439776406
42 -63.79809439776406 -63.79809439776406 -63.79809439776406
43 -69.2910545608082 -72.45055481720105 -66.13155430441536
44 -68.79251413095521 -71.70274417242155 -65.88228408948886
45 -68.79251413095521 -71.70274417242155 -65.88228408948886
46 -68.79251413095521 -71.70274417242155 -65.88228408948886
47 -68.70240224367186 -71.56757634149652 -65.83722814584719
48 -68.70240224367186 -71.56757634149652 -65.83722814584719
49 -68.70240224367186 -71.56757634149652 -65.83722814584719
50 -68.70240224367186 -71.56757634149652 -65.83722814584719
51 -68.70240224367186 -71.56757634149652 -65.83722814584719
52 -68.70240224367186 -71.56757634149652 -65.83722814584719
53 -68.70240224367186 -71.56757634149652 -65.83722814584719
54 -68.70240224367186 -71.56757634149652 -65.83722814584719
55 -68.61483413118873 -71.43622417277184 -65.79344408960563
56 -68.55325635620763 -71.34385751030018 -65.76265520211507
57 -68.55325635620763 -71.34385751030018 -65.76265520211507
58 -62.50021475309979 -62.50021475309979 -62.50021475309979
59 -62.50021475309979 -62.50021475309979 -62.50021475309979
60 -62.50021475309979 -62.50021475309979 -62.50021475309979
61 -62.50021475309979 -62.50021475309979 -62.50021475309979
62 -62.50021475309979 -62.50021475309979 -62.50021475309979
63 -62.50021475309979 -62.50021475309979 -62.50021475309979
64 -62.36135355477595 -62.36135355477595 -62.36135355477595
65 -62.36135355477595 -62.36135355477595 -62.36135355477595
66 -62.36135355477595 -62.36135355477595 -62.36135355477595
67 -62.276601960868746 -62.276601960868746 -62.276601960868746
68 -62.276601960868746 -62.276601960868746 -62.276601960868746
69 -62.276601960868746 -62.276601960868746 -62.276601960868746
70 -62.276601960868746 -62.276601960868746 -62.276601960868746
71 -62.276601960868746 -62.276601960868746 -62.276601960868746
72 -62.276601960868746 -62.276601960868746 -62.276601960868746
73 -61.87278113824485 -61.87278113824485 -61.87278113824485
74 -61.87278113824485 -61.87278113824485 -61.87278113824485
75 -61.87278113824485 -61.87278113824485 -61.87278113824485
76 -61.87278113824485 -61.87278113824485 -61.87278113824485
77 -61.87278113824485 -61.87278113824485 -61.87278113824485
78 -61.87278113824485 -61.87278113824485 -61.87278113824485
79 -61.87278113824485 -61.87278113824485 -61.87278113824485
80 -61.87278113824485 -61.87278113824485 -61.87278113824485
81 -61.87278113824485 -61.87278113824485 -61.87278113824485
82 -61.87278113824485 -61.87278113824485 -61.87278113824485
83 -61.87278113824485 -61.87278113824485 -61.87278113824485
84 -61.86135951740464 -61.86135951740464 -61.86135951740464
85 -61.763687335794366 -61.763687335794366 -61.763687335794366
86 -61.763687335794366 -61.763687335794366 -61.763687335794366
87 -61.763687335794366 -61.763687335794366 -61.763687335794366
88 -61.763687335794366 -61.763687335794366 -61.763687335794366
89 -61.763687335794366 -61.763687335794366 -61.763687335794366
90 -61.763687335794366 -61.763687335794366 -61.763687335794366
91 -61.763687335794366 -61.763687335794366 -61.763687335794366
92 -61.763687335794366 -61.763687335794366 -61.763687335794366
93 -61.68867712927357 -61.68867712927357 -61.68867712927357
94 -61.68867712927357 -61.68867712927357 -61.68867712927357
95 -59.98049404511325 -59.98049404511325 -59.98049404511325
96 -59.98049404511325 -59.98049404511325 -59.98049404511325
97 -59.98049404511325 -59.98049404511325 -59.98049404511325
98 -59.98049404511325 -59.98049404511325 -59.98049404511325
99 -59.98049404511325 -59.98049404511325 -59.98049404511325
100 -59.98049404511325 -59.98049404511325 -59.98049404511325
101 -59.98049404511325 -59.98049404511325 -59.98049404511325
102 -59.98049404511325 -59.98049404511325 -59.98049404511325
103 -59.98049404511325 -59.98049404511325 -59.98049404511325
104 -59.98049404511325 -59.98049404511325 -59.98049404511325
105 -59.98049404511325 -59.98049404511325 -59.98049404511325
106 -59.98049404511325 -59.98049404511325 -59.98049404511325
107 -59.9747346246884 -59.9747346246884 -59.9747346246884
108 -59.91888647435741 -59.91888647435741 -59.91888647435741
109 -59.91888647435741 -59.91888647435741 -59.91888647435741
110 -59.91888647435741 -59.91888647435741 -59.91888647435741
111 -59.91888647435741 -59.91888647435741 -59.91888647435741
112 -59.91888647435741 -59.91888647435741 -59.91888647435741
113 -59.74380070510214 -59.74380070510214 -59.74380070510214
114 -59.74380070510214 -59.74380070510214 -59.74380070510214
115 -59.74380070510214 -59.74380070510214 -59.74380070510214
116 -59.74380070510214 -59.74380070510214 -59.74380070510214
117 -59.74380070510214 -59.74380070510214 -59.74380070510214
118 -59.74380070510214 -59.74380070510214 -59.74380070510214
119 -59.74380070510214 -59.74380070510214 -59.74380070510214
120 -59.74380070510214 -59.74380070510214 -59.74380070510214
121 -59.74380070510214 -59.74380070510214 -59.74380070510214
122 -59.74380070510214 -59.74380070510214 -59.74380070510214
123 -59.74380070510214 -59.74380070510214 -59.74380070510214
124 -59.74380070510214 -59.74380070510214 -59.74380070510214
125 -59.74380070510214 -59.74380070510214 -59.74380070510214
126 -59.74380070510214 -59.74380070510214 -59.74380070510214
127 -59.74380070510214 -59.74380070510214 -59.74380070510214
128 -59.74380070510214 -59.74380070510214 -59.74380070510214
129 -59.739315242275254 -59.739315242275254 -59.739315242275254
130 -59.739315242275254 -59.739315242275254 -59.739315242275254
131 -59.739315242275254 -59.739315242275254 -59.739315242275254
132 -59.699042624750604 -59.699042624750604 -59.699042624750604
133 -59.67053344254044 -59.67053344254044 -59.67053344254044
134 -59.67053344254044 -59.67053344254044 -59.67053344254044
135 -59.67053344254044 -59.67053344254044 -59.67053344254044
136 -59.67053344254044 -59.67053344254044 -59.67053344254044
137 -59.66171747559993 -59.66171747559993 -59.66171747559993
138 -59.66171747559993 -59.66171747559993 -59.66171747559993
139 -59.66171747559993 -59.66171747559993 -59.66171747559993
140 -59.66171747559993 -59.66171747559993 -59.66171747559993
141 -59.66171747559993 -59.66171747559993 -59.66171747559993
142 -59.66171747559993 -59.66171747559993 -59.66171747559993
143 -59.66171747559993 -59.66171747559993 -59.66171747559993
144 -59.66171747559993 -59.66171747559993 -59.66171747559993
145 -59.66171747559993 -59.66171747559993 -59.66171747559993
146 -59.66171747559993 -59.66171747559993 -59.66171747559993
147 -59.66171747559993 -59.66171747559993 -59.66171747559993
148 -59.656948656602765 -59.656948656602765 -59.656948656602765
149 -59.656948656602765 -59.656948656602765 -59.656948656602765
150 -59.656948656602765 -59.656948656602765 -59.656948656602765
151 -59.656948656602765 -59.656948656602765 -59.656948656602765
152 -59.656948656602765 -59.656948656602765 -59.656948656602765
153 -59.656948656602765 -59.656948656602765 -59.656948656602765
154 -59.656948656602765 -59.656948656602765 -59.656948656602765
155 -59.656948656602765 -59.656948656602765 -59.656948656602765
156 -59.65183621462476 -59.65183621462476 -59.65183621462476
157 -59.65183621462476 -59.65183621462476 -59.65183621462476
158 -59.65183621462476 -59.65183621462476 -59.65183621462476
159 -59.65183621462476 -59.65183621462476 -59.65183621462476
160 -59.621764687525626 -59.621764687525626 -59.621764687525626
161 -59.621764687525626 -59.621764687525626 -59.621764687525626
162 -59.621764687525626 -59.621764687525626 -59.621764687525626
163 -59.621764687525626 -59.621764687525626 -59.621764687525626
164 -59.621764687525626 -59.621764687525626 -59.621764687525626
165 -59.621764687525626 -59.621764687525626 -59.621764687525626
166 -59.61236566659085 -59.61236566659085 -59.61236566659085
167 -59.61236566659085 -59.61236566659085 -59.61236566659085
168 -59.61236566659085 -59.61236566659085 -59.61236566659085
169 -59.61236566659085 -59.61236566659085 -59.61236566659085
170 -59.61236566659085 -59.61236566659085 -59.61236566659085
171 -59.61236566659085 -59.61236566659085 -59.61236566659085
172 -59.61236566659085 -59.61236566659085 -59.61236566659085
173 -59.61236566659085 -59.61236566659085 -59.61236566659085
174 -59.61236566659085 -59.61236566659085 -59.61236566659085
175 -59.61236566659085 -59.61236566659085 -59.61236566659085
176 -59.61236566659085 -59.61236566659085 -59.61236566659085
177 -59.61236566659085 -59.61236566659085 -59.61236566659085
178 -59.61236566659085 -59.61236566659085 -59.61236566659085
179 -59.61236566659085 -59.61236566659085 -59.61236566659085
180 -59.61236566659085 -59.61236566659085 -59.61236566659085
181 -59.61236566659085 -59.61236566659085 -59.61236566659085
182 -59.61236566659085 -59.61236566659085 -59.61236566659085
183 -59.61236566659085 -59.61236566659085 -59.61236566659085
184 -59.61236566659085 -59.61236566659085 -59.61236566659085
185 -59.61236566659085 -59.61236566659085 -59.61236566659085
186 -59.61236566659085 -59.61236566659085 -59.61236566659085
187 -59.61236566659085 -59.61236566659085 -59.61236566659085
188 -59.61236566659085 -59.61236566659085 -59.61236566659085
189 -59.61236566659085 -59.61236566659085 -59.61236566659085
190 -59.61236566659085 -59.61236566659085 -59.61236566659085
191 -59.61236566659085 -59.61236566659085 -59.61236566659085
192 -59.61236566659085 -59.61236566659085 -59.61236566659085
193 -59.61236566659085 -59.61236566659085 -59.61236566659085
194 -59.61236566659085 -59.61236566659085 -59.61236566659085
195 -59.61236566659085 -59.61236566659085 -59.61236566659085
196 -59.61236566659085 -59.61236566659085 -59.61236566659085
197 -59.61236566659085 -59.61236566659085 -59.61236566659085
198 -59.61236566659085 -59.61236566659085 -59.61236566659085
199 -59.61236566659085 -59.61236566659085 -59.61236566659085
200 -59.61236566659085 -59.61236566659085 -59.61236566659085
201 -59.61236566659085 -59.61236566659085 -59.61236566659085
202 -59.61236566659085 -59.61236566659085 -59.61236566659085
203 -59.61236566659085 -59.61236566659085 -59.61236566659085
204 -59.61236566659085 -59.61236566659085 -59.61236566659085
205 -59.61236566659085 -59.61236566659085 -59.61236566659085
206 -59.61236566659085 -59.61236566659085 -59.61236566659085
207 -59.61236566659085 -59.61236566659085 -59.61236566659085
208 -59.61236566659085 -59.61236566659085 -59.61236566659085
209 -59.61236566659085 -59.61236566659085 -59.61236566659085
210 -59.54774150915739 -59.54774150915739 -59.54774150915739
211 -59.54774150915739 -59.54774150915739 -59.54774150915739
212 -59.54774150915739 -59.54774150915739 -59.54774150915739
213 -59.54774150915739 -59.54774150915739 -59.54774150915739
214 -59.54774150915739 -59.54774150915739 -59.54774150915739
215 -59.54774150915739 -59.54774150915739 -59.54774150915739
216 -59.54774150915739 -59.54774150915739 -59.54774150915739
217 -59.54774150915739 -59.54774150915739 -59.54774150915739
218 -59.54774150915739 -59.54774150915739 -59.54774150915739
219 -59.54774150915739 -59.54774150915739 -59.54774150915739
220 -59.54774150915739 -59.54774150915739 -59.54774150915739
221 -59.54774150915739 -59.54774150915739 -59.54774150915739
222 -59.54774150915739 -59.54774150915739 -59.54774150915739
223 -59.54774150915739 -59.54774150915739 -59.54774150915739
224 -59.54774150915739 -59.54774150915739 -59.54774150915739
225 -59.54774150915739 -59.54774150915739 -59.54774150915739
226 -59.54774150915739 -59.54774150915739 -59.54774150915739
227 -59.54774150915739 -59.54774150915739 -59.54774150915739
228 -59.54774150915739 -59.54774150915739 -59.54774150915739
229 -59.54774150915739 -59.54774150915739 -59.54774150915739
230 -59.54774150915739 -59.54774150915739 -59.54774150915739
231 -59.54774150915739 -59.54774150915739 -59.54774150915739
232 -59.54774150915739 -59.54774150915739 -59.54774150915739
233 -59.54774150915739 -59.54774150915739 -59.54774150915739
234 -59.52358027699543 -59.52358027699543 -59.52358027699543
235 -59.52358027699543 -59.52358027699543 -59.52358027699543
236 -59.52358027699543 -59.52358027699543 -59.52358027699543
237 -59.52358027699543 -59.52358027699543 -59.52358027699543
238 -59.52358027699543 -59.52358027699543 -59.52358027699543
239 -59.52358027699543 -59.52358027699543 -59.52358027699543
240 -59.52358027699543 -59.52358027699543 -59.52358027699543
241 -59.52358027699543 -59.52358027699543 -59.52358027699543
242 -59.52358027699543 -59.52358027699543 -59.52358027699543
243 -59.52358027699543 -59.52358027699543 -59.52358027699543
244 -59.52358027699543 -59.52358027699543 -59.52358027699543
245 -59.52358027699543 -59.52358027699543 -59.52358027699543
246 -59.52358027699543 -59.52358027699543 -59.52358027699543
247 -59.52358027699543 -59.52358027699543 -59.52358027699543
248 -59.52358027699543 -59.52358027699543 -59.52358027699543
249 -59.52358027699543 -59.52358027699543 -59.52358027699543
250 -59.52358027699543 -59.52358027699543 -59.52358027699543
251 -59.52358027699543 -59.52358027699543 -59.52358027699543
252 -59.52358027699543 -59.52358027699543 -59.52358027699543
253 -59.52358027699543 -59.52358027699543 -59.52358027699543
254 -59.52358027699543 -59.52358027699543 -59.52358027699543
255 -59.52358027699543 -59.52358027699543 -59.52358027699543
256 -59.52358027699543 -59.52358027699543 -59.52358027699543
257 -59.52358027699543 -59.52358027699543 -59.52358027699543
258 -59.52358027699543 -59.52358027699543 -59.52358027699543
259 -59.52358027699543 -59.52358027699543 -59.52358027699543
260 -59.52358027699543 -59.52358027699543 -59.52358027699543
261 -59.52358027699543 -59.52358027699543 -59.52358027699543
262 -59.52358027699543 -59.52358027699543 -59.52358027699543
263 -59.52358027699543 -59.52358027699543 -59.52358027699543
264 -59.52358027699543 -59.52358027699543 -59.52358027699543
265 -59.52358027699543 -59.52358027699543 -59.52358027699543
266 -59.52358027699543 -59.52358027699543 -59.52358027699543
267 -59.52358027699543 -59.52358027699543 -59.52358027699543
268 -59.52358027699543 -59.52358027699543 -59.52358027699543
269 -59.52358027699543 -59.52358027699543 -59.52358027699543
270 -59.52358027699543 -59.52358027699543 -59.52358027699543
271 -59.52358027699543 -59.52358027699543 -59.52358027699543
272 -59.52358027699543 -59.52358027699543 -59.52358027699543
273 -59.52358027699543 -59.52358027699543 -59.52358027699543
274 -59.52358027699543 -59.52358027699543 -59.52358027699543
275 -59.52358027699543 -59.52358027699543 -59.52358027699543
276 -59.52358027699543 -59.52358027699543 -59.52358027699543
277 -59.52358027699543 -59.52358027699543 -59.52358027699543
278 -59.52358027699543 -59.52358027699543 -59.52358027699543
279 -59.52358027699543 -59.52358027699543 -59.52358027699543
280 -59.52358027699543 -59.52358027699543 -59.52358027699543
281 -59.52358027699543 -59.52358027699543 -59.52358027699543
282 -59.52358027699543 -59.52358027699543 -59.52358027699543
283 -59.52358027699543 -59.52358027699543 -59.52358027699543
284 -59.52358027699543 -59.52358027699543 -59.52358027699543
285 -59.52358027699543 -59.52358027699543 -59.52358027699543
286 -59.52358027699543 -59.52358027699543 -59.52358027699543
287 -59.52358027699543 -59.52358027699543 -59.52358027699543
288 -59.52358027699543 -59.52358027699543 -59.52358027699543
289 -59.52358027699543 -59.52358027699543 -59.52358027699543
290 -59.52358027699543 -59.52358027699543 -59.52358027699543
291 -59.52358027699543 -59.52358027699543 -59.52358027699543
292 -59.52358027699543 -59.52358027699543 -59.52358027699543
293 -59.45209161026296 -59.45209161026296 -59.45209161026296
294 -59.45209161026296 -59.45209161026296 -59.45209161026296
295 -59.45209161026296 -59.45209161026296 -59.45209161026296
296 -59.45209161026296 -59.45209161026296 -59.45209161026296
297 -59.44160722075379 -59.44160722075379 -59.44160722075379
298 -59.44160722075379 -59.44160722075379 -59.44160722075379
299 -59.43001390246764 -59.43001390246764 -59.43001390246764
300 -59.38247200278482 -59.38247200278482 -59.38247200278482
