Generation:
398

Phenotype:
3
V1 = uniform([-3.0e0, 2.0e1], 2);
V2 = +6.2e0;
V2 = V2 + uniform([-0.3e0, 8.0e0], 2);
V3 = +V1 * +V1;
V3 = V3 + gm([6.3e0, +6.5e0, 9.8e0], [9.1e1, -0.1e0, 9.0e0]);

Pre-processed Program
:T = uniform([-3.000000, 17.000000], 2);F = 6.2;F = F + uniform([-0.300000, 7.700000], 2);TEMP0 = T * T;P = TEMP0;P = P + gm([0.064748, 0.935252], [6.5, -0.1], [9.8, 9]);Genotype:
[97, 44, 78, 139, 357, 405, 229, 183, 150, 48, 304, 322, 380, 309, 18, 440, 296, 477, 300, 102, 166, 492, 170, 33, 53, 39, 179, 410, 223, 58, 340, 378, 60, 388, 48, 86, 415, 14, 324, 306, 286, 122, 372, 72, 140, 355, 239, 127, 296, 133, 60, 221, 166, 196, 445, 496, 444, 209, 208, 0, 390, 486, 469, 461, 277, 413, 69, 340, 421, 334, 106, 29, 390, 74, 116, 57, 319, 471, 132, 84, 450, 109, 64, 72, 474, 191, 399, 303, 416, 361, 303, 74, 132, 324, 192, 187, 443, 242, 308, 134]
Tree:
None
Fitness on 5000 data:
-71.3639224891956

Fitness:
-71.3639224891956