Generation:
1198

Phenotype:
3
V1 = uniform([-3.0e0, 1.9e1], 2);
V2 = +6.3e0;
V2 = V2 + uniform([-0.2e0, 8.0e0], 2);
V3 = +V1 * +V1;
V3 = V3 + gm([5.8e0, +6.9e0, 9.9e0], [9.8e1, +0.1e0, 9.5e0]);

Pre-processed Program
:T = uniform([-3.000000, 16.000000], 2);F = 6.3;F = F + uniform([-0.200000, 7.800000], 2);TEMP0 = T * T;P = TEMP0;P = P + gm([0.055877, 0.944123], [6.9, 0.1], [9.9, 9.5]);Genotype:
[245, 44, 20, 81, 183, 476, 43, 243, 150, 24, 140, 81, 129, 277, 129, 166, 296, 477, 282, 142, 166, 313, 170, 65, 191, 402, 307, 110, 202, 264, 288, 378, 60, 388, 237, 416, 223, 132, 388, 102, 270, 230, 168, 346, 84, 424, 135, 464, 145, 478, 60, 192, 368, 196, 359, 496, 326, 209, 189, 338, 428, 103, 469, 318, 175, 2, 414, 340, 421, 214, 445, 29, 215, 74, 116, 57, 319, 471, 132, 84, 450, 109, 64, 72, 474, 191, 399, 303, 416, 361, 303, 74, 132, 324, 192, 187, 443, 242, 308, 134]
Tree:
None
Fitness on 5000 data:
-71.10731578286166

Fitness:
-71.10731578286166