Generation:
1500

Phenotype:
4
V1 = gm([1.3e-0, +4.3e-0, 3.5e+0]);
V2 = +2.2e-2;
V2 = V2 + uniform([+8.1e-1, 2.9e+1], 2);
if V1 < -8.6e-2 { 
   V3 = -V1 * +V1 - -3.1e-2; 
 } else { 
   V3 = +6.7e-2 * +V2; 
 } end if;
V3 = V3 + gm([1.3e-0, +9.9e+0, 3.1e-2], [8.0e-0, -3.5e-0, 7.4e+0], [1.4e+1, +0.2e-0, 1.4e+0], [5.2e+2, +8.8e-0, 2.0e+0]);

Pre-processed Program
:W = gm([1.000000], [4.3], [3.5]);T = 0.022;T = T + uniform([0.810000, 29.810000], 2);if W < -0.086 {   TEMP0 = W * W;   TEMP0 = 0 - TEMP0;   F = TEMP0;   F = F + 0.031; } else {   TEMP1 = 0.067 * T;   F = TEMP1; } end if;F = F + gm([0.002393, 0.014725, 0.025768, 0.957114], [9.9, -3.5, 0.2, 8.8], [0.031, 7.4, 1.4, 2]);Genotype:
[253, 123, 65, 50, 228, 60, 21, 321, 143, 311, 399, 328, 436, 14, 303, 287, 108, 260, 243, 375, 4, 21, 144, 320, 142, 85, 76, 120, 132, 332, 33, 464, 431, 144, 122, 246, 468, 411, 365, 412, 51, 372, 19, 216, 472, 343, 211, 318, 392, 309, 9, 128, 126, 445, 362, 160, 347, 108, 293, 82, 394, 289, 46, 376, 438, 180, 239, 232, 389, 269, 135, 133, 301, 377, 104, 174, 204, 497, 438, 439, 467, 136, 6, 287, 35, 137, 342, 256, 419, 442, 36, 9, 487, 411, 203, 283, 48, 463, 288, 9, 279, 424, 12, 196, 93, 21, 345, 266, 389, 50, 228, 60, 21, 321, 89, 311, 353, 475, 329, 315, 303, 287, 294, 260, 243, 375, 4, 21, 144, 320, 142, 85, 76, 120, 132, 137, 33, 464, 431, 144, 122, 246, 468, 411, 365, 322, 430, 500, 194, 468, 298, 418, 137, 342, 193, 362, 150, 436, 0, 439, 375, 146, 6, 140, 419, 137, 434, 345, 147, 177, 36, 9, 73, 25, 203, 144, 293, 104, 346, 324, 58, 290, 244, 261, 382, 217, 136, 471, 54, 473, 166, 455, 138, 410, 269, 112, 133, 301, 347, 293, 457, 179, 45, 443, 127, 42, 413, 270, 2, 388, 157, 231, 29, 142, 66, 127, 265, 277, 490, 234, 152, 158, 370, 329, 274, 29, 406, 268, 265, 100, 62, 18, 4, 324, 352, 372, 439, 468, 238, 395, 170, 211]
Tree:
None
Fitness on 5000 data:
-63.00943528920027

Fitness:
-63.00943528920027