Generation:
798

Phenotype:
5
V1 = uniform([-5.87e+0, 4.76e+2], 2);
V2 = +1.96e-2 - -0.40e-1;
V2 = V2 + gm([9.76e+2, +9.58e-0, 3.01e+0], [6.12e-1, +2.11e+3, 3.38e-0]);
V3 = +V2;
V3 = V3 + gm([4.45e+2, +5.57e+0, 4.27e+0], [8.81e+1, +2.16e-3, 8.56e-1]);

Pre-processed Program
:P = uniform([-5.870000, 470.130000], 2);F = 0.0196;F = F + 0.04;F = F + gm([0.999373, 0.000627], [9.58, 2110], [3.01, 3.38]);T = F;T = T + gm([0.834740, 0.165260], [5.57, 0.0022], [4.27, 0.856]);Genotype:
[330, 106, 241, 429, 94, 121, 403, 245, 198, 187, 4, 16, 269, 104, 287, 86, 358, 478, 440, 277, 242, 192, 429, 329, 322, 241, 199, 306, 81, 238, 75, 450, 189, 376, 261, 160, 194, 500, 263, 81, 328, 201, 325, 399, 319, 37, 206, 90, 398, 52, 432, 389, 125, 248, 395, 96, 214, 173, 160, 211, 492, 44, 406, 210, 106, 291, 232, 463, 261, 462, 30, 282, 21, 411, 164, 259, 406, 313, 403, 308, 149, 156, 230, 12, 154, 404, 320, 127, 358, 47, 151, 398, 334, 234, 165, 258, 166, 418, 180, 205, 195, 27, 68, 400, 101, 254, 82, 497, 440, 16, 46, 380, 58, 128, 441, 134, 45, 176, 118, 132, 431, 136, 3, 11, 126, 48, 325, 106, 1, 293, 70, 464, 441, 27, 198, 41, 105, 191, 134, 405, 201, 322, 312, 315, 174, 336, 50, 335, 36, 4, 457, 334, 244, 20, 156, 13, 412, 134, 411, 444, 179, 323, 309, 15, 380, 413, 152, 345, 74, 155, 228, 438, 324, 229, 478, 104, 449, 179, 139, 22, 181, 412, 403, 439, 287, 431, 393, 478, 458, 246, 281, 454, 91, 174, 136, 383, 94, 481, 334, 387, 442, 259, 116, 442, 193, 334, 389, 113, 248, 280, 109, 474, 198, 166, 63, 111, 404, 146, 453, 370, 340, 338, 465, 411, 370, 179, 63, 318, 45, 416, 413, 112, 128, 74, 388, 301, 61, 324, 229, 425, 28, 260, 224, 207, 459, 105, 479, 270, 81, 238, 100, 206, 189, 172, 451, 196, 194, 417, 336, 435, 330, 388, 325, 286, 398, 333, 183, 264, 160, 296, 50, 353, 402, 331, 84, 57, 186, 449, 491, 484, 370, 230, 471, 85, 175, 438, 151, 459, 99, 185, 146, 173, 283, 85, 277, 383, 286, 499, 102, 158, 209, 383, 209, 441, 348, 334, 105, 98, 209, 161, 126, 303, 226, 170, 55, 468, 491, 443, 271, 256, 280, 457, 59, 158, 289, 491, 391, 122, 330, 296, 9, 397, 79, 186, 471, 407, 288, 419, 32, 489, 275, 199, 492, 271, 469, 499]
Tree:
None
Fitness on 5000 data:
-91.21922461135036

Fitness:
-91.21922461135036