Generation:
1198

Phenotype:
5
V1 = uniform([-8.89e+0, 4.78e+2], 2);
V2 = +0.96e-2 - -0.40e-2;
V2 = V2 + gm([9.76e+2, +9.58e+0, 3.01e+0], [6.84e-1, +2.17e-3, 3.38e-0]);
V3 = +V2;
V3 = V3 + gm([4.45e+2, +6.57e-0, 4.47e+0], [8.81e+1, -2.13e-3, 8.86e-1], [1.78e-1, +5.12e+3, 6.05e+0]);

Pre-processed Program
:P = uniform([-8.890000, 469.110000], 2);F = 0.0096;F = F + 0.004;F = F + gm([0.999300, 0.000700], [9.58, 0.0022], [3.01, 3.38]);T = F;T = T + gm([0.834462, 0.165205, 0.000334], [6.57, -0.0021, 5120], [4.47, 0.886, 6.05]);Genotype:
[330, 106, 241, 429, 5, 86, 403, 98, 198, 239, 160, 252, 269, 104, 287, 78, 250, 478, 440, 277, 242, 192, 429, 256, 420, 300, 199, 306, 81, 238, 381, 450, 189, 372, 261, 160, 194, 500, 263, 258, 328, 201, 325, 495, 319, 317, 206, 90, 398, 52, 144, 389, 125, 248, 456, 96, 214, 173, 160, 211, 492, 44, 406, 170, 106, 158, 434, 11, 261, 462, 438, 282, 21, 387, 323, 259, 493, 313, 403, 308, 149, 156, 230, 12, 346, 404, 478, 127, 358, 47, 151, 398, 334, 234, 165, 126, 166, 418, 472, 496, 195, 287, 407, 448, 101, 94, 234, 497, 440, 16, 227, 243, 158, 128, 441, 134, 45, 448, 251, 132, 431, 113, 3, 11, 126, 48, 338, 106, 1, 293, 70, 464, 441, 27, 198, 41, 105, 191, 134, 405, 201, 322, 312, 315, 174, 336, 50, 335, 36, 4, 457, 334, 244, 20, 156, 13, 412, 134, 411, 444, 179, 323, 309, 15, 380, 413, 152, 345, 74, 155, 228, 438, 324, 229, 478, 104, 449, 179, 139, 22, 181, 412, 403, 439, 287, 431, 393, 478, 458, 246, 281, 454, 91, 174, 136, 383, 94, 481, 334, 387, 442, 259, 116, 442, 193, 334, 389, 113, 248, 280, 109, 474, 198, 166, 63, 111, 404, 146, 453, 370, 340, 338, 465, 411, 370, 179, 63, 318, 45, 416, 413, 112, 128, 74, 388, 301, 61, 324, 229, 425, 28, 260, 224, 207, 459, 105, 479, 270, 81, 238, 100, 206, 189, 172, 451, 196, 194, 417, 336, 435, 330, 388, 325, 286, 398, 333, 183, 264, 160, 296, 50, 353, 402, 331, 84, 57, 186, 449, 491, 484, 370, 230, 471, 85, 175, 438, 151, 459, 99, 185, 146, 173, 283, 85, 277, 383, 286, 499, 102, 158, 209, 383, 209, 441, 348, 334, 105, 98, 209, 161, 126, 303, 226, 170, 55, 468, 491, 443, 271, 256, 280, 457, 59, 158, 289, 491, 391, 122, 330, 296, 9, 397, 79, 186, 471, 407, 288, 419, 32, 489, 275, 199, 492, 271, 469, 499]
Tree:
None
Fitness on 5000 data:
-90.71736869505702

Fitness:
-90.71736869505702