Generation:
798

Phenotype:
2
V1 = uniform([+5.0e-0, 0.9e+1], 2);
V2 = +V1;
V2 = V2 + gm([0.5e-1, -0.5e+0, 8.6e+1], [7.1e+1, +9.9e+0, 6.1e+0]);
V3 = -V2 * -8.6e-2 - -V1 * +3.4e-2;
V3 = V3 + gm([5.7e+0, -9.8e+2, 4.1e+2], [8.5e-2, +3.8e-2, 6.5e+2], [0.9e+1, +6.8e+0, 2.9e-1], [1.6e-2, +6.8e+1, 1.6e-1], [9.5e+2, +2.6e+0, 3.0e-0], [6.3e-2, -8.6e-2, 5.0e+0], [9.0e-2, -2.5e-2, 7.6e+0]);

Pre-processed Program
:F = uniform([5.000000, 14.000000], 2);T = F;T = T + gm([0.000704, 0.999296], [-0.5, 9.9], [86, 6.1]);TEMP0 = 0.086 * T;TEMP1 = -0.034 * F;W = TEMP0;W = W - TEMP1;W = W + gm([0.005907, 0.000088, 0.009327, 0.000017, 0.984503, 0.000065, 0.000093], [-980, 0.038, 6.8, 68, 2.6, -0.086, -0.025], [410, 650, 0.29, 0.16, 3, 5, 7.6]);Genotype:
[174, 223, 318, 211, 35, 455, 76, 355, 60, 215, 171, 411, 30, 499, 250, 355, 432, 356, 16, 308, 190, 252, 260, 362, 39, 427, 400, 15, 389, 31, 116, 139, 50, 465, 306, 246, 108, 8, 136, 484, 211, 96, 271, 487, 11, 84, 229, 165, 160, 149, 79, 460, 342, 296, 76, 351, 268, 483, 210, 217, 276, 197, 392, 86, 23, 471, 269, 378, 313, 438, 446, 453, 146, 393, 85, 410, 368, 273, 312, 471, 19, 370, 313, 224, 37, 65, 52, 465, 217, 56, 485, 437, 326, 384, 372, 373, 239, 438, 116, 476, 426, 64, 91, 272, 47, 309, 282, 398, 35, 363, 170, 411]
Tree:
None
Fitness on 5000 data:
-61.60972395408378

Fitness:
-61.60972395408378