Generation:
1500

Phenotype:
2
V1 = uniform([+5.6e-0, 0.9e+1], 2);
V2 = +V1;
V2 = V2 + gm([0.5e-1, -0.5e+0, 8.9e+2], [4.1e+1, +9.9e+0, 6.1e+0]);
V3 = -V2 * -9.4e-2 - -V1 * +3.4e-2;
V3 = V3 + gm([5.0e-0, -9.9e-2, 4.7e+2], [8.4e-2, -3.4e-2, 6.5e+2], [0.9e+1, +6.2e+0, 2.9e-1], [2.6e-2, +0.6e+0, 6.6e-1], [9.5e+2, +2.7e+0, 3.0e-0], [4.3e-1, -9.4e-2, 5.0e+0], [1.0e-2, -2.7e-2, 0.3e+0]);

Pre-processed Program
:F = uniform([5.600000, 14.600000], 2);T = F;T = T + gm([0.001218, 0.998782], [-0.5, 9.9], [890, 6.1]);TEMP0 = 0.094 * T;TEMP1 = -0.034 * F;W = TEMP0;W = W - TEMP1;W = W + gm([0.005184, 0.000087, 0.009331, 0.000027, 0.984915, 0.000446, 0.000010], [-0.099, -0.034, 6.2, 0.6, 2.7, -0.094, -0.027], [470, 650, 0.29, 0.66, 3, 5, 0.3]);Genotype:
[433, 223, 204, 211, 35, 455, 76, 205, 16, 173, 171, 411, 30, 499, 250, 355, 432, 356, 16, 222, 382, 162, 260, 362, 39, 427, 400, 15, 389, 202, 396, 139, 50, 465, 90, 300, 396, 8, 399, 70, 56, 96, 271, 394, 11, 84, 229, 165, 160, 149, 79, 36, 342, 87, 76, 351, 458, 483, 210, 217, 276, 59, 392, 464, 23, 271, 103, 378, 313, 369, 404, 453, 146, 393, 85, 410, 368, 273, 52, 117, 291, 370, 313, 224, 371, 65, 52, 147, 335, 56, 485, 200, 223, 384, 27, 49, 239, 219, 27, 476, 426, 64, 457, 272, 47, 309, 282, 398, 444, 363, 170, 411]
Tree:
None
Fitness on 5000 data:
-61.41672797327945

Fitness:
-61.41672797327945