Generation:
1198

Phenotype:
2
V1 = uniform([+5.6e-0, 0.9e+1], 2);
V2 = +V1;
V2 = V2 + gm([0.5e-1, -0.5e+0, 8.6e+1], [4.1e+1, +9.9e+0, 6.1e-0]);
V3 = -V2 * -8.5e-2 - -V1 * +3.4e-2;
V3 = V3 + gm([5.0e-0, -9.2e-2, 4.7e+2], [8.5e-2, -3.4e-2, 6.5e+2], [0.9e+1, +6.4e+0, 2.9e-1], [9.6e-2, +0.6e+1, 1.6e-1], [9.5e+2, +2.7e+0, 3.0e-0], [6.3e-2, -8.5e-2, 5.0e+0], [9.0e-2, -2.7e-2, 0.3e+0]);

Pre-processed Program
:F = uniform([5.600000, 14.600000], 2);T = F;T = T + gm([0.001218, 0.998782], [-0.5, 9.9], [86, 6.1]);TEMP0 = 0.085 * T;TEMP1 = -0.034 * F;W = TEMP0;W = W - TEMP1;W = W + gm([0.005185, 0.000088, 0.009333, 0.000100, 0.985136, 0.000065, 0.000093], [-0.092, -0.034, 6.4, 6, 2.7, -0.085, -0.027], [470, 650, 0.29, 0.16, 3, 5, 0.3]);Genotype:
[433, 223, 204, 211, 35, 455, 76, 75, 16, 215, 171, 411, 30, 499, 250, 355, 432, 356, 16, 294, 390, 162, 260, 362, 39, 427, 400, 15, 389, 229, 396, 139, 50, 465, 306, 300, 396, 8, 136, 70, 211, 96, 271, 394, 11, 84, 229, 165, 160, 149, 79, 36, 342, 87, 76, 351, 209, 483, 210, 217, 276, 59, 392, 86, 23, 471, 269, 378, 313, 438, 375, 453, 146, 393, 85, 410, 368, 273, 312, 223, 19, 370, 313, 224, 371, 65, 52, 147, 217, 56, 485, 200, 223, 384, 372, 373, 239, 322, 27, 476, 426, 64, 457, 272, 47, 309, 282, 398, 35, 363, 170, 411]
Tree:
None
Fitness on 5000 data:
-61.43800452017731

Fitness:
-61.43800452017731