Generation:
398

Phenotype:
2
V1 = uniform([+6.4e0, 6.9e0], 2);
V2 = uniform([+3.6e0, 2.0e1], 2);
V3 = uniform([+0.1e0, 9.9e0], 2);

Pre-processed Program
:F = uniform([6.400000, 13.300000], 2);T = uniform([3.600000, 23.600000], 2);W = uniform([0.100000, 10.000000], 2);Genotype:
[331, 1, 405, 500, 368, 330, 416, 34, 164, 49, 166, 149, 60, 57, 179, 212, 22, 383, 6, 432, 363, 22, 460, 183, 285, 125, 277, 382, 440, 391, 236, 85, 269, 259, 396, 76, 459, 293, 361, 410, 75, 499, 76, 464, 163, 363, 410, 409, 54, 317, 304, 281, 307, 331, 129, 319, 393, 188, 475, 455, 409, 167, 359, 243, 117, 315, 487, 64, 289, 227, 460, 454, 86, 41, 477, 160, 279, 69, 154, 85, 123, 272, 230, 190, 303, 6, 79, 221, 265, 269, 31, 323, 88, 203, 134, 131, 322, 385, 160, 290, 276, 451, 315, 396, 344, 251, 170]
Tree:
None
Fitness on 5000 data:
-59.766220120190724

Fitness:
-59.766220120190724