Generation:
798

Phenotype:
2
V1 = uniform([+6.3e0, 7.2e0], 2);
V2 = uniform([+4.1e0, 1.9e1], 2);
V3 = uniform([+0.1e0, 9.9e0], 2);

Pre-processed Program
:F = uniform([6.300000, 13.500000], 2);T = uniform([4.100000, 23.100000], 2);W = uniform([0.100000, 10.000000], 2);Genotype:
[162, 1, 23, 347, 470, 330, 416, 293, 376, 38, 247, 492, 34, 349, 236, 212, 214, 374, 441, 432, 7, 201, 199, 183, 243, 276, 28, 382, 440, 391, 236, 330, 269, 259, 396, 76, 459, 293, 361, 410, 75, 499, 76, 464, 163, 363, 410, 409, 54, 317, 304, 281, 307, 331, 129, 319, 393, 188, 475, 455, 409, 167, 359, 243, 117, 315, 487, 64, 289, 227, 460, 454, 86, 41, 477, 160, 279, 69, 154, 85, 123, 272, 230, 190, 303, 6, 79, 221, 265, 269, 31, 323, 88, 203, 134, 131, 322, 385, 160, 290, 276, 451, 315, 396, 344, 251, 170]
Tree:
None
Fitness on 5000 data:
-59.64225927973903

Fitness:
-59.64225927973903