Generation:
398

Phenotype:
1
V1 = gm([1.3e1, +9.9e0, 2.0e0]);
V2 = gm([0.5e0, +8.8e0, 4.3e0]);
V3 = gm([6.4e0, +9.9e1, 9.9e1], [4.1e0, +9.8e0, 1.5e1]);

Pre-processed Program
:F = gm([1.000000], [9.9], [2]);T = gm([1.000000], [8.8], [4.3]);P = gm([0.609524, 0.390476], [99, 9.8], [99, 15]);Genotype:
[439, 90, 260, 450, 476, 162, 161, 453, 91, 430, 232, 269, 179, 398, 182, 32, 310, 134, 362, 214, 412, 264, 130, 325, 242, 245, 440, 38, 418, 32, 98, 484, 63, 202, 208, 275, 285, 432, 166, 24, 130, 163, 368, 329, 379, 477, 221, 339, 419, 395, 318, 296, 294, 321, 250, 393, 178, 289, 118, 270, 164, 301, 125, 279, 297, 13, 157, 445, 125, 64, 203, 72, 148, 363, 164, 122, 117, 301, 46, 89, 321, 272, 305, 12, 115, 226, 237, 400, 223, 214, 114, 83, 9, 383, 242, 283, 291, 397, 184, 249, 411]
Tree:
None
Fitness on 5000 data:
-86.77541296082103

Fitness:
-86.77541296082103