Generation:
1500

Phenotype:
1
V1 = gm([8.3e1, +9.9e0, 2.0e0]);
V2 = gm([0.1e0, +8.7e0, 4.3e0]);
V3 = gm([6.3e0, +9.9e1, 9.9e1], [4.3e0, +1.5e1, 1.6e1]);

Pre-processed Program
:F = gm([1.000000], [9.9], [2]);T = gm([1.000000], [8.7], [4.3]);P = gm([0.594340, 0.405660], [99, 15], [99, 16]);Genotype:
[141, 90, 260, 203, 120, 162, 108, 453, 47, 367, 444, 349, 299, 494, 144, 32, 310, 464, 284, 439, 412, 264, 470, 421, 274, 83, 440, 38, 387, 172, 59, 484, 63, 38, 208, 57, 285, 114, 166, 303, 204, 91, 368, 329, 9, 297, 221, 339, 419, 239, 68, 155, 294, 273, 406, 349, 178, 311, 465, 403, 305, 301, 346, 279, 297, 279, 157, 445, 298, 64, 203, 72, 148, 363, 470, 122, 117, 301, 46, 89, 321, 272, 305, 12, 115, 226, 237, 400, 223, 214, 114, 83, 9, 383, 242, 283, 291, 397, 184, 249, 411]
Tree:
None
Fitness on 5000 data:
-86.68734625467225

Fitness:
-86.68734625467225