Generation:
1198

Phenotype:
8
V1 = gm([6.3e0, +4.2e0, 2.0e0]);
V2 = -4.0e0 + +V1;
V2 = V2 + uniform([+0.7e1, 0.4e1], 2);
V3 = +V1 * +V2 * +V1;
V3 = V3 + uniform([+2.8e1, 3.0e1], 2);
V4 = +V2;
V4 = V4 + gm([6.1e0, +0.0e0, 0.1e1]);

Pre-processed Program
:C = gm([1.000000], [4.2], [2]);F = 0;F = F - 4;F = F + C;F = F + uniform([7.000000, 11.000000], 2);TEMP0 = C * F;TEMP0 = TEMP0 * C;E = TEMP0;E = E + uniform([28.000000, 58.000000], 2);T = F;T = T + gm([1.000000], [0], [1]);Genotype:
[189, 151, 228, 20, 351, 68, 482, 346, 93, 490, 71, 454, 54, 362, 372, 316, 272, 250, 326, 494, 477, 274, 336, 291, 79, 57, 424, 250, 22, 412, 34, 64, 80, 389, 253, 188, 406, 182, 250, 407, 233, 188, 20, 84, 155, 183, 116, 439, 395, 46, 448, 42, 480, 272, 42, 429, 290, 364, 18, 171, 23, 126, 152, 382, 108, 487, 142, 393, 350, 33, 27, 482, 30, 152, 414, 40, 186, 73, 28, 282, 196, 151, 140, 411, 158, 410, 70, 38, 289, 250, 441, 175, 267, 233, 112, 20, 376, 165, 381, 116, 87, 309, 368, 38, 428, 94, 440, 464, 226, 176, 160, 122, 433, 475, 437, 103, 208, 391, 266, 87, 498, 453, 357, 111, 84, 268, 492, 458, 40, 254, 363, 466, 336, 375, 479, 448, 314, 104, 410, 251, 38, 441, 191, 170, 205, 206, 150, 141, 128, 497, 414, 194, 305, 30, 461, 80, 39, 419, 461, 209, 6, 222, 298, 395, 381, 81, 21, 287, 483, 485, 361, 96, 167, 316, 470, 416, 197, 45, 322, 158, 473, 180, 2, 207, 123, 415, 131, 379, 467, 183, 294, 219, 245, 227]
Tree:
None
Fitness on 5000 data:
-10.428448265124254

Fitness:
-10.428448265124254