Generation:
1500

Phenotype:
1
V1 = gm([1.6e1, +9.9e0, 2.0e0]);
V2 = +4.9e0;
V2 = V2 + gm([6.6e1, -0.0e0, 1.2e0]);
V3 = +7.3e0 + +V1;
V3 = V3 + gm([2.7e1, -7.3e0, 1.0e0], [8.9e1, +1.9e0, 1.8e0]);

Pre-processed Program
:F = gm([1.000000], [9.9], [2]);C = 4.9;C = C + gm([1.000000], [0], [1.2]);T = 7.3;T = T + F;T = T + gm([0.232759, 0.767241], [-7.3, 1.9], [1, 1.8]);Genotype:
[8, 126, 314, 234, 277, 120, 36, 11, 376, 261, 476, 18, 19, 119, 466, 104, 62, 150, 126, 260, 226, 424, 245, 62, 338, 444, 489, 370, 132, 18, 82, 267, 156, 446, 491, 490, 173, 60, 160, 64, 399, 431, 102, 12, 231, 155, 96, 128, 41, 6, 170, 47, 183, 72, 386, 204, 94, 20, 436, 14, 448, 281, 304, 372, 357, 83, 302, 43, 17, 463, 116, 471, 41, 360, 186, 384, 409, 468, 319, 17, 179, 298, 51, 499, 48, 385, 381, 258, 214, 169, 50, 301, 386, 209, 252, 445, 50, 475, 295, 294, 389, 273, 33, 168, 29, 495, 395, 419, 460, 452, 113, 419, 374, 436]
Tree:
None
Fitness on 5000 data:
-6.062960135515173

Fitness:
-6.062960135515173