Generation:
398

Phenotype:
1
V1 = gm([8.4e1, +9.8e0, 2.2e0]);
V2 = +4.9e0;
V2 = V2 + gm([2.2e0, -0.0e1, 1.1e0]);
V3 = +7.3e0 + +V1;
V3 = V3 + gm([2.7e1, -7.2e0, 1.2e0], [9.9e1, +1.9e0, 1.6e0]);

Pre-processed Program
:F = gm([1.000000], [9.8], [2.2]);C = 4.9;C = C + gm([1.000000], [0], [1.1]);T = 7.3;T = T + F;T = T + gm([0.214286, 0.785714], [-7.2, 1.9], [1.2, 1.6]);Genotype:
[139, 252, 166, 492, 277, 120, 320, 398, 24, 123, 282, 266, 19, 488, 428, 239, 62, 202, 140, 260, 240, 434, 453, 54, 18, 204, 489, 444, 244, 285, 422, 490, 42, 122, 436, 490, 75, 310, 160, 181, 468, 391, 91, 26, 377, 315, 96, 128, 41, 19, 170, 47, 183, 40, 372, 82, 94, 230, 442, 416, 360, 281, 215, 372, 487, 83, 141, 229, 17, 192, 64, 319, 41, 112, 446, 384, 23, 29, 279, 31, 60, 298, 51, 329, 224, 303, 1, 126, 98, 169, 50, 301, 386, 209, 252, 445, 50, 475, 295, 294, 389, 273, 33, 168, 29, 495, 395, 419, 460, 452, 113, 419, 374, 436]
Tree:
None
Fitness on 5000 data:
-6.085925536993841

Fitness:
-6.085925536993841