Generation:
1500

Phenotype:
5
V1 = gm([7.5e0, +3.0e1, 9.5e0], [2.5e1, +9.9e1, 9.9e1], [9.7e0, +3.1e0, 8.7e0]);
V2 = uniform([+6.4e0, 7.2e0], 2);
V3 = gm([5.3e1, +8.7e0, 4.3e0]);

Pre-processed Program
:P = gm([0.177725, 0.592417, 0.229858], [30, 99, 3.1], [9.5, 99, 8.7]);F = uniform([6.400000, 13.600000], 2);T = gm([1.000000], [8.7], [4.3]);Genotype:
[106, 88, 326, 49, 123, 489, 327, 385, 278, 363, 342, 153, 150, 15, 428, 29, 95, 178, 157, 96, 192, 385, 287, 359, 202, 239, 159, 205, 427, 459, 279, 235, 208, 420, 449, 217, 334, 0, 394, 143, 201, 168, 208, 398, 317, 234, 53, 117, 351, 444, 386, 174, 334, 96, 207, 332, 224, 104, 490, 452, 119, 175, 183, 365, 472, 152, 148, 367, 118, 138, 474, 293, 272, 153, 31, 72, 440, 174, 230, 105, 479, 490, 92, 192, 74, 342, 222, 173, 159, 167, 347, 332, 29, 265, 222, 408, 199, 182, 124, 347, 100, 431, 221, 208, 369, 398, 31, 84, 141, 392, 277, 276, 386, 151, 18, 72, 258, 250, 38, 159, 50, 291, 396, 314]
Tree:
None
Fitness on 5000 data:
-87.20345737073157

Fitness:
-87.20345737073157