Generation:
798

Phenotype:
5
V1 = gm([8.7e0, +3.0e1, 9.9e0], [2.9e1, +9.9e1, 9.9e1], [9.9e0, +3.0e0, 8.6e0]);
V2 = uniform([+6.0e0, 8.0e0], 2);
V3 = gm([0.4e1, +8.7e0, 4.3e0]);

Pre-processed Program
:P = gm([0.182773, 0.609244, 0.207983], [30, 99, 3], [9.9, 99, 8.6]);F = uniform([6.000000, 14.000000], 2);T = gm([1.000000], [8.7], [4.3]);Genotype:
[174, 88, 148, 4, 203, 299, 398, 327, 350, 491, 292, 153, 320, 345, 247, 349, 179, 200, 161, 421, 72, 309, 169, 486, 374, 239, 159, 39, 344, 289, 29, 217, 158, 147, 449, 219, 128, 393, 282, 143, 100, 376, 15, 398, 116, 476, 465, 153, 92, 6, 386, 0, 18, 305, 258, 250, 32, 92, 95, 400, 480, 350, 44, 323, 96, 332, 188, 367, 120, 48, 474, 353, 298, 153, 31, 72, 440, 174, 230, 105, 479, 490, 92, 192, 74, 342, 222, 173, 159, 167, 347, 332, 29, 265, 222, 408, 199, 182, 124, 347, 100, 431, 221, 208, 369, 398, 31, 84, 141, 392, 277, 276, 386, 151, 18, 72, 258, 250, 38, 159, 50, 291, 396, 314]
Tree:
None
Fitness on 5000 data:
-87.33984432434934

Fitness:
-87.33984432434934