Generation:
398

Phenotype:
5
V1 = gm([7.9e0, +3.0e1, 9.5e0], [3.0e1, +9.9e1, 9.9e1], [9.9e0, +3.2e0, 8.7e0]);
V2 = uniform([+6.0e0, 8.0e0], 2);
V3 = gm([9.9e0, +8.6e0, 4.3e0]);

Pre-processed Program
:P = gm([0.165272, 0.627615, 0.207113], [30, 99, 3.2], [9.5, 99, 8.7]);F = uniform([6.000000, 14.000000], 2);T = gm([1.000000], [8.6], [4.3]);Genotype:
[127, 88, 314, 4, 157, 294, 87, 289, 350, 1, 258, 153, 480, 387, 367, 239, 65, 200, 483, 104, 193, 390, 83, 319, 222, 239, 159, 167, 246, 289, 29, 217, 92, 270, 259, 179, 128, 25, 448, 143, 462, 120, 451, 398, 297, 96, 465, 18, 474, 474, 386, 0, 18, 416, 258, 250, 374, 92, 437, 400, 281, 249, 199, 252, 92, 332, 188, 496, 120, 233, 474, 353, 298, 153, 31, 72, 440, 174, 230, 105, 479, 490, 92, 192, 74, 342, 222, 173, 159, 167, 347, 332, 29, 265, 222, 408, 199, 182, 124, 347, 100, 431, 221, 208, 369, 398, 31, 84, 141, 392, 277, 276, 386, 151, 18, 72, 258, 250, 38, 159, 50, 291, 396, 314]
Tree:
None
Fitness on 5000 data:
-87.34777488579945

Fitness:
-87.34777488579945