Generation:
1198

Phenotype:
5
V1 = gm([7.0e0, +3.0e1, 9.4e0], [2.5e1, +9.9e1, 9.9e1], [9.7e0, +3.1e0, 8.9e0]);
V2 = uniform([+6.4e0, 7.3e0], 2);
V3 = gm([5.7e0, +8.7e0, 4.3e0]);

Pre-processed Program
:P = gm([0.167866, 0.599520, 0.232614], [30, 99, 3.1], [9.4, 99, 8.9]);F = uniform([6.400000, 13.700000], 2);T = gm([1.000000], [8.7], [4.3]);Genotype:
[289, 88, 80, 407, 5, 489, 327, 170, 172, 130, 342, 153, 150, 271, 201, 29, 44, 178, 157, 96, 192, 385, 287, 359, 190, 239, 159, 205, 18, 459, 279, 235, 208, 420, 449, 87, 72, 214, 282, 143, 201, 168, 333, 398, 79, 370, 21, 117, 75, 216, 386, 174, 334, 96, 417, 233, 224, 86, 429, 452, 119, 175, 107, 180, 472, 176, 188, 367, 118, 87, 474, 353, 272, 153, 31, 72, 440, 174, 230, 105, 479, 490, 92, 192, 74, 342, 222, 173, 159, 167, 347, 332, 29, 265, 222, 408, 199, 182, 124, 347, 100, 431, 221, 208, 369, 398, 31, 84, 141, 392, 277, 276, 386, 151, 18, 72, 258, 250, 38, 159, 50, 291, 396, 314]
Tree:
None
Fitness on 5000 data:
-87.20648257637632

Fitness:
-87.20648257637632