0	[-237.4982384971071, -1]
0	[-169.0988333045025, -3]
1	[-305.52310097452886, 0]
1	[-237.4982384971071, -1]
1	[-219.7806929962538, -2]
1	[-169.0988333045025, -3]
2	[-305.52310097452886, 0]
2	[-237.4982384971071, -1]
2	[-177.64785652636607, -2]
2	[-169.0988333045025, -3]
3	[-305.52310097452886, 0]
3	[-209.27690227815575, -1]
3	[-160.82699680753345, -2]
4	[-214.0545081223404, 0]
4	[-173.2778563901621, -1]
4	[-160.82699680753345, -2]
5	[-214.0545081223404, 0]
5	[-173.2778563901621, -1]
5	[-160.82699680753345, -2]
5	[-152.61369614875503, -3]
6	[-208.39786484995452, 0]
6	[-173.2778563901621, -1]
6	[-160.43540788456886, -2]
6	[-132.7109620274933, -3]
7	[-208.39786484995452, 0]
7	[-173.26527055868684, -1]
7	[-160.43540788456886, -2]
7	[-132.7109620274933, -3]
8	[-208.39786484995452, 0]
8	[-173.26527055868684, -1]
8	[-154.7675507831218, -2]
8	[-132.7109620274933, -3]
9	[-208.39786484995452, 0]
9	[-163.03010264456472, -1]
9	[-154.7675507831218, -2]
9	[-154.7675507831218, -2]
9	[-132.45572845806976, -3]
10	[-208.39786484995452, 0]
10	[-156.56150782031852, -1]
10	[-128.7394933556111, -2]
11	[-208.39786484995452, 0]
11	[-150.2197678838041, -1]
11	[-128.7394933556111, -2]
12	[-208.39786484995452, 0]
12	[-150.2197678838041, -1]
12	[-150.2197678838041, -1]
12	[-127.7192239642411, -2]
13	[-159.55516139999045, 0]
13	[-129.78214084298855, -1]
13	[-127.7192239642411, -2]
14	[-159.55516139999045, 0]
14	[-129.78214084298855, -1]
14	[-127.7192239642411, -2]
15	[-159.47174360999907, 0]
15	[-125.88817919072414, -1]
16	[-159.47174360999907, 0]
16	[-125.24349759323646, -1]
17	[-151.1609137752969, 0]
17	[-124.79986824034114, -1]
18	[-151.1609137752969, 0]
18	[-117.0861497615486, -1]
19	[-151.1609137752969, 0]
19	[-117.0861497615486, -1]
20	[-147.96791627383968, 0]
20	[-117.0861497615486, -1]
21	[-122.52560078653066, 0]
21	[-117.0861497615486, -1]
22	[-122.52560078653066, 0]
22	[-117.0861497615486, -1]
23	[-122.52560078653066, 0]
23	[-122.52560078653066, 0]
23	[-117.0861497615486, -1]
24	[-122.52560078653066, 0]
24	[-122.52560078653066, 0]
24	[-122.52560078653066, 0]
24	[-122.52560078653066, 0]
24	[-117.0861497615486, -1]
24	[-115.36215573211275, -2]
25	[-122.52560078653066, 0]
25	[-122.52560078653066, 0]
25	[-122.52560078653066, 0]
25	[-122.52560078653066, 0]
25	[-122.52560078653066, 0]
25	[-122.52560078653066, 0]
25	[-117.0861497615486, -1]
25	[-115.36215573211275, -2]
26	[-120.32379143967884, 0]
26	[-117.0861497615486, -1]
26	[-115.36215573211275, -2]
27	[-120.32379143967884, 0]
27	[-117.0861497615486, -1]
27	[-109.78133858943158, -2]
28	[-116.86887557716909, 0]
28	[-109.69718081398861, -2]
29	[-116.86887557716909, 0]
29	[-109.69718081398861, -2]
29	[-109.69718081398861, -2]
30	[-114.92143109398779, 0]
30	[-109.69718081398861, -2]
30	[-109.69718081398861, -2]
31	[-114.92143109398779, 0]
31	[-114.92143109398779, 0]
31	[-109.69718081398861, -2]
31	[-109.69718081398861, -2]
32	[-114.92143109398779, 0]
32	[-114.92143109398779, 0]
32	[-109.69718081398861, -2]
32	[-109.69718081398861, -2]
33	[-114.90721287834032, 0]
33	[-109.69718081398861, -2]
33	[-109.69718081398861, -2]
34	[-112.18456518858297, 0]
34	[-109.69718081398861, -2]
34	[-109.69718081398861, -2]
35	[-108.95483952409421, 0]
36	[-108.95483952409421, 0]
37	[-108.95483952409421, 0]
38	[-108.95483952409421, 0]
38	[-108.95483952409421, 0]
38	[-108.41438674740071, -2]
39	[-107.22226231454637, 0]
40	[-107.22226231454637, 0]
41	[-106.76380664978447, 0]
42	[-106.76380664978447, 0]
42	[-106.76380664978447, 0]
43	[-106.76380664978447, 0]
43	[-106.76380664978447, 0]
43	[-106.76380664978447, 0]
44	[-106.76380664978447, 0]
44	[-106.76380664978447, 0]
44	[-106.76380664978447, 0]
44	[-106.76380664978447, 0]
45	[-105.77875812653997, 0]
46	[-105.77875812653997, 0]
46	[-105.77875812653997, 0]
46	[-102.39374955501582, -1]
47	[-105.57612383994181, 0]
47	[-102.39374955501582, -1]
48	[-105.57612383994181, 0]
48	[-102.39374955501582, -1]
49	[-105.57612383994181, 0]
49	[-102.39374955501582, -1]
50	[-105.57612383994181, 0]
50	[-102.39374955501582, -1]
51	[-105.57612383994181, 0]
51	[-105.57612383994181, 0]
51	[-102.39374955501582, -1]
51	[-102.39374955501582, -1]
52	[-104.52654560162905, 0]
52	[-102.39374955501582, -1]
52	[-102.39374955501582, -1]
52	[-102.39374955501582, -1]
52	[-102.39374955501582, -1]
53	[-104.52654560162905, 0]
53	[-102.39374955501582, -1]
53	[-102.39374955501582, -1]
53	[-102.39374955501582, -1]
53	[-102.39374955501582, -1]
54	[-104.52654560162905, 0]
54	[-104.52654560162905, 0]
54	[-102.39374955501582, -1]
54	[-102.39374955501582, -1]
54	[-102.39374955501582, -1]
54	[-102.39374955501582, -1]
54	[-102.39374955501582, -1]
55	[-104.52654560162905, 0]
55	[-104.52654560162905, 0]
55	[-101.61159147435697, -1]
56	[-104.52654560162905, 0]
56	[-104.52654560162905, 0]
56	[-104.52654560162905, 0]
56	[-100.91876904630506, -1]
57	[-104.52654560162905, 0]
57	[-104.52654560162905, 0]
57	[-104.52654560162905, 0]
57	[-99.58980390013096, -1]
58	[-104.14010233670462, 0]
58	[-99.58980390013096, -1]
58	[-99.58980390013096, -1]
59	[-104.14010233670462, 0]
59	[-104.14010233670462, 0]
59	[-99.58980390013096, -1]
59	[-99.58980390013096, -1]
59	[-99.58980390013096, -1]
60	[-104.14010233670462, 0]
60	[-104.14010233670462, 0]
60	[-104.14010233670462, 0]
60	[-94.46412948943488, -1]
61	[-104.14010233670462, 0]
61	[-104.14010233670462, 0]
61	[-104.14010233670462, 0]
61	[-104.14010233670462, 0]
61	[-94.46412948943488, -1]
62	[-103.91888338739513, 0]
62	[-94.46412948943488, -1]
62	[-94.46412948943488, -1]
63	[-103.91888338739513, 0]
63	[-94.46412948943488, -1]
63	[-94.46412948943488, -1]
64	[-103.91888338739513, 0]
64	[-94.46412948943488, -1]
64	[-94.46412948943488, -1]
65	[-103.57364271581008, 0]
65	[-94.46412948943488, -1]
65	[-94.46412948943488, -1]
66	[-103.57364271581008, 0]
66	[-93.5678650603826, -1]
67	[-103.57364271581008, 0]
67	[-103.57364271581008, 0]
67	[-93.5678650603826, -1]
68	[-103.57364271581008, 0]
68	[-103.57364271581008, 0]
68	[-103.57364271581008, 0]
68	[-92.36649333384113, -1]
69	[-103.57364271581008, 0]
69	[-103.57364271581008, 0]
69	[-103.57364271581008, 0]
69	[-92.36649333384113, -1]
70	[-103.57364271581008, 0]
70	[-103.57364271581008, 0]
70	[-103.57364271581008, 0]
70	[-103.57364271581008, 0]
70	[-92.36649333384113, -1]
70	[-92.36649333384113, -1]
71	[-103.57364271581008, 0]
71	[-103.57364271581008, 0]
71	[-103.57364271581008, 0]
71	[-103.57364271581008, 0]
71	[-103.57364271581008, 0]
71	[-92.36649333384113, -1]
71	[-92.36649333384113, -1]
71	[-92.36649333384113, -1]
72	[-103.57364271581008, 0]
72	[-103.57364271581008, 0]
72	[-103.57364271581008, 0]
72	[-103.57364271581008, 0]
72	[-103.57364271581008, 0]
72	[-103.57364271581008, 0]
72	[-103.57364271581008, 0]
72	[-103.57364271581008, 0]
72	[-91.98996865087187, -1]
73	[-103.57364271581008, 0]
73	[-103.57364271581008, 0]
73	[-103.57364271581008, 0]
73	[-103.57364271581008, 0]
73	[-103.57364271581008, 0]
73	[-103.57364271581008, 0]
73	[-103.57364271581008, 0]
73	[-103.57364271581008, 0]
73	[-103.57364271581008, 0]
73	[-103.57364271581008, 0]
73	[-103.57364271581008, 0]
73	[-103.57364271581008, 0]
73	[-103.57364271581008, 0]
73	[-91.98996865087187, -1]
74	[-103.55318006546764, 0]
74	[-91.98996865087187, -1]
74	[-91.98996865087187, -1]
74	[-91.98996865087187, -1]
75	[-103.18555156943614, 0]
75	[-91.98996865087187, -1]
75	[-91.98996865087187, -1]
75	[-91.98996865087187, -1]
75	[-91.98996865087187, -1]
75	[-91.98996865087187, -1]
76	[-103.18555156943614, 0]
76	[-103.18555156943614, 0]
76	[-91.98996865087187, -1]
76	[-91.98996865087187, -1]
76	[-91.98996865087187, -1]
76	[-91.98996865087187, -1]
76	[-91.98996865087187, -1]
76	[-91.98996865087187, -1]
76	[-91.98996865087187, -1]
76	[-91.98996865087187, -1]
77	[-103.13102040544344, 0]
77	[-91.98996865087187, -1]
77	[-91.98996865087187, -1]
77	[-91.98996865087187, -1]
77	[-91.98996865087187, -1]
77	[-91.98996865087187, -1]
77	[-91.98996865087187, -1]
77	[-91.98996865087187, -1]
77	[-91.98996865087187, -1]
77	[-91.98996865087187, -1]
78	[-103.13102040544344, 0]
78	[-91.8923514331362, -1]
79	[-103.13102040544344, 0]
79	[-91.8923514331362, -1]
80	[-103.13102040544344, 0]
80	[-103.13102040544344, 0]
80	[-91.8923514331362, -1]
81	[-103.13102040544344, 0]
81	[-103.13102040544344, 0]
81	[-103.13102040544344, 0]
81	[-103.13102040544344, 0]
81	[-91.8923514331362, -1]
82	[-103.06344119903484, 0]
82	[-91.8923514331362, -1]
83	[-103.06344119903484, 0]
83	[-91.8923514331362, -1]
84	[-103.06344119903484, 0]
84	[-103.06344119903484, 0]
84	[-91.55047576934561, -1]
85	[-103.06344119903484, 0]
85	[-103.06344119903484, 0]
85	[-91.55047576934561, -1]
86	[-103.06344119903484, 0]
86	[-103.06344119903484, 0]
86	[-91.55047576934561, -1]
87	[-103.03353956939006, 0]
87	[-91.55047576934561, -1]
88	[-103.03353956939006, 0]
88	[-91.55047576934561, -1]
88	[-91.55047576934561, -1]
89	[-103.03353956939006, 0]
89	[-103.03353956939006, 0]
89	[-91.55047576934561, -1]
89	[-91.55047576934561, -1]
90	[-103.03353956939006, 0]
90	[-103.03353956939006, 0]
90	[-103.03353956939006, 0]
90	[-91.55047576934561, -1]
90	[-91.55047576934561, -1]
90	[-91.55047576934561, -1]
91	[-103.03353956939006, 0]
91	[-103.03353956939006, 0]
91	[-103.03353956939006, 0]
91	[-91.55047576934561, -1]
91	[-91.55047576934561, -1]
91	[-91.55047576934561, -1]
91	[-91.55047576934561, -1]
92	[-103.03353956939006, 0]
92	[-103.03353956939006, 0]
92	[-103.03353956939006, 0]
92	[-90.58092017769316, -1]
93	[-103.02906291052979, 0]
93	[-90.57289056831905, -1]
94	[-103.02906291052979, 0]
94	[-90.57289056831905, -1]
95	[-103.01333207413721, 0]
95	[-90.57289056831905, -1]
96	[-102.52273986380672, 0]
96	[-90.57289056831905, -1]
97	[-102.49586554471662, 0]
97	[-90.11228373266762, -1]
98	[-102.49586554471662, 0]
98	[-90.11228373266762, -1]
98	[-90.11228373266762, -1]
99	[-102.49586554471662, 0]
99	[-90.11228373266762, -1]
99	[-90.11228373266762, -1]
100	[-102.49586554471662, 0]
100	[-90.11228373266762, -1]
100	[-90.11228373266762, -1]
100	[-90.11228373266762, -1]
101	[-102.49586554471662, 0]
101	[-102.49586554471662, 0]
101	[-90.11228373266762, -1]
101	[-90.11228373266762, -1]
101	[-90.11228373266762, -1]
101	[-90.11228373266762, -1]
102	[-102.49586554471662, 0]
102	[-102.49586554471662, 0]
102	[-90.11228373266762, -1]
102	[-90.11228373266762, -1]
102	[-90.11228373266762, -1]
102	[-90.11228373266762, -1]
102	[-90.11228373266762, -1]
103	[-102.49586554471662, 0]
103	[-102.49586554471662, 0]
103	[-102.49586554471662, 0]
103	[-90.11228373266762, -1]
103	[-90.11228373266762, -1]
103	[-90.11228373266762, -1]
103	[-90.11228373266762, -1]
103	[-90.11228373266762, -1]
103	[-90.11228373266762, -1]
103	[-90.11228373266762, -1]
103	[-90.11228373266762, -1]
104	[-102.49586554471662, 0]
104	[-102.49586554471662, 0]
104	[-102.49586554471662, 0]
104	[-102.49586554471662, 0]
104	[-89.48643488582557, -1]
105	[-102.48336347376869, 0]
105	[-89.48643488582557, -1]
106	[-102.48336347376869, 0]
106	[-102.48336347376869, 0]
106	[-89.48643488582557, -1]
107	[-102.48336347376869, 0]
107	[-102.48336347376869, 0]
107	[-102.48336347376869, 0]
107	[-102.48336347376869, 0]
107	[-89.48643488582557, -1]
108	[-102.4591095950334, 0]
108	[-89.48643488582557, -1]
109	[-101.7802335871499, 0]
109	[-89.48643488582557, -1]
110	[-101.7802335871499, 0]
110	[-101.7802335871499, 0]
110	[-89.48643488582557, -1]
111	[-101.7802335871499, 0]
111	[-101.7802335871499, 0]
111	[-89.48466084284371, -1]
112	[-101.7802335871499, 0]
112	[-101.7802335871499, 0]
112	[-101.7802335871499, 0]
112	[-89.48466084284371, -1]
113	[-101.16587710489077, 0]
113	[-89.48466084284371, -1]
114	[-101.16587710489077, 0]
114	[-89.48466084284371, -1]
115	[-101.16587710489077, 0]
115	[-89.48344286397678, -1]
116	[-101.16587710489077, 0]
116	[-89.48344286397678, -1]
117	[-101.16587710489077, 0]
117	[-89.48344286397678, -1]
117	[-89.48344286397678, -1]
118	[-101.16457689661854, 0]
118	[-89.48344286397678, -1]
118	[-89.48344286397678, -1]
118	[-89.48344286397678, -1]
119	[-101.16457689661854, 0]
119	[-101.16457689661854, 0]
119	[-89.48344286397678, -1]
119	[-89.48344286397678, -1]
119	[-89.48344286397678, -1]
119	[-89.48344286397678, -1]
119	[-89.48344286397678, -1]
120	[-101.16457689661854, 0]
120	[-101.16457689661854, 0]
120	[-89.473297742335, -1]
121	[-101.16457689661854, 0]
121	[-101.16457689661854, 0]
121	[-89.41235190434848, -1]
122	[-101.16457689661854, 0]
122	[-101.16457689661854, 0]
122	[-89.41235190434848, -1]
123	[-101.13607378914976, 0]
123	[-85.56738973069952, -1]
124	[-100.95865626200829, 0]
124	[-85.56738973069952, -1]
125	[-100.95865626200829, 0]
125	[-85.56738973069952, -1]
126	[-100.95865626200829, 0]
126	[-100.95865626200829, 0]
126	[-85.54581020537313, -1]
127	[-100.95341825662237, 0]
127	[-85.54581020537313, -1]
127	[-85.54581020537313, -1]
128	[-100.95341825662237, 0]
128	[-85.54581020537313, -1]
128	[-85.54581020537313, -1]
129	[-100.93722834873793, 0]
129	[-85.14400621676664, -1]
130	[-100.89142010925416, 0]
130	[-85.14400621676664, -1]
131	[-100.89142010925416, 0]
131	[-85.14400621676664, -1]
132	[-100.89142010925416, 0]
132	[-100.89142010925416, 0]
132	[-85.13306270750495, -1]
133	[-100.88607474942243, 0]
133	[-85.13306270750495, -1]
134	[-100.88607474942243, 0]
134	[-85.13306270750495, -1]
135	[-100.88607474942243, 0]
135	[-85.13306270750495, -1]
136	[-100.88607474942243, 0]
136	[-85.13306270750495, -1]
137	[-100.88607474942243, 0]
137	[-85.13306270750495, -1]
138	[-100.88607474942243, 0]
138	[-85.13306270750495, -1]
139	[-100.88607474942243, 0]
139	[-85.13306270750495, -1]
140	[-100.88607474942243, 0]
140	[-85.13306270750495, -1]
141	[-100.88607474942243, 0]
141	[-85.13306270750495, -1]
141	[-85.13306270750495, -1]
141	[-85.13306270750495, -1]
142	[-100.87654489276137, 0]
142	[-85.13306270750495, -1]
142	[-85.13306270750495, -1]
142	[-85.13306270750495, -1]
142	[-85.13306270750495, -1]
142	[-85.13306270750495, -1]
142	[-85.13306270750495, -1]
143	[-100.87654489276137, 0]
143	[-100.87654489276137, 0]
143	[-100.87654489276137, 0]
143	[-85.13306270750495, -1]
143	[-85.13306270750495, -1]
143	[-85.13306270750495, -1]
143	[-85.13306270750495, -1]
143	[-85.13306270750495, -1]
143	[-85.13306270750495, -1]
143	[-85.13306270750495, -1]
143	[-85.13306270750495, -1]
144	[-100.87654489276137, 0]
144	[-100.87654489276137, 0]
144	[-100.87654489276137, 0]
144	[-85.13306270750495, -1]
144	[-85.13306270750495, -1]
144	[-85.13306270750495, -1]
144	[-85.13306270750495, -1]
144	[-85.13306270750495, -1]
144	[-85.13306270750495, -1]
144	[-85.13306270750495, -1]
144	[-85.13306270750495, -1]
144	[-85.13306270750495, -1]
144	[-85.13306270750495, -1]
144	[-85.13306270750495, -1]
144	[-85.13306270750495, -1]
145	[-100.87654489276137, 0]
145	[-100.87654489276137, 0]
145	[-100.87654489276137, 0]
145	[-85.11531920127447, -1]
146	[-100.87654489276137, 0]
146	[-100.87654489276137, 0]
146	[-100.87654489276137, 0]
146	[-100.87654489276137, 0]
146	[-100.87654489276137, 0]
146	[-84.84034232524863, -1]
147	[-100.87654489276137, 0]
147	[-100.87654489276137, 0]
147	[-100.87654489276137, 0]
147	[-100.87654489276137, 0]
147	[-100.87654489276137, 0]
147	[-100.87654489276137, 0]
147	[-100.87654489276137, 0]
147	[-100.87654489276137, 0]
147	[-84.84034232524863, -1]
147	[-84.84034232524863, -1]
147	[-84.84034232524863, -1]
148	[-100.87654489276137, 0]
148	[-100.87654489276137, 0]
148	[-100.87654489276137, 0]
148	[-100.87654489276137, 0]
148	[-100.87654489276137, 0]
148	[-100.87654489276137, 0]
148	[-100.87654489276137, 0]
148	[-100.87654489276137, 0]
148	[-100.87654489276137, 0]
148	[-100.87654489276137, 0]
148	[-100.87654489276137, 0]
148	[-100.87654489276137, 0]
148	[-100.87654489276137, 0]
148	[-100.87654489276137, 0]
148	[-84.84034232524863, -1]
148	[-84.84034232524863, -1]
148	[-84.84034232524863, -1]
148	[-84.84034232524863, -1]
149	[-100.87654489276137, 0]
149	[-100.87654489276137, 0]
149	[-100.87654489276137, 0]
149	[-100.87654489276137, 0]
149	[-100.87654489276137, 0]
149	[-100.87654489276137, 0]
149	[-100.87654489276137, 0]
149	[-100.87654489276137, 0]
149	[-100.87654489276137, 0]
149	[-100.87654489276137, 0]
149	[-100.87654489276137, 0]
149	[-100.87654489276137, 0]
149	[-100.87654489276137, 0]
149	[-100.87654489276137, 0]
149	[-100.87654489276137, 0]
149	[-100.87654489276137, 0]
149	[-100.87654489276137, 0]
149	[-100.87654489276137, 0]
149	[-100.87654489276137, 0]
149	[-100.87654489276137, 0]
149	[-100.87654489276137, 0]
149	[-84.84034232524863, -1]
149	[-84.84034232524863, -1]
149	[-84.84034232524863, -1]
149	[-84.84034232524863, -1]
149	[-84.84034232524863, -1]
150	[-100.78844629298094, 0]
150	[-84.84034232524863, -1]
150	[-84.84034232524863, -1]
150	[-84.84034232524863, -1]
150	[-84.84034232524863, -1]
150	[-84.84034232524863, -1]
151	[-100.78844629298094, 0]
151	[-84.84034232524863, -1]
151	[-84.84034232524863, -1]
151	[-84.84034232524863, -1]
151	[-84.84034232524863, -1]
151	[-84.84034232524863, -1]
151	[-84.84034232524863, -1]
152	[-100.73443808593989, 0]
152	[-84.74572713948278, -1]
153	[-100.73443808593989, 0]
153	[-84.74572713948278, -1]
153	[-84.74572713948278, -1]
154	[-100.73443808593989, 0]
154	[-100.73443808593989, 0]
154	[-84.74572713948278, -1]
154	[-84.74572713948278, -1]
155	[-100.73443808593989, 0]
155	[-100.73443808593989, 0]
155	[-84.74572713948278, -1]
155	[-84.74572713948278, -1]
155	[-84.74572713948278, -1]
156	[-100.73443808593989, 0]
156	[-100.73443808593989, 0]
156	[-84.74572713948278, -1]
156	[-84.74572713948278, -1]
156	[-84.74572713948278, -1]
156	[-84.74572713948278, -1]
157	[-100.73443808593989, 0]
157	[-100.73443808593989, 0]
157	[-84.74572713948278, -1]
157	[-84.74572713948278, -1]
157	[-84.74572713948278, -1]
157	[-84.74572713948278, -1]
157	[-84.74572713948278, -1]
158	[-100.73443808593989, 0]
158	[-100.73443808593989, 0]
158	[-84.74572713948278, -1]
158	[-84.74572713948278, -1]
158	[-84.74572713948278, -1]
158	[-84.74572713948278, -1]
158	[-84.74572713948278, -1]
159	[-100.73443808593989, 0]
159	[-100.73443808593989, 0]
159	[-100.73443808593989, 0]
159	[-84.7396483645867, -1]
160	[-100.73443808593989, 0]
160	[-100.73443808593989, 0]
160	[-100.73443808593989, 0]
160	[-100.73443808593989, 0]
160	[-84.7396483645867, -1]
160	[-84.7396483645867, -1]
160	[-84.7396483645867, -1]
161	[-100.72407679885863, 0]
161	[-84.7396483645867, -1]
161	[-84.7396483645867, -1]
161	[-84.7396483645867, -1]
161	[-84.7396483645867, -1]
162	[-100.72407679885863, 0]
162	[-84.7396483645867, -1]
162	[-84.7396483645867, -1]
162	[-84.7396483645867, -1]
162	[-84.7396483645867, -1]
163	[-100.72407679885863, 0]
163	[-100.72407679885863, 0]
163	[-100.72407679885863, 0]
163	[-84.73574528606676, -1]
164	[-100.72407679885863, 0]
164	[-100.72407679885863, 0]
164	[-100.72407679885863, 0]
164	[-83.68776547312035, -1]
165	[-100.72407679885863, 0]
165	[-100.72407679885863, 0]
165	[-100.72407679885863, 0]
165	[-100.72407679885863, 0]
165	[-100.72407679885863, 0]
165	[-100.72407679885863, 0]
165	[-83.68776547312035, -1]
165	[-83.68776547312035, -1]
166	[-100.64921452608326, 0]
166	[-83.68776547312035, -1]
166	[-83.68776547312035, -1]
167	[-100.64921452608326, 0]
167	[-83.68776547312035, -1]
167	[-83.68776547312035, -1]
168	[-100.64921452608326, 0]
168	[-83.65920080606125, -1]
169	[-100.64526951365197, 0]
169	[-83.65920080606125, -1]
170	[-100.64526951365197, 0]
170	[-100.64526951365197, 0]
170	[-83.6499875369025, -1]
171	[-100.61565729700938, 0]
171	[-83.6499875369025, -1]
172	[-100.61565729700938, 0]
172	[-83.58736009544415, -1]
173	[-100.61565729700938, 0]
173	[-83.57877962239431, -1]
174	[-100.6147375100819, 0]
174	[-83.51855583324146, -1]
175	[-100.6147375100819, 0]
175	[-83.51855583324146, -1]
176	[-100.59905869158632, 0]
176	[-83.48063433558454, -1]
177	[-100.59905869158632, 0]
177	[-83.48063433558454, -1]
177	[-83.48063433558454, -1]
178	[-100.59905869158632, 0]
178	[-100.59905869158632, 0]
178	[-83.48063433558454, -1]
178	[-83.48063433558454, -1]
178	[-83.48063433558454, -1]
178	[-83.48063433558454, -1]
179	[-100.41887789531593, 0]
179	[-83.48063433558454, -1]
179	[-83.48063433558454, -1]
179	[-83.48063433558454, -1]
179	[-83.48063433558454, -1]
179	[-83.48063433558454, -1]
180	[-100.41887789531593, 0]
180	[-83.48063433558454, -1]
180	[-83.48063433558454, -1]
180	[-83.48063433558454, -1]
180	[-83.48063433558454, -1]
180	[-83.48063433558454, -1]
181	[-100.41887789531593, 0]
181	[-83.48063433558454, -1]
181	[-83.48063433558454, -1]
181	[-83.48063433558454, -1]
181	[-83.48063433558454, -1]
181	[-83.48063433558454, -1]
181	[-83.48063433558454, -1]
182	[-100.41887789531593, 0]
182	[-83.11094445119136, -1]
183	[-100.40426537531171, 0]
183	[-83.11094445119136, -1]
184	[-100.40426537531171, 0]
184	[-100.40426537531171, 0]
184	[-83.11094445119136, -1]
184	[-83.11094445119136, -1]
185	[-100.40426537531171, 0]
185	[-100.40426537531171, 0]
185	[-100.40426537531171, 0]
185	[-100.40426537531171, 0]
185	[-83.11094445119136, -1]
185	[-83.11094445119136, -1]
185	[-83.11094445119136, -1]
186	[-100.40426537531171, 0]
186	[-100.40426537531171, 0]
186	[-100.40426537531171, 0]
186	[-100.40426537531171, 0]
186	[-83.11094445119136, -1]
186	[-83.11094445119136, -1]
186	[-83.11094445119136, -1]
186	[-83.11094445119136, -1]
186	[-83.11094445119136, -1]
186	[-83.11094445119136, -1]
187	[-100.40426537531171, 0]
187	[-100.40426537531171, 0]
187	[-100.40426537531171, 0]
187	[-100.40426537531171, 0]
187	[-100.40426537531171, 0]
187	[-100.40426537531171, 0]
187	[-83.10247131499173, -1]
188	[-100.40426537531171, 0]
188	[-100.40426537531171, 0]
188	[-100.40426537531171, 0]
188	[-100.40426537531171, 0]
188	[-100.40426537531171, 0]
188	[-100.40426537531171, 0]
188	[-100.40426537531171, 0]
188	[-100.40426537531171, 0]
188	[-83.10247131499173, -1]
189	[-100.40426537531171, 0]
189	[-100.40426537531171, 0]
189	[-100.40426537531171, 0]
189	[-100.40426537531171, 0]
189	[-100.40426537531171, 0]
189	[-100.40426537531171, 0]
189	[-100.40426537531171, 0]
189	[-100.40426537531171, 0]
189	[-100.40426537531171, 0]
189	[-100.40426537531171, 0]
189	[-83.10247131499173, -1]
190	[-100.38896435262957, 0]
190	[-83.10247131499173, -1]
191	[-100.38896435262957, 0]
191	[-83.0481258642796, -1]
192	[-100.38567359801283, 0]
192	[-83.0481258642796, -1]
193	[-100.38567359801283, 0]
193	[-100.38567359801283, 0]
193	[-83.0481258642796, -1]
194	[-100.38567359801283, 0]
194	[-100.38567359801283, 0]
194	[-83.0481258642796, -1]
194	[-83.0481258642796, -1]
195	[-100.38567359801283, 0]
195	[-100.38567359801283, 0]
195	[-83.0481258642796, -1]
195	[-83.0481258642796, -1]
196	[-100.38567359801283, 0]
196	[-100.38567359801283, 0]
196	[-100.38567359801283, 0]
196	[-100.38567359801283, 0]
196	[-83.0481258642796, -1]
196	[-83.0481258642796, -1]
197	[-100.38567359801283, 0]
197	[-100.38567359801283, 0]
197	[-100.38567359801283, 0]
197	[-100.38567359801283, 0]
197	[-100.38567359801283, 0]
197	[-100.38567359801283, 0]
197	[-100.38567359801283, 0]
197	[-100.38567359801283, 0]
197	[-83.0481258642796, -1]
197	[-83.0481258642796, -1]
197	[-83.0481258642796, -1]
197	[-83.0481258642796, -1]
198	[-100.38567359801283, 0]
198	[-100.38567359801283, 0]
198	[-100.38567359801283, 0]
198	[-100.38567359801283, 0]
198	[-100.38567359801283, 0]
198	[-100.38567359801283, 0]
198	[-100.38567359801283, 0]
198	[-100.38567359801283, 0]
198	[-100.38567359801283, 0]
198	[-83.0481258642796, -1]
198	[-83.0481258642796, -1]
198	[-83.0481258642796, -1]
198	[-83.0481258642796, -1]
199	[-100.38567359801283, 0]
199	[-100.38567359801283, 0]
199	[-100.38567359801283, 0]
199	[-100.38567359801283, 0]
199	[-100.38567359801283, 0]
199	[-100.38567359801283, 0]
199	[-100.38567359801283, 0]
199	[-100.38567359801283, 0]
199	[-100.38567359801283, 0]
199	[-100.38567359801283, 0]
199	[-100.38567359801283, 0]
199	[-100.38567359801283, 0]
199	[-100.38567359801283, 0]
199	[-100.38567359801283, 0]
199	[-100.38567359801283, 0]
199	[-83.0481258642796, -1]
199	[-83.0481258642796, -1]
199	[-83.0481258642796, -1]
199	[-83.0481258642796, -1]
199	[-83.0481258642796, -1]
200	[-100.38567359801283, 0]
200	[-100.38567359801283, 0]
200	[-100.38567359801283, 0]
200	[-100.38567359801283, 0]
200	[-100.38567359801283, 0]
200	[-100.38567359801283, 0]
200	[-100.38567359801283, 0]
200	[-100.38567359801283, 0]
200	[-100.38567359801283, 0]
200	[-100.38567359801283, 0]
200	[-100.38567359801283, 0]
200	[-100.38567359801283, 0]
200	[-100.38567359801283, 0]
200	[-100.38567359801283, 0]
200	[-100.38567359801283, 0]
200	[-100.38567359801283, 0]
200	[-100.38567359801283, 0]
200	[-100.38567359801283, 0]
200	[-100.38567359801283, 0]
200	[-83.0481258642796, -1]
200	[-83.0481258642796, -1]
200	[-83.0481258642796, -1]
200	[-83.0481258642796, -1]
200	[-83.0481258642796, -1]
200	[-83.0481258642796, -1]
201	[-100.38567359801283, 0]
201	[-100.38567359801283, 0]
201	[-100.38567359801283, 0]
201	[-100.38567359801283, 0]
201	[-100.38567359801283, 0]
201	[-100.38567359801283, 0]
201	[-100.38567359801283, 0]
201	[-100.38567359801283, 0]
201	[-100.38567359801283, 0]
201	[-100.38567359801283, 0]
201	[-100.38567359801283, 0]
201	[-100.38567359801283, 0]
201	[-100.38567359801283, 0]
201	[-100.38567359801283, 0]
201	[-100.38567359801283, 0]
201	[-100.38567359801283, 0]
201	[-100.38567359801283, 0]
201	[-100.38567359801283, 0]
201	[-100.38567359801283, 0]
201	[-100.38567359801283, 0]
201	[-100.38567359801283, 0]
201	[-100.38567359801283, 0]
201	[-83.0481258642796, -1]
201	[-83.0481258642796, -1]
201	[-83.0481258642796, -1]
201	[-83.0481258642796, -1]
201	[-83.0481258642796, -1]
201	[-83.0481258642796, -1]
202	[-100.38567359801283, 0]
202	[-100.38567359801283, 0]
202	[-100.38567359801283, 0]
202	[-100.38567359801283, 0]
202	[-100.38567359801283, 0]
202	[-100.38567359801283, 0]
202	[-100.38567359801283, 0]
202	[-100.38567359801283, 0]
202	[-100.38567359801283, 0]
202	[-100.38567359801283, 0]
202	[-100.38567359801283, 0]
202	[-100.38567359801283, 0]
202	[-100.38567359801283, 0]
202	[-100.38567359801283, 0]
202	[-100.38567359801283, 0]
202	[-100.38567359801283, 0]
202	[-100.38567359801283, 0]
202	[-100.38567359801283, 0]
202	[-100.38567359801283, 0]
202	[-100.38567359801283, 0]
202	[-100.38567359801283, 0]
202	[-100.38567359801283, 0]
202	[-100.38567359801283, 0]
202	[-100.38567359801283, 0]
202	[-100.38567359801283, 0]
202	[-100.38567359801283, 0]
202	[-100.38567359801283, 0]
202	[-83.0481258642796, -1]
202	[-83.0481258642796, -1]
202	[-83.0481258642796, -1]
202	[-83.0481258642796, -1]
202	[-83.0481258642796, -1]
202	[-83.0481258642796, -1]
203	[-100.38567359801283, 0]
203	[-100.38567359801283, 0]
203	[-100.38567359801283, 0]
203	[-100.38567359801283, 0]
203	[-100.38567359801283, 0]
203	[-100.38567359801283, 0]
203	[-100.38567359801283, 0]
203	[-100.38567359801283, 0]
203	[-100.38567359801283, 0]
203	[-100.38567359801283, 0]
203	[-100.38567359801283, 0]
203	[-100.38567359801283, 0]
203	[-100.38567359801283, 0]
203	[-100.38567359801283, 0]
203	[-100.38567359801283, 0]
203	[-100.38567359801283, 0]
203	[-100.38567359801283, 0]
203	[-100.38567359801283, 0]
203	[-100.38567359801283, 0]
203	[-100.38567359801283, 0]
203	[-100.38567359801283, 0]
203	[-100.38567359801283, 0]
203	[-100.38567359801283, 0]
203	[-100.38567359801283, 0]
203	[-100.38567359801283, 0]
203	[-100.38567359801283, 0]
203	[-100.38567359801283, 0]
203	[-100.38567359801283, 0]
203	[-100.38567359801283, 0]
203	[-100.38567359801283, 0]
203	[-83.0481258642796, -1]
203	[-83.0481258642796, -1]
203	[-83.0481258642796, -1]
203	[-83.0481258642796, -1]
203	[-83.0481258642796, -1]
203	[-83.0481258642796, -1]
203	[-83.0481258642796, -1]
204	[-100.38567359801283, 0]
204	[-100.38567359801283, 0]
204	[-100.38567359801283, 0]
204	[-100.38567359801283, 0]
204	[-100.38567359801283, 0]
204	[-100.38567359801283, 0]
204	[-100.38567359801283, 0]
204	[-100.38567359801283, 0]
204	[-100.38567359801283, 0]
204	[-100.38567359801283, 0]
204	[-100.38567359801283, 0]
204	[-100.38567359801283, 0]
204	[-100.38567359801283, 0]
204	[-100.38567359801283, 0]
204	[-100.38567359801283, 0]
204	[-100.38567359801283, 0]
204	[-100.38567359801283, 0]
204	[-100.38567359801283, 0]
204	[-100.38567359801283, 0]
204	[-100.38567359801283, 0]
204	[-100.38567359801283, 0]
204	[-100.38567359801283, 0]
204	[-100.38567359801283, 0]
204	[-100.38567359801283, 0]
204	[-100.38567359801283, 0]
204	[-100.38567359801283, 0]
204	[-100.38567359801283, 0]
204	[-100.38567359801283, 0]
204	[-100.38567359801283, 0]
204	[-100.38567359801283, 0]
204	[-100.38567359801283, 0]
204	[-100.38567359801283, 0]
204	[-83.0481258642796, -1]
204	[-83.0481258642796, -1]
204	[-83.0481258642796, -1]
204	[-83.0481258642796, -1]
204	[-83.0481258642796, -1]
204	[-83.0481258642796, -1]
204	[-83.0481258642796, -1]
204	[-83.0481258642796, -1]
205	[-100.38567359801283, 0]
205	[-100.38567359801283, 0]
205	[-100.38567359801283, 0]
205	[-100.38567359801283, 0]
205	[-100.38567359801283, 0]
205	[-100.38567359801283, 0]
205	[-100.38567359801283, 0]
205	[-100.38567359801283, 0]
205	[-100.38567359801283, 0]
205	[-100.38567359801283, 0]
205	[-100.38567359801283, 0]
205	[-100.38567359801283, 0]
205	[-100.38567359801283, 0]
205	[-100.38567359801283, 0]
205	[-100.38567359801283, 0]
205	[-100.38567359801283, 0]
205	[-100.38567359801283, 0]
205	[-100.38567359801283, 0]
205	[-100.38567359801283, 0]
205	[-100.38567359801283, 0]
205	[-100.38567359801283, 0]
205	[-100.38567359801283, 0]
205	[-100.38567359801283, 0]
205	[-100.38567359801283, 0]
205	[-100.38567359801283, 0]
205	[-100.38567359801283, 0]
205	[-100.38567359801283, 0]
205	[-100.38567359801283, 0]
205	[-100.38567359801283, 0]
205	[-100.38567359801283, 0]
205	[-100.38567359801283, 0]
205	[-100.38567359801283, 0]
205	[-100.38567359801283, 0]
205	[-100.38567359801283, 0]
205	[-100.38567359801283, 0]
205	[-83.0481258642796, -1]
205	[-83.0481258642796, -1]
205	[-83.0481258642796, -1]
205	[-83.0481258642796, -1]
205	[-83.0481258642796, -1]
205	[-83.0481258642796, -1]
205	[-83.0481258642796, -1]
205	[-83.0481258642796, -1]
205	[-83.0481258642796, -1]
206	[-100.38567359801283, 0]
206	[-100.38567359801283, 0]
206	[-100.38567359801283, 0]
206	[-100.38567359801283, 0]
206	[-100.38567359801283, 0]
206	[-100.38567359801283, 0]
206	[-100.38567359801283, 0]
206	[-100.38567359801283, 0]
206	[-100.38567359801283, 0]
206	[-100.38567359801283, 0]
206	[-100.38567359801283, 0]
206	[-100.38567359801283, 0]
206	[-100.38567359801283, 0]
206	[-100.38567359801283, 0]
206	[-100.38567359801283, 0]
206	[-100.38567359801283, 0]
206	[-100.38567359801283, 0]
206	[-100.38567359801283, 0]
206	[-100.38567359801283, 0]
206	[-100.38567359801283, 0]
206	[-100.38567359801283, 0]
206	[-100.38567359801283, 0]
206	[-100.38567359801283, 0]
206	[-100.38567359801283, 0]
206	[-100.38567359801283, 0]
206	[-100.38567359801283, 0]
206	[-100.38567359801283, 0]
206	[-100.38567359801283, 0]
206	[-100.38567359801283, 0]
206	[-100.38567359801283, 0]
206	[-100.38567359801283, 0]
206	[-100.38567359801283, 0]
206	[-100.38567359801283, 0]
206	[-100.38567359801283, 0]
206	[-100.38567359801283, 0]
206	[-100.38567359801283, 0]
206	[-100.38567359801283, 0]
206	[-100.38567359801283, 0]
206	[-83.0481258642796, -1]
206	[-83.0481258642796, -1]
206	[-83.0481258642796, -1]
206	[-83.0481258642796, -1]
206	[-83.0481258642796, -1]
206	[-83.0481258642796, -1]
206	[-83.0481258642796, -1]
206	[-83.0481258642796, -1]
206	[-83.0481258642796, -1]
206	[-83.0481258642796, -1]
207	[-100.38567359801283, 0]
207	[-100.38567359801283, 0]
207	[-100.38567359801283, 0]
207	[-100.38567359801283, 0]
207	[-100.38567359801283, 0]
207	[-100.38567359801283, 0]
207	[-100.38567359801283, 0]
207	[-100.38567359801283, 0]
207	[-100.38567359801283, 0]
207	[-100.38567359801283, 0]
207	[-100.38567359801283, 0]
207	[-100.38567359801283, 0]
207	[-100.38567359801283, 0]
207	[-100.38567359801283, 0]
207	[-100.38567359801283, 0]
207	[-100.38567359801283, 0]
207	[-100.38567359801283, 0]
207	[-100.38567359801283, 0]
207	[-100.38567359801283, 0]
207	[-100.38567359801283, 0]
207	[-100.38567359801283, 0]
207	[-100.38567359801283, 0]
207	[-100.38567359801283, 0]
207	[-100.38567359801283, 0]
207	[-100.38567359801283, 0]
207	[-100.38567359801283, 0]
207	[-100.38567359801283, 0]
207	[-100.38567359801283, 0]
207	[-100.38567359801283, 0]
207	[-100.38567359801283, 0]
207	[-100.38567359801283, 0]
207	[-100.38567359801283, 0]
207	[-100.38567359801283, 0]
207	[-100.38567359801283, 0]
207	[-100.38567359801283, 0]
207	[-100.38567359801283, 0]
207	[-100.38567359801283, 0]
207	[-100.38567359801283, 0]
207	[-100.38567359801283, 0]
207	[-83.0481258642796, -1]
207	[-83.0481258642796, -1]
207	[-83.0481258642796, -1]
207	[-83.0481258642796, -1]
207	[-83.0481258642796, -1]
207	[-83.0481258642796, -1]
207	[-83.0481258642796, -1]
207	[-83.0481258642796, -1]
207	[-83.0481258642796, -1]
207	[-83.0481258642796, -1]
208	[-100.38052651863067, 0]
208	[-83.0481258642796, -1]
208	[-83.0481258642796, -1]
208	[-83.0481258642796, -1]
208	[-83.0481258642796, -1]
208	[-83.0481258642796, -1]
208	[-83.0481258642796, -1]
208	[-83.0481258642796, -1]
208	[-83.0481258642796, -1]
208	[-83.0481258642796, -1]
208	[-83.0481258642796, -1]
208	[-83.0481258642796, -1]
209	[-100.38052651863067, 0]
209	[-100.38052651863067, 0]
209	[-83.0481258642796, -1]
209	[-83.0481258642796, -1]
209	[-83.0481258642796, -1]
209	[-83.0481258642796, -1]
209	[-83.0481258642796, -1]
209	[-83.0481258642796, -1]
209	[-83.0481258642796, -1]
209	[-83.0481258642796, -1]
209	[-83.0481258642796, -1]
209	[-83.0481258642796, -1]
209	[-83.0481258642796, -1]
209	[-83.0481258642796, -1]
209	[-83.0481258642796, -1]
210	[-100.38052651863067, 0]
210	[-100.38052651863067, 0]
210	[-83.0481258642796, -1]
210	[-83.0481258642796, -1]
210	[-83.0481258642796, -1]
210	[-83.0481258642796, -1]
210	[-83.0481258642796, -1]
210	[-83.0481258642796, -1]
210	[-83.0481258642796, -1]
210	[-83.0481258642796, -1]
210	[-83.0481258642796, -1]
210	[-83.0481258642796, -1]
210	[-83.0481258642796, -1]
210	[-83.0481258642796, -1]
210	[-83.0481258642796, -1]
210	[-83.0481258642796, -1]
210	[-83.0481258642796, -1]
210	[-83.0481258642796, -1]
210	[-83.0481258642796, -1]
211	[-100.38052651863067, 0]
211	[-100.38052651863067, 0]
211	[-100.38052651863067, 0]
211	[-83.0481258642796, -1]
211	[-83.0481258642796, -1]
211	[-83.0481258642796, -1]
211	[-83.0481258642796, -1]
211	[-83.0481258642796, -1]
211	[-83.0481258642796, -1]
211	[-83.0481258642796, -1]
211	[-83.0481258642796, -1]
211	[-83.0481258642796, -1]
211	[-83.0481258642796, -1]
211	[-83.0481258642796, -1]
211	[-83.0481258642796, -1]
211	[-83.0481258642796, -1]
211	[-83.0481258642796, -1]
211	[-83.0481258642796, -1]
211	[-83.0481258642796, -1]
211	[-83.0481258642796, -1]
211	[-83.0481258642796, -1]
211	[-83.0481258642796, -1]
211	[-83.0481258642796, -1]
211	[-83.0481258642796, -1]
211	[-83.0481258642796, -1]
211	[-83.0481258642796, -1]
211	[-83.0481258642796, -1]
211	[-83.0481258642796, -1]
212	[-100.38052651863067, 0]
212	[-100.38052651863067, 0]
212	[-100.38052651863067, 0]
212	[-100.38052651863067, 0]
212	[-83.0481258642796, -1]
212	[-83.0481258642796, -1]
212	[-83.0481258642796, -1]
212	[-83.0481258642796, -1]
212	[-83.0481258642796, -1]
212	[-83.0481258642796, -1]
212	[-83.0481258642796, -1]
212	[-83.0481258642796, -1]
212	[-83.0481258642796, -1]
212	[-83.0481258642796, -1]
212	[-83.0481258642796, -1]
212	[-83.0481258642796, -1]
212	[-83.0481258642796, -1]
212	[-83.0481258642796, -1]
212	[-83.0481258642796, -1]
212	[-83.0481258642796, -1]
212	[-83.0481258642796, -1]
212	[-83.0481258642796, -1]
212	[-83.0481258642796, -1]
212	[-83.0481258642796, -1]
212	[-83.0481258642796, -1]
212	[-83.0481258642796, -1]
212	[-83.0481258642796, -1]
212	[-83.0481258642796, -1]
212	[-83.0481258642796, -1]
212	[-83.0481258642796, -1]
212	[-83.0481258642796, -1]
212	[-83.0481258642796, -1]
213	[-100.33396705591517, 0]
213	[-83.0481258642796, -1]
213	[-83.0481258642796, -1]
213	[-83.0481258642796, -1]
213	[-83.0481258642796, -1]
213	[-83.0481258642796, -1]
213	[-83.0481258642796, -1]
213	[-83.0481258642796, -1]
213	[-83.0481258642796, -1]
213	[-83.0481258642796, -1]
213	[-83.0481258642796, -1]
213	[-83.0481258642796, -1]
213	[-83.0481258642796, -1]
213	[-83.0481258642796, -1]
213	[-83.0481258642796, -1]
213	[-83.0481258642796, -1]
213	[-83.0481258642796, -1]
213	[-83.0481258642796, -1]
213	[-83.0481258642796, -1]
213	[-83.0481258642796, -1]
213	[-83.0481258642796, -1]
213	[-83.0481258642796, -1]
213	[-83.0481258642796, -1]
213	[-83.0481258642796, -1]
213	[-83.0481258642796, -1]
213	[-83.0481258642796, -1]
213	[-83.0481258642796, -1]
213	[-83.0481258642796, -1]
213	[-83.0481258642796, -1]
213	[-83.0481258642796, -1]
213	[-83.0481258642796, -1]
213	[-83.0481258642796, -1]
214	[-100.33396705591517, 0]
214	[-100.33396705591517, 0]
214	[-82.0766407183404, -1]
215	[-100.33396705591517, 0]
215	[-100.33396705591517, 0]
215	[-82.0766407183404, -1]
215	[-82.0766407183404, -1]
216	[-100.33396705591517, 0]
216	[-100.33396705591517, 0]
216	[-82.0766407183404, -1]
216	[-82.0766407183404, -1]
216	[-82.0766407183404, -1]
217	[-98.96034689161785, 0]
217	[-82.0766407183404, -1]
217	[-82.0766407183404, -1]
217	[-82.0766407183404, -1]
217	[-82.0766407183404, -1]
217	[-82.0766407183404, -1]
217	[-82.0766407183404, -1]
218	[-98.96034689161785, 0]
218	[-82.05259406208467, -1]
219	[-98.96034689161785, 0]
219	[-82.05259406208467, -1]
220	[-98.96034689161785, 0]
220	[-82.05259406208467, -1]
221	[-98.96034689161785, 0]
221	[-82.05259406208467, -1]
222	[-98.96034689161785, 0]
222	[-98.96034689161785, 0]
222	[-98.96034689161785, 0]
222	[-82.05259406208467, -1]
223	[-98.96012970395422, 0]
223	[-82.05259406208467, -1]
224	[-98.96012970395422, 0]
224	[-82.05259406208467, -1]
225	[-98.96012970395422, 0]
225	[-98.96012970395422, 0]
225	[-82.05259406208467, -1]
226	[-98.96012970395422, 0]
226	[-98.96012970395422, 0]
226	[-82.05259406208467, -1]
226	[-82.05259406208467, -1]
227	[-98.91565088701893, 0]
227	[-82.05259406208467, -1]
227	[-82.05259406208467, -1]
228	[-98.91565088701893, 0]
228	[-98.91565088701893, 0]
228	[-82.05259406208467, -1]
228	[-82.05259406208467, -1]
228	[-82.05259406208467, -1]
229	[-98.91565088701893, 0]
229	[-98.91565088701893, 0]
229	[-98.91565088701893, 0]
229	[-98.91565088701893, 0]
229	[-82.05259406208467, -1]
229	[-82.05259406208467, -1]
229	[-82.05259406208467, -1]
229	[-82.05259406208467, -1]
229	[-82.05259406208467, -1]
230	[-98.91565088701893, 0]
230	[-98.91565088701893, 0]
230	[-98.91565088701893, 0]
230	[-98.91565088701893, 0]
230	[-98.91565088701893, 0]
230	[-82.05259406208467, -1]
230	[-82.05259406208467, -1]
230	[-82.05259406208467, -1]
230	[-82.05259406208467, -1]
230	[-82.05259406208467, -1]
230	[-82.05259406208467, -1]
230	[-82.05259406208467, -1]
231	[-98.91565088701893, 0]
231	[-98.91565088701893, 0]
231	[-98.91565088701893, 0]
231	[-98.91565088701893, 0]
231	[-98.91565088701893, 0]
231	[-98.91565088701893, 0]
231	[-98.91565088701893, 0]
231	[-82.05259406208467, -1]
231	[-82.05259406208467, -1]
231	[-82.05259406208467, -1]
231	[-82.05259406208467, -1]
231	[-82.05259406208467, -1]
231	[-82.05259406208467, -1]
231	[-82.05259406208467, -1]
231	[-82.05259406208467, -1]
231	[-82.05259406208467, -1]
232	[-97.92149382133897, 0]
232	[-82.05259406208467, -1]
232	[-82.05259406208467, -1]
232	[-82.05259406208467, -1]
232	[-82.05259406208467, -1]
232	[-82.05259406208467, -1]
232	[-82.05259406208467, -1]
232	[-82.05259406208467, -1]
232	[-82.05259406208467, -1]
232	[-82.05259406208467, -1]
232	[-82.05259406208467, -1]
232	[-82.05259406208467, -1]
233	[-97.92149382133897, 0]
233	[-82.05259406208467, -1]
233	[-82.05259406208467, -1]
233	[-82.05259406208467, -1]
233	[-82.05259406208467, -1]
233	[-82.05259406208467, -1]
233	[-82.05259406208467, -1]
233	[-82.05259406208467, -1]
233	[-82.05259406208467, -1]
233	[-82.05259406208467, -1]
233	[-82.05259406208467, -1]
233	[-82.05259406208467, -1]
233	[-82.05259406208467, -1]
233	[-82.05259406208467, -1]
233	[-82.05259406208467, -1]
234	[-97.92149382133897, 0]
234	[-81.91296674319258, -1]
235	[-97.92149382133897, 0]
235	[-97.92149382133897, 0]
235	[-81.91296674319258, -1]
235	[-81.91296674319258, -1]
236	[-97.92149382133897, 0]
236	[-97.92149382133897, 0]
236	[-97.92149382133897, 0]
236	[-81.91296674319258, -1]
236	[-81.91296674319258, -1]
237	[-97.92149382133897, 0]
237	[-97.92149382133897, 0]
237	[-97.92149382133897, 0]
237	[-97.92149382133897, 0]
237	[-97.92149382133897, 0]
237	[-81.76765673569255, -1]
238	[-96.80870745490913, 0]
238	[-81.74621604971219, -1]
239	[-96.80870745490913, 0]
239	[-81.74621604971219, -1]
239	[-81.74621604971219, -1]
240	[-96.80870745490913, 0]
240	[-81.72513993531621, -1]
241	[-96.80870745490913, 0]
241	[-81.72513993531621, -1]
242	[-96.69854893439319, 0]
242	[-81.72012414466218, -1]
243	[-96.69854893439319, 0]
243	[-96.69854893439319, 0]
243	[-81.72012414466218, -1]
244	[-96.69854893439319, 0]
244	[-96.69854893439319, 0]
244	[-81.72012414466218, -1]
244	[-81.72012414466218, -1]
244	[-81.72012414466218, -1]
244	[-81.72012414466218, -1]
245	[-96.62969941206721, 0]
245	[-81.72012414466218, -1]
245	[-81.72012414466218, -1]
245	[-81.72012414466218, -1]
245	[-81.72012414466218, -1]
246	[-96.62969941206721, 0]
246	[-81.72012414466218, -1]
246	[-81.72012414466218, -1]
246	[-81.72012414466218, -1]
246	[-81.72012414466218, -1]
246	[-81.72012414466218, -1]
246	[-81.72012414466218, -1]
247	[-96.62969941206721, 0]
247	[-81.72012414466218, -1]
247	[-81.72012414466218, -1]
247	[-81.72012414466218, -1]
247	[-81.72012414466218, -1]
247	[-81.72012414466218, -1]
247	[-81.72012414466218, -1]
247	[-81.72012414466218, -1]
247	[-81.72012414466218, -1]
247	[-81.72012414466218, -1]
248	[-96.62969941206721, 0]
248	[-81.72012414466218, -1]
248	[-81.72012414466218, -1]
248	[-81.72012414466218, -1]
248	[-81.72012414466218, -1]
248	[-81.72012414466218, -1]
248	[-81.72012414466218, -1]
248	[-81.72012414466218, -1]
248	[-81.72012414466218, -1]
248	[-81.72012414466218, -1]
248	[-81.72012414466218, -1]
248	[-81.72012414466218, -1]
248	[-81.72012414466218, -1]
248	[-81.72012414466218, -1]
248	[-81.72012414466218, -1]
249	[-96.52037801072326, 0]
249	[-81.72012414466218, -1]
249	[-81.72012414466218, -1]
249	[-81.72012414466218, -1]
249	[-81.72012414466218, -1]
249	[-81.72012414466218, -1]
249	[-81.72012414466218, -1]
249	[-81.72012414466218, -1]
249	[-81.72012414466218, -1]
249	[-81.72012414466218, -1]
249	[-81.72012414466218, -1]
249	[-81.72012414466218, -1]
249	[-81.72012414466218, -1]
249	[-81.72012414466218, -1]
249	[-81.72012414466218, -1]
249	[-81.72012414466218, -1]
249	[-81.72012414466218, -1]
250	[-96.52037801072326, 0]
250	[-81.6993616404852, -1]
251	[-96.52037801072326, 0]
251	[-81.6522336590742, -1]
252	[-96.52037801072326, 0]
252	[-81.6522336590742, -1]
253	[-96.52037801072326, 0]
253	[-96.52037801072326, 0]
253	[-81.6522336590742, -1]
254	[-96.52037801072326, 0]
254	[-96.52037801072326, 0]
254	[-81.6522336590742, -1]
254	[-81.6522336590742, -1]
255	[-96.44711589857158, 0]
255	[-81.6522336590742, -1]
255	[-81.6522336590742, -1]
256	[-96.35409128155149, 0]
256	[-81.63680399593369, -1]
257	[-96.25852213210247, 0]
257	[-81.63680399593369, -1]
258	[-96.25852213210247, 0]
258	[-81.63680399593369, -1]
259	[-96.25852213210247, 0]
259	[-96.25852213210247, 0]
259	[-81.63680399593369, -1]
260	[-96.25852213210247, 0]
260	[-96.25852213210247, 0]
260	[-81.63436493888636, -1]
261	[-96.25852213210247, 0]
261	[-96.25852213210247, 0]
261	[-96.25852213210247, 0]
261	[-81.63436493888636, -1]
261	[-81.63436493888636, -1]
262	[-96.25852213210247, 0]
262	[-96.25852213210247, 0]
262	[-96.25852213210247, 0]
262	[-96.25852213210247, 0]
262	[-81.60550056088894, -1]
263	[-96.25852213210247, 0]
263	[-96.25852213210247, 0]
263	[-96.25852213210247, 0]
263	[-96.25852213210247, 0]
263	[-81.60550056088894, -1]
264	[-96.25852213210247, 0]
264	[-96.25852213210247, 0]
264	[-96.25852213210247, 0]
264	[-96.25852213210247, 0]
264	[-96.25852213210247, 0]
264	[-96.25852213210247, 0]
264	[-96.25852213210247, 0]
264	[-81.5996489748155, -1]
265	[-96.25852213210247, 0]
265	[-96.25852213210247, 0]
265	[-96.25852213210247, 0]
265	[-96.25852213210247, 0]
265	[-96.25852213210247, 0]
265	[-96.25852213210247, 0]
265	[-96.25852213210247, 0]
265	[-96.25852213210247, 0]
265	[-81.5996489748155, -1]
265	[-81.5996489748155, -1]
266	[-96.25852213210247, 0]
266	[-96.25852213210247, 0]
266	[-96.25852213210247, 0]
266	[-96.25852213210247, 0]
266	[-96.25852213210247, 0]
266	[-96.25852213210247, 0]
266	[-96.25852213210247, 0]
266	[-96.25852213210247, 0]
266	[-96.25852213210247, 0]
266	[-96.25852213210247, 0]
266	[-96.25852213210247, 0]
266	[-96.25852213210247, 0]
266	[-81.5996489748155, -1]
266	[-81.5996489748155, -1]
266	[-81.5996489748155, -1]
267	[-96.25852213210247, 0]
267	[-96.25852213210247, 0]
267	[-96.25852213210247, 0]
267	[-96.25852213210247, 0]
267	[-96.25852213210247, 0]
267	[-96.25852213210247, 0]
267	[-96.25852213210247, 0]
267	[-96.25852213210247, 0]
267	[-96.25852213210247, 0]
267	[-96.25852213210247, 0]
267	[-96.25852213210247, 0]
267	[-96.25852213210247, 0]
267	[-96.25852213210247, 0]
267	[-96.25852213210247, 0]
267	[-81.5996489748155, -1]
267	[-81.5996489748155, -1]
267	[-81.5996489748155, -1]
267	[-81.5996489748155, -1]
267	[-81.5996489748155, -1]
268	[-96.25852213210247, 0]
268	[-96.25852213210247, 0]
268	[-96.25852213210247, 0]
268	[-96.25852213210247, 0]
268	[-96.25852213210247, 0]
268	[-96.25852213210247, 0]
268	[-96.25852213210247, 0]
268	[-96.25852213210247, 0]
268	[-96.25852213210247, 0]
268	[-96.25852213210247, 0]
268	[-96.25852213210247, 0]
268	[-96.25852213210247, 0]
268	[-96.25852213210247, 0]
268	[-96.25852213210247, 0]
268	[-96.25852213210247, 0]
268	[-96.25852213210247, 0]
268	[-96.25852213210247, 0]
268	[-81.5996489748155, -1]
268	[-81.5996489748155, -1]
268	[-81.5996489748155, -1]
268	[-81.5996489748155, -1]
268	[-81.5996489748155, -1]
269	[-96.25852213210247, 0]
269	[-96.25852213210247, 0]
269	[-96.25852213210247, 0]
269	[-96.25852213210247, 0]
269	[-96.25852213210247, 0]
269	[-96.25852213210247, 0]
269	[-96.25852213210247, 0]
269	[-96.25852213210247, 0]
269	[-96.25852213210247, 0]
269	[-96.25852213210247, 0]
269	[-96.25852213210247, 0]
269	[-96.25852213210247, 0]
269	[-96.25852213210247, 0]
269	[-96.25852213210247, 0]
269	[-96.25852213210247, 0]
269	[-96.25852213210247, 0]
269	[-96.25852213210247, 0]
269	[-81.5996489748155, -1]
269	[-81.5996489748155, -1]
269	[-81.5996489748155, -1]
269	[-81.5996489748155, -1]
269	[-81.5996489748155, -1]
269	[-81.5996489748155, -1]
269	[-81.5996489748155, -1]
270	[-96.25852213210247, 0]
270	[-96.25852213210247, 0]
270	[-96.25852213210247, 0]
270	[-96.25852213210247, 0]
270	[-96.25852213210247, 0]
270	[-96.25852213210247, 0]
270	[-96.25852213210247, 0]
270	[-96.25852213210247, 0]
270	[-96.25852213210247, 0]
270	[-96.25852213210247, 0]
270	[-96.25852213210247, 0]
270	[-96.25852213210247, 0]
270	[-96.25852213210247, 0]
270	[-96.25852213210247, 0]
270	[-96.25852213210247, 0]
270	[-96.25852213210247, 0]
270	[-96.25852213210247, 0]
270	[-81.5996489748155, -1]
270	[-81.5996489748155, -1]
270	[-81.5996489748155, -1]
270	[-81.5996489748155, -1]
270	[-81.5996489748155, -1]
270	[-81.5996489748155, -1]
270	[-81.5996489748155, -1]
270	[-81.5996489748155, -1]
270	[-81.5996489748155, -1]
270	[-81.5996489748155, -1]
271	[-96.25852213210247, 0]
271	[-96.25852213210247, 0]
271	[-96.25852213210247, 0]
271	[-96.25852213210247, 0]
271	[-96.25852213210247, 0]
271	[-96.25852213210247, 0]
271	[-96.25852213210247, 0]
271	[-96.25852213210247, 0]
271	[-96.25852213210247, 0]
271	[-96.25852213210247, 0]
271	[-96.25852213210247, 0]
271	[-96.25852213210247, 0]
271	[-96.25852213210247, 0]
271	[-96.25852213210247, 0]
271	[-96.25852213210247, 0]
271	[-96.25852213210247, 0]
271	[-96.25852213210247, 0]
271	[-96.25852213210247, 0]
271	[-96.25852213210247, 0]
271	[-96.25852213210247, 0]
271	[-96.25852213210247, 0]
271	[-96.25852213210247, 0]
271	[-96.25852213210247, 0]
271	[-96.25852213210247, 0]
271	[-96.25852213210247, 0]
271	[-81.59743425710164, -1]
272	[-96.25852213210247, 0]
272	[-96.25852213210247, 0]
272	[-96.25852213210247, 0]
272	[-96.25852213210247, 0]
272	[-96.25852213210247, 0]
272	[-96.25852213210247, 0]
272	[-96.25852213210247, 0]
272	[-96.25852213210247, 0]
272	[-96.25852213210247, 0]
272	[-96.25852213210247, 0]
272	[-96.25852213210247, 0]
272	[-96.25852213210247, 0]
272	[-96.25852213210247, 0]
272	[-96.25852213210247, 0]
272	[-96.25852213210247, 0]
272	[-96.25852213210247, 0]
272	[-96.25852213210247, 0]
272	[-96.25852213210247, 0]
272	[-96.25852213210247, 0]
272	[-96.25852213210247, 0]
272	[-96.25852213210247, 0]
272	[-96.25852213210247, 0]
272	[-96.25852213210247, 0]
272	[-96.25852213210247, 0]
272	[-96.25852213210247, 0]
272	[-96.25852213210247, 0]
272	[-96.25852213210247, 0]
272	[-96.25852213210247, 0]
272	[-81.59743425710164, -1]
273	[-96.25852213210247, 0]
273	[-96.25852213210247, 0]
273	[-96.25852213210247, 0]
273	[-96.25852213210247, 0]
273	[-96.25852213210247, 0]
273	[-96.25852213210247, 0]
273	[-96.25852213210247, 0]
273	[-96.25852213210247, 0]
273	[-96.25852213210247, 0]
273	[-96.25852213210247, 0]
273	[-96.25852213210247, 0]
273	[-96.25852213210247, 0]
273	[-96.25852213210247, 0]
273	[-96.25852213210247, 0]
273	[-96.25852213210247, 0]
273	[-96.25852213210247, 0]
273	[-96.25852213210247, 0]
273	[-96.25852213210247, 0]
273	[-96.25852213210247, 0]
273	[-96.25852213210247, 0]
273	[-96.25852213210247, 0]
273	[-96.25852213210247, 0]
273	[-96.25852213210247, 0]
273	[-96.25852213210247, 0]
273	[-96.25852213210247, 0]
273	[-96.25852213210247, 0]
273	[-96.25852213210247, 0]
273	[-96.25852213210247, 0]
273	[-96.25852213210247, 0]
273	[-96.25852213210247, 0]
273	[-96.25852213210247, 0]
273	[-96.25852213210247, 0]
273	[-81.59743425710164, -1]
274	[-96.25852213210247, 0]
274	[-96.25852213210247, 0]
274	[-96.25852213210247, 0]
274	[-96.25852213210247, 0]
274	[-96.25852213210247, 0]
274	[-96.25852213210247, 0]
274	[-96.25852213210247, 0]
274	[-96.25852213210247, 0]
274	[-96.25852213210247, 0]
274	[-96.25852213210247, 0]
274	[-96.25852213210247, 0]
274	[-96.25852213210247, 0]
274	[-96.25852213210247, 0]
274	[-96.25852213210247, 0]
274	[-96.25852213210247, 0]
274	[-96.25852213210247, 0]
274	[-96.25852213210247, 0]
274	[-96.25852213210247, 0]
274	[-96.25852213210247, 0]
274	[-96.25852213210247, 0]
274	[-96.25852213210247, 0]
274	[-96.25852213210247, 0]
274	[-96.25852213210247, 0]
274	[-96.25852213210247, 0]
274	[-96.25852213210247, 0]
274	[-96.25852213210247, 0]
274	[-96.25852213210247, 0]
274	[-96.25852213210247, 0]
274	[-96.25852213210247, 0]
274	[-96.25852213210247, 0]
274	[-96.25852213210247, 0]
274	[-96.25852213210247, 0]
274	[-96.25852213210247, 0]
274	[-96.25852213210247, 0]
274	[-96.25852213210247, 0]
274	[-96.25852213210247, 0]
274	[-81.59743425710164, -1]
275	[-96.25852213210247, 0]
275	[-96.25852213210247, 0]
275	[-96.25852213210247, 0]
275	[-96.25852213210247, 0]
275	[-96.25852213210247, 0]
275	[-96.25852213210247, 0]
275	[-96.25852213210247, 0]
275	[-96.25852213210247, 0]
275	[-96.25852213210247, 0]
275	[-96.25852213210247, 0]
275	[-96.25852213210247, 0]
275	[-96.25852213210247, 0]
275	[-96.25852213210247, 0]
275	[-96.25852213210247, 0]
275	[-96.25852213210247, 0]
275	[-96.25852213210247, 0]
275	[-96.25852213210247, 0]
275	[-96.25852213210247, 0]
275	[-96.25852213210247, 0]
275	[-96.25852213210247, 0]
275	[-96.25852213210247, 0]
275	[-96.25852213210247, 0]
275	[-96.25852213210247, 0]
275	[-96.25852213210247, 0]
275	[-96.25852213210247, 0]
275	[-96.25852213210247, 0]
275	[-96.25852213210247, 0]
275	[-96.25852213210247, 0]
275	[-96.25852213210247, 0]
275	[-96.25852213210247, 0]
275	[-96.25852213210247, 0]
275	[-96.25852213210247, 0]
275	[-96.25852213210247, 0]
275	[-96.25852213210247, 0]
275	[-96.25852213210247, 0]
275	[-96.25852213210247, 0]
275	[-96.25852213210247, 0]
275	[-96.25852213210247, 0]
275	[-96.25852213210247, 0]
275	[-96.25852213210247, 0]
275	[-81.59743425710164, -1]
276	[-96.25852213210247, 0]
276	[-96.25852213210247, 0]
276	[-96.25852213210247, 0]
276	[-96.25852213210247, 0]
276	[-96.25852213210247, 0]
276	[-96.25852213210247, 0]
276	[-96.25852213210247, 0]
276	[-96.25852213210247, 0]
276	[-96.25852213210247, 0]
276	[-96.25852213210247, 0]
276	[-96.25852213210247, 0]
276	[-96.25852213210247, 0]
276	[-96.25852213210247, 0]
276	[-96.25852213210247, 0]
276	[-96.25852213210247, 0]
276	[-96.25852213210247, 0]
276	[-96.25852213210247, 0]
276	[-96.25852213210247, 0]
276	[-96.25852213210247, 0]
276	[-96.25852213210247, 0]
276	[-96.25852213210247, 0]
276	[-96.25852213210247, 0]
276	[-96.25852213210247, 0]
276	[-96.25852213210247, 0]
276	[-96.25852213210247, 0]
276	[-96.25852213210247, 0]
276	[-96.25852213210247, 0]
276	[-96.25852213210247, 0]
276	[-96.25852213210247, 0]
276	[-96.25852213210247, 0]
276	[-96.25852213210247, 0]
276	[-96.25852213210247, 0]
276	[-96.25852213210247, 0]
276	[-96.25852213210247, 0]
276	[-96.25852213210247, 0]
276	[-96.25852213210247, 0]
276	[-96.25852213210247, 0]
276	[-96.25852213210247, 0]
276	[-96.25852213210247, 0]
276	[-96.25852213210247, 0]
276	[-96.25852213210247, 0]
276	[-96.25852213210247, 0]
276	[-81.59743425710164, -1]
276	[-81.59743425710164, -1]
277	[-96.25852213210247, 0]
277	[-96.25852213210247, 0]
277	[-96.25852213210247, 0]
277	[-96.25852213210247, 0]
277	[-96.25852213210247, 0]
277	[-96.25852213210247, 0]
277	[-96.25852213210247, 0]
277	[-96.25852213210247, 0]
277	[-96.25852213210247, 0]
277	[-96.25852213210247, 0]
277	[-96.25852213210247, 0]
277	[-96.25852213210247, 0]
277	[-96.25852213210247, 0]
277	[-96.25852213210247, 0]
277	[-96.25852213210247, 0]
277	[-96.25852213210247, 0]
277	[-96.25852213210247, 0]
277	[-96.25852213210247, 0]
277	[-96.25852213210247, 0]
277	[-96.25852213210247, 0]
277	[-96.25852213210247, 0]
277	[-96.25852213210247, 0]
277	[-96.25852213210247, 0]
277	[-96.25852213210247, 0]
277	[-96.25852213210247, 0]
277	[-96.25852213210247, 0]
277	[-96.25852213210247, 0]
277	[-96.25852213210247, 0]
277	[-96.25852213210247, 0]
277	[-96.25852213210247, 0]
277	[-96.25852213210247, 0]
277	[-96.25852213210247, 0]
277	[-96.25852213210247, 0]
277	[-96.25852213210247, 0]
277	[-96.25852213210247, 0]
277	[-96.25852213210247, 0]
277	[-96.25852213210247, 0]
277	[-96.25852213210247, 0]
277	[-96.25852213210247, 0]
277	[-96.25852213210247, 0]
277	[-96.25852213210247, 0]
277	[-96.25852213210247, 0]
277	[-96.25852213210247, 0]
277	[-96.25852213210247, 0]
277	[-96.25852213210247, 0]
277	[-96.25852213210247, 0]
277	[-96.25852213210247, 0]
277	[-96.25852213210247, 0]
277	[-96.25852213210247, 0]
277	[-81.59743425710164, -1]
277	[-81.59743425710164, -1]
278	[-96.25852213210247, 0]
278	[-96.25852213210247, 0]
278	[-96.25852213210247, 0]
278	[-96.25852213210247, 0]
278	[-96.25852213210247, 0]
278	[-96.25852213210247, 0]
278	[-96.25852213210247, 0]
278	[-96.25852213210247, 0]
278	[-96.25852213210247, 0]
278	[-96.25852213210247, 0]
278	[-96.25852213210247, 0]
278	[-96.25852213210247, 0]
278	[-96.25852213210247, 0]
278	[-96.25852213210247, 0]
278	[-96.25852213210247, 0]
278	[-96.25852213210247, 0]
278	[-96.25852213210247, 0]
278	[-96.25852213210247, 0]
278	[-96.25852213210247, 0]
278	[-96.25852213210247, 0]
278	[-96.25852213210247, 0]
278	[-96.25852213210247, 0]
278	[-96.25852213210247, 0]
278	[-96.25852213210247, 0]
278	[-96.25852213210247, 0]
278	[-96.25852213210247, 0]
278	[-96.25852213210247, 0]
278	[-96.25852213210247, 0]
278	[-96.25852213210247, 0]
278	[-96.25852213210247, 0]
278	[-96.25852213210247, 0]
278	[-96.25852213210247, 0]
278	[-96.25852213210247, 0]
278	[-96.25852213210247, 0]
278	[-96.25852213210247, 0]
278	[-96.25852213210247, 0]
278	[-96.25852213210247, 0]
278	[-96.25852213210247, 0]
278	[-96.25852213210247, 0]
278	[-96.25852213210247, 0]
278	[-96.25852213210247, 0]
278	[-96.25852213210247, 0]
278	[-96.25852213210247, 0]
278	[-96.25852213210247, 0]
278	[-96.25852213210247, 0]
278	[-96.25852213210247, 0]
278	[-96.25852213210247, 0]
278	[-96.25852213210247, 0]
278	[-96.25852213210247, 0]
278	[-96.25852213210247, 0]
278	[-96.25852213210247, 0]
278	[-96.25852213210247, 0]
278	[-96.25852213210247, 0]
278	[-96.25852213210247, 0]
278	[-96.25852213210247, 0]
278	[-81.59743425710164, -1]
278	[-81.59743425710164, -1]
279	[-96.25852213210247, 0]
279	[-96.25852213210247, 0]
279	[-96.25852213210247, 0]
279	[-96.25852213210247, 0]
279	[-96.25852213210247, 0]
279	[-96.25852213210247, 0]
279	[-96.25852213210247, 0]
279	[-96.25852213210247, 0]
279	[-96.25852213210247, 0]
279	[-96.25852213210247, 0]
279	[-96.25852213210247, 0]
279	[-96.25852213210247, 0]
279	[-96.25852213210247, 0]
279	[-96.25852213210247, 0]
279	[-96.25852213210247, 0]
279	[-96.25852213210247, 0]
279	[-96.25852213210247, 0]
279	[-96.25852213210247, 0]
279	[-96.25852213210247, 0]
279	[-96.25852213210247, 0]
279	[-96.25852213210247, 0]
279	[-96.25852213210247, 0]
279	[-96.25852213210247, 0]
279	[-96.25852213210247, 0]
279	[-96.25852213210247, 0]
279	[-96.25852213210247, 0]
279	[-96.25852213210247, 0]
279	[-96.25852213210247, 0]
279	[-96.25852213210247, 0]
279	[-96.25852213210247, 0]
279	[-96.25852213210247, 0]
279	[-96.25852213210247, 0]
279	[-96.25852213210247, 0]
279	[-96.25852213210247, 0]
279	[-96.25852213210247, 0]
279	[-96.25852213210247, 0]
279	[-96.25852213210247, 0]
279	[-96.25852213210247, 0]
279	[-96.25852213210247, 0]
279	[-96.25852213210247, 0]
279	[-96.25852213210247, 0]
279	[-96.25852213210247, 0]
279	[-96.25852213210247, 0]
279	[-96.25852213210247, 0]
279	[-96.25852213210247, 0]
279	[-96.25852213210247, 0]
279	[-96.25852213210247, 0]
279	[-96.25852213210247, 0]
279	[-96.25852213210247, 0]
279	[-96.25852213210247, 0]
279	[-96.25852213210247, 0]
279	[-96.25852213210247, 0]
279	[-96.25852213210247, 0]
279	[-96.25852213210247, 0]
279	[-96.25852213210247, 0]
279	[-96.25852213210247, 0]
279	[-96.25852213210247, 0]
279	[-96.25852213210247, 0]
279	[-96.25852213210247, 0]
279	[-96.25852213210247, 0]
279	[-81.5595779572817, -1]
280	[-96.25852213210247, 0]
280	[-96.25852213210247, 0]
280	[-96.25852213210247, 0]
280	[-96.25852213210247, 0]
280	[-96.25852213210247, 0]
280	[-96.25852213210247, 0]
280	[-96.25852213210247, 0]
280	[-96.25852213210247, 0]
280	[-96.25852213210247, 0]
280	[-96.25852213210247, 0]
280	[-96.25852213210247, 0]
280	[-96.25852213210247, 0]
280	[-96.25852213210247, 0]
280	[-96.25852213210247, 0]
280	[-96.25852213210247, 0]
280	[-96.25852213210247, 0]
280	[-96.25852213210247, 0]
280	[-96.25852213210247, 0]
280	[-96.25852213210247, 0]
280	[-96.25852213210247, 0]
280	[-96.25852213210247, 0]
280	[-96.25852213210247, 0]
280	[-96.25852213210247, 0]
280	[-96.25852213210247, 0]
280	[-96.25852213210247, 0]
280	[-96.25852213210247, 0]
280	[-96.25852213210247, 0]
280	[-96.25852213210247, 0]
280	[-96.25852213210247, 0]
280	[-96.25852213210247, 0]
280	[-96.25852213210247, 0]
280	[-96.25852213210247, 0]
280	[-96.25852213210247, 0]
280	[-96.25852213210247, 0]
280	[-96.25852213210247, 0]
280	[-96.25852213210247, 0]
280	[-96.25852213210247, 0]
280	[-96.25852213210247, 0]
280	[-96.25852213210247, 0]
280	[-96.25852213210247, 0]
280	[-96.25852213210247, 0]
280	[-96.25852213210247, 0]
280	[-96.25852213210247, 0]
280	[-96.25852213210247, 0]
280	[-96.25852213210247, 0]
280	[-96.25852213210247, 0]
280	[-96.25852213210247, 0]
280	[-96.25852213210247, 0]
280	[-96.25852213210247, 0]
280	[-96.25852213210247, 0]
280	[-96.25852213210247, 0]
280	[-96.25852213210247, 0]
280	[-96.25852213210247, 0]
280	[-96.25852213210247, 0]
280	[-96.25852213210247, 0]
280	[-96.25852213210247, 0]
280	[-96.25852213210247, 0]
280	[-96.25852213210247, 0]
280	[-96.25852213210247, 0]
280	[-96.25852213210247, 0]
280	[-96.25852213210247, 0]
280	[-96.25852213210247, 0]
280	[-96.25852213210247, 0]
280	[-81.5595779572817, -1]
281	[-96.25852213210247, 0]
281	[-96.25852213210247, 0]
281	[-96.25852213210247, 0]
281	[-96.25852213210247, 0]
281	[-96.25852213210247, 0]
281	[-96.25852213210247, 0]
281	[-96.25852213210247, 0]
281	[-96.25852213210247, 0]
281	[-96.25852213210247, 0]
281	[-96.25852213210247, 0]
281	[-96.25852213210247, 0]
281	[-96.25852213210247, 0]
281	[-96.25852213210247, 0]
281	[-96.25852213210247, 0]
281	[-96.25852213210247, 0]
281	[-96.25852213210247, 0]
281	[-96.25852213210247, 0]
281	[-96.25852213210247, 0]
281	[-96.25852213210247, 0]
281	[-96.25852213210247, 0]
281	[-96.25852213210247, 0]
281	[-96.25852213210247, 0]
281	[-96.25852213210247, 0]
281	[-96.25852213210247, 0]
281	[-96.25852213210247, 0]
281	[-96.25852213210247, 0]
281	[-96.25852213210247, 0]
281	[-96.25852213210247, 0]
281	[-96.25852213210247, 0]
281	[-96.25852213210247, 0]
281	[-96.25852213210247, 0]
281	[-96.25852213210247, 0]
281	[-96.25852213210247, 0]
281	[-96.25852213210247, 0]
281	[-96.25852213210247, 0]
281	[-96.25852213210247, 0]
281	[-96.25852213210247, 0]
281	[-96.25852213210247, 0]
281	[-96.25852213210247, 0]
281	[-96.25852213210247, 0]
281	[-96.25852213210247, 0]
281	[-96.25852213210247, 0]
281	[-96.25852213210247, 0]
281	[-96.25852213210247, 0]
281	[-96.25852213210247, 0]
281	[-96.25852213210247, 0]
281	[-96.25852213210247, 0]
281	[-96.25852213210247, 0]
281	[-96.25852213210247, 0]
281	[-96.25852213210247, 0]
281	[-96.25852213210247, 0]
281	[-96.25852213210247, 0]
281	[-96.25852213210247, 0]
281	[-96.25852213210247, 0]
281	[-96.25852213210247, 0]
281	[-96.25852213210247, 0]
281	[-96.25852213210247, 0]
281	[-96.25852213210247, 0]
281	[-96.25852213210247, 0]
281	[-96.25852213210247, 0]
281	[-96.25852213210247, 0]
281	[-96.25852213210247, 0]
281	[-96.25852213210247, 0]
281	[-96.25852213210247, 0]
281	[-96.25852213210247, 0]
281	[-96.25852213210247, 0]
281	[-96.25852213210247, 0]
281	[-96.25852213210247, 0]
281	[-96.25852213210247, 0]
281	[-96.25852213210247, 0]
281	[-96.25852213210247, 0]
281	[-81.5595779572817, -1]
282	[-96.25852213210247, 0]
282	[-96.25852213210247, 0]
282	[-96.25852213210247, 0]
282	[-96.25852213210247, 0]
282	[-96.25852213210247, 0]
282	[-96.25852213210247, 0]
282	[-96.25852213210247, 0]
282	[-96.25852213210247, 0]
282	[-96.25852213210247, 0]
282	[-96.25852213210247, 0]
282	[-96.25852213210247, 0]
282	[-96.25852213210247, 0]
282	[-96.25852213210247, 0]
282	[-96.25852213210247, 0]
282	[-96.25852213210247, 0]
282	[-96.25852213210247, 0]
282	[-96.25852213210247, 0]
282	[-96.25852213210247, 0]
282	[-96.25852213210247, 0]
282	[-96.25852213210247, 0]
282	[-96.25852213210247, 0]
282	[-96.25852213210247, 0]
282	[-96.25852213210247, 0]
282	[-96.25852213210247, 0]
282	[-96.25852213210247, 0]
282	[-96.25852213210247, 0]
282	[-96.25852213210247, 0]
282	[-96.25852213210247, 0]
282	[-96.25852213210247, 0]
282	[-96.25852213210247, 0]
282	[-96.25852213210247, 0]
282	[-96.25852213210247, 0]
282	[-96.25852213210247, 0]
282	[-96.25852213210247, 0]
282	[-96.25852213210247, 0]
282	[-96.25852213210247, 0]
282	[-96.25852213210247, 0]
282	[-96.25852213210247, 0]
282	[-96.25852213210247, 0]
282	[-96.25852213210247, 0]
282	[-96.25852213210247, 0]
282	[-96.25852213210247, 0]
282	[-96.25852213210247, 0]
282	[-96.25852213210247, 0]
282	[-96.25852213210247, 0]
282	[-96.25852213210247, 0]
282	[-96.25852213210247, 0]
282	[-96.25852213210247, 0]
282	[-96.25852213210247, 0]
282	[-96.25852213210247, 0]
282	[-96.25852213210247, 0]
282	[-96.25852213210247, 0]
282	[-96.25852213210247, 0]
282	[-96.25852213210247, 0]
282	[-96.25852213210247, 0]
282	[-96.25852213210247, 0]
282	[-96.25852213210247, 0]
282	[-96.25852213210247, 0]
282	[-96.25852213210247, 0]
282	[-96.25852213210247, 0]
282	[-96.25852213210247, 0]
282	[-96.25852213210247, 0]
282	[-96.25852213210247, 0]
282	[-96.25852213210247, 0]
282	[-96.25852213210247, 0]
282	[-96.25852213210247, 0]
282	[-96.25852213210247, 0]
282	[-96.25852213210247, 0]
282	[-96.25852213210247, 0]
282	[-96.25852213210247, 0]
282	[-96.25852213210247, 0]
282	[-96.25852213210247, 0]
282	[-96.25852213210247, 0]
282	[-96.25852213210247, 0]
282	[-96.25852213210247, 0]
282	[-96.25852213210247, 0]
282	[-96.25852213210247, 0]
282	[-96.25852213210247, 0]
282	[-96.25852213210247, 0]
282	[-81.5595779572817, -1]
283	[-96.25852213210247, 0]
283	[-96.25852213210247, 0]
283	[-96.25852213210247, 0]
283	[-96.25852213210247, 0]
283	[-96.25852213210247, 0]
283	[-96.25852213210247, 0]
283	[-96.25852213210247, 0]
283	[-96.25852213210247, 0]
283	[-96.25852213210247, 0]
283	[-96.25852213210247, 0]
283	[-96.25852213210247, 0]
283	[-96.25852213210247, 0]
283	[-96.25852213210247, 0]
283	[-96.25852213210247, 0]
283	[-96.25852213210247, 0]
283	[-96.25852213210247, 0]
283	[-96.25852213210247, 0]
283	[-96.25852213210247, 0]
283	[-96.25852213210247, 0]
283	[-96.25852213210247, 0]
283	[-96.25852213210247, 0]
283	[-96.25852213210247, 0]
283	[-96.25852213210247, 0]
283	[-96.25852213210247, 0]
283	[-96.25852213210247, 0]
283	[-96.25852213210247, 0]
283	[-96.25852213210247, 0]
283	[-96.25852213210247, 0]
283	[-96.25852213210247, 0]
283	[-96.25852213210247, 0]
283	[-96.25852213210247, 0]
283	[-96.25852213210247, 0]
283	[-96.25852213210247, 0]
283	[-96.25852213210247, 0]
283	[-96.25852213210247, 0]
283	[-96.25852213210247, 0]
283	[-96.25852213210247, 0]
283	[-96.25852213210247, 0]
283	[-96.25852213210247, 0]
283	[-96.25852213210247, 0]
283	[-96.25852213210247, 0]
283	[-96.25852213210247, 0]
283	[-96.25852213210247, 0]
283	[-96.25852213210247, 0]
283	[-96.25852213210247, 0]
283	[-96.25852213210247, 0]
283	[-96.25852213210247, 0]
283	[-96.25852213210247, 0]
283	[-96.25852213210247, 0]
283	[-96.25852213210247, 0]
283	[-96.25852213210247, 0]
283	[-96.25852213210247, 0]
283	[-96.25852213210247, 0]
283	[-96.25852213210247, 0]
283	[-96.25852213210247, 0]
283	[-96.25852213210247, 0]
283	[-96.25852213210247, 0]
283	[-96.25852213210247, 0]
283	[-96.25852213210247, 0]
283	[-96.25852213210247, 0]
283	[-96.25852213210247, 0]
283	[-96.25852213210247, 0]
283	[-96.25852213210247, 0]
283	[-96.25852213210247, 0]
283	[-96.25852213210247, 0]
283	[-96.25852213210247, 0]
283	[-96.25852213210247, 0]
283	[-96.25852213210247, 0]
283	[-96.25852213210247, 0]
283	[-96.25852213210247, 0]
283	[-96.25852213210247, 0]
283	[-96.25852213210247, 0]
283	[-96.25852213210247, 0]
283	[-96.25852213210247, 0]
283	[-96.25852213210247, 0]
283	[-96.25852213210247, 0]
283	[-96.25852213210247, 0]
283	[-96.25852213210247, 0]
283	[-96.25852213210247, 0]
283	[-81.5595779572817, -1]
284	[-96.25852213210247, 0]
284	[-96.25852213210247, 0]
284	[-96.25852213210247, 0]
284	[-96.25852213210247, 0]
284	[-96.25852213210247, 0]
284	[-96.25852213210247, 0]
284	[-96.25852213210247, 0]
284	[-96.25852213210247, 0]
284	[-96.25852213210247, 0]
284	[-96.25852213210247, 0]
284	[-96.25852213210247, 0]
284	[-96.25852213210247, 0]
284	[-96.25852213210247, 0]
284	[-96.25852213210247, 0]
284	[-96.25852213210247, 0]
284	[-96.25852213210247, 0]
284	[-96.25852213210247, 0]
284	[-96.25852213210247, 0]
284	[-96.25852213210247, 0]
284	[-96.25852213210247, 0]
284	[-96.25852213210247, 0]
284	[-96.25852213210247, 0]
284	[-96.25852213210247, 0]
284	[-96.25852213210247, 0]
284	[-96.25852213210247, 0]
284	[-96.25852213210247, 0]
284	[-96.25852213210247, 0]
284	[-96.25852213210247, 0]
284	[-96.25852213210247, 0]
284	[-96.25852213210247, 0]
284	[-96.25852213210247, 0]
284	[-96.25852213210247, 0]
284	[-96.25852213210247, 0]
284	[-96.25852213210247, 0]
284	[-96.25852213210247, 0]
284	[-96.25852213210247, 0]
284	[-96.25852213210247, 0]
284	[-96.25852213210247, 0]
284	[-96.25852213210247, 0]
284	[-96.25852213210247, 0]
284	[-96.25852213210247, 0]
284	[-96.25852213210247, 0]
284	[-96.25852213210247, 0]
284	[-96.25852213210247, 0]
284	[-96.25852213210247, 0]
284	[-96.25852213210247, 0]
284	[-96.25852213210247, 0]
284	[-96.25852213210247, 0]
284	[-96.25852213210247, 0]
284	[-96.25852213210247, 0]
284	[-96.25852213210247, 0]
284	[-96.25852213210247, 0]
284	[-96.25852213210247, 0]
284	[-96.25852213210247, 0]
284	[-96.25852213210247, 0]
284	[-96.25852213210247, 0]
284	[-96.25852213210247, 0]
284	[-96.25852213210247, 0]
284	[-96.25852213210247, 0]
284	[-96.25852213210247, 0]
284	[-96.25852213210247, 0]
284	[-96.25852213210247, 0]
284	[-96.25852213210247, 0]
284	[-96.25852213210247, 0]
284	[-96.25852213210247, 0]
284	[-96.25852213210247, 0]
284	[-96.25852213210247, 0]
284	[-96.25852213210247, 0]
284	[-96.25852213210247, 0]
284	[-96.25852213210247, 0]
284	[-96.25852213210247, 0]
284	[-96.25852213210247, 0]
284	[-96.25852213210247, 0]
284	[-96.25852213210247, 0]
284	[-96.25852213210247, 0]
284	[-96.25852213210247, 0]
284	[-96.25852213210247, 0]
284	[-96.25852213210247, 0]
284	[-96.25852213210247, 0]
284	[-81.5595779572817, -1]
285	[-96.23632739015976, 0]
285	[-81.5595779572817, -1]
285	[-81.5595779572817, -1]
286	[-96.23632739015976, 0]
286	[-81.5595779572817, -1]
286	[-81.5595779572817, -1]
286	[-81.5595779572817, -1]
287	[-96.23632739015976, 0]
287	[-81.5595779572817, -1]
287	[-81.5595779572817, -1]
287	[-81.5595779572817, -1]
287	[-81.5595779572817, -1]
287	[-81.5595779572817, -1]
288	[-96.23632739015976, 0]
288	[-81.5595779572817, -1]
288	[-81.5595779572817, -1]
288	[-81.5595779572817, -1]
288	[-81.5595779572817, -1]
288	[-81.5595779572817, -1]
288	[-81.5595779572817, -1]
289	[-96.23632739015976, 0]
289	[-81.5595779572817, -1]
289	[-81.5595779572817, -1]
289	[-81.5595779572817, -1]
289	[-81.5595779572817, -1]
289	[-81.5595779572817, -1]
289	[-81.5595779572817, -1]
289	[-81.5595779572817, -1]
289	[-81.5595779572817, -1]
290	[-96.23632739015976, 0]
290	[-81.5595779572817, -1]
290	[-81.5595779572817, -1]
290	[-81.5595779572817, -1]
290	[-81.5595779572817, -1]
290	[-81.5595779572817, -1]
290	[-81.5595779572817, -1]
290	[-81.5595779572817, -1]
290	[-81.5595779572817, -1]
291	[-96.23632739015976, 0]
291	[-96.23632739015976, 0]
291	[-81.5595779572817, -1]
291	[-81.5595779572817, -1]
291	[-81.5595779572817, -1]
291	[-81.5595779572817, -1]
291	[-81.5595779572817, -1]
291	[-81.5595779572817, -1]
291	[-81.5595779572817, -1]
291	[-81.5595779572817, -1]
291	[-81.5595779572817, -1]
292	[-96.23632739015976, 0]
292	[-96.23632739015976, 0]
292	[-81.5595779572817, -1]
292	[-81.5595779572817, -1]
292	[-81.5595779572817, -1]
292	[-81.5595779572817, -1]
292	[-81.5595779572817, -1]
292	[-81.5595779572817, -1]
292	[-81.5595779572817, -1]
292	[-81.5595779572817, -1]
292	[-81.5595779572817, -1]
292	[-81.5595779572817, -1]
292	[-81.5595779572817, -1]
292	[-81.5595779572817, -1]
292	[-81.5595779572817, -1]
292	[-81.5595779572817, -1]
293	[-96.23632739015976, 0]
293	[-96.23632739015976, 0]
293	[-81.5595779572817, -1]
293	[-81.5595779572817, -1]
293	[-81.5595779572817, -1]
293	[-81.5595779572817, -1]
293	[-81.5595779572817, -1]
293	[-81.5595779572817, -1]
293	[-81.5595779572817, -1]
293	[-81.5595779572817, -1]
293	[-81.5595779572817, -1]
293	[-81.5595779572817, -1]
293	[-81.5595779572817, -1]
293	[-81.5595779572817, -1]
293	[-81.5595779572817, -1]
293	[-81.5595779572817, -1]
293	[-81.5595779572817, -1]
293	[-81.5595779572817, -1]
293	[-81.5595779572817, -1]
293	[-81.5595779572817, -1]
293	[-81.5595779572817, -1]
293	[-81.5595779572817, -1]
293	[-81.5595779572817, -1]
294	[-96.23632739015976, 0]
294	[-96.23632739015976, 0]
294	[-81.5595779572817, -1]
294	[-81.5595779572817, -1]
294	[-81.5595779572817, -1]
294	[-81.5595779572817, -1]
294	[-81.5595779572817, -1]
294	[-81.5595779572817, -1]
294	[-81.5595779572817, -1]
294	[-81.5595779572817, -1]
294	[-81.5595779572817, -1]
294	[-81.5595779572817, -1]
294	[-81.5595779572817, -1]
294	[-81.5595779572817, -1]
294	[-81.5595779572817, -1]
294	[-81.5595779572817, -1]
294	[-81.5595779572817, -1]
294	[-81.5595779572817, -1]
294	[-81.5595779572817, -1]
294	[-81.5595779572817, -1]
294	[-81.5595779572817, -1]
294	[-81.5595779572817, -1]
294	[-81.5595779572817, -1]
294	[-81.5595779572817, -1]
294	[-81.5595779572817, -1]
294	[-81.5595779572817, -1]
294	[-81.5595779572817, -1]
294	[-81.5595779572817, -1]
294	[-81.5595779572817, -1]
295	[-96.23632739015976, 0]
295	[-96.23632739015976, 0]
295	[-96.23632739015976, 0]
295	[-81.5595779572817, -1]
295	[-81.5595779572817, -1]
295	[-81.5595779572817, -1]
295	[-81.5595779572817, -1]
295	[-81.5595779572817, -1]
295	[-81.5595779572817, -1]
295	[-81.5595779572817, -1]
295	[-81.5595779572817, -1]
295	[-81.5595779572817, -1]
295	[-81.5595779572817, -1]
295	[-81.5595779572817, -1]
295	[-81.5595779572817, -1]
295	[-81.5595779572817, -1]
295	[-81.5595779572817, -1]
295	[-81.5595779572817, -1]
295	[-81.5595779572817, -1]
295	[-81.5595779572817, -1]
295	[-81.5595779572817, -1]
295	[-81.5595779572817, -1]
295	[-81.5595779572817, -1]
295	[-81.5595779572817, -1]
295	[-81.5595779572817, -1]
295	[-81.5595779572817, -1]
295	[-81.5595779572817, -1]
295	[-81.5595779572817, -1]
295	[-81.5595779572817, -1]
295	[-81.5595779572817, -1]
295	[-81.5595779572817, -1]
295	[-81.5595779572817, -1]
295	[-81.5595779572817, -1]
295	[-81.5595779572817, -1]
295	[-81.5595779572817, -1]
295	[-81.5595779572817, -1]
296	[-96.23632739015976, 0]
296	[-96.23632739015976, 0]
296	[-96.23632739015976, 0]
296	[-96.23632739015976, 0]
296	[-96.23632739015976, 0]
296	[-81.5595779572817, -1]
296	[-81.5595779572817, -1]
296	[-81.5595779572817, -1]
296	[-81.5595779572817, -1]
296	[-81.5595779572817, -1]
296	[-81.5595779572817, -1]
296	[-81.5595779572817, -1]
296	[-81.5595779572817, -1]
296	[-81.5595779572817, -1]
296	[-81.5595779572817, -1]
296	[-81.5595779572817, -1]
296	[-81.5595779572817, -1]
296	[-81.5595779572817, -1]
296	[-81.5595779572817, -1]
296	[-81.5595779572817, -1]
296	[-81.5595779572817, -1]
296	[-81.5595779572817, -1]
296	[-81.5595779572817, -1]
296	[-81.5595779572817, -1]
296	[-81.5595779572817, -1]
296	[-81.5595779572817, -1]
296	[-81.5595779572817, -1]
296	[-81.5595779572817, -1]
296	[-81.5595779572817, -1]
296	[-81.5595779572817, -1]
296	[-81.5595779572817, -1]
296	[-81.5595779572817, -1]
296	[-81.5595779572817, -1]
296	[-81.5595779572817, -1]
296	[-81.5595779572817, -1]
296	[-81.5595779572817, -1]
296	[-81.5595779572817, -1]
296	[-81.5595779572817, -1]
296	[-81.5595779572817, -1]
296	[-81.5595779572817, -1]
296	[-81.5595779572817, -1]
296	[-81.5595779572817, -1]
296	[-81.5595779572817, -1]
296	[-81.5595779572817, -1]
296	[-81.5595779572817, -1]
296	[-81.5595779572817, -1]
296	[-81.5595779572817, -1]
296	[-81.5595779572817, -1]
296	[-81.5595779572817, -1]
297	[-96.23632739015976, 0]
297	[-96.23632739015976, 0]
297	[-96.23632739015976, 0]
297	[-96.23632739015976, 0]
297	[-96.23632739015976, 0]
297	[-96.23632739015976, 0]
297	[-96.23632739015976, 0]
297	[-81.5595779572817, -1]
297	[-81.5595779572817, -1]
297	[-81.5595779572817, -1]
297	[-81.5595779572817, -1]
297	[-81.5595779572817, -1]
297	[-81.5595779572817, -1]
297	[-81.5595779572817, -1]
297	[-81.5595779572817, -1]
297	[-81.5595779572817, -1]
297	[-81.5595779572817, -1]
297	[-81.5595779572817, -1]
297	[-81.5595779572817, -1]
297	[-81.5595779572817, -1]
297	[-81.5595779572817, -1]
297	[-81.5595779572817, -1]
297	[-81.5595779572817, -1]
297	[-81.5595779572817, -1]
297	[-81.5595779572817, -1]
297	[-81.5595779572817, -1]
297	[-81.5595779572817, -1]
297	[-81.5595779572817, -1]
297	[-81.5595779572817, -1]
297	[-81.5595779572817, -1]
297	[-81.5595779572817, -1]
297	[-81.5595779572817, -1]
297	[-81.5595779572817, -1]
297	[-81.5595779572817, -1]
297	[-81.5595779572817, -1]
297	[-81.5595779572817, -1]
297	[-81.5595779572817, -1]
297	[-81.5595779572817, -1]
297	[-81.5595779572817, -1]
297	[-81.5595779572817, -1]
297	[-81.5595779572817, -1]
297	[-81.5595779572817, -1]
297	[-81.5595779572817, -1]
297	[-81.5595779572817, -1]
297	[-81.5595779572817, -1]
297	[-81.5595779572817, -1]
297	[-81.5595779572817, -1]
297	[-81.5595779572817, -1]
297	[-81.5595779572817, -1]
297	[-81.5595779572817, -1]
297	[-81.5595779572817, -1]
297	[-81.5595779572817, -1]
297	[-81.5595779572817, -1]
298	[-96.23632739015976, 0]
298	[-96.23632739015976, 0]
298	[-96.23632739015976, 0]
298	[-96.23632739015976, 0]
298	[-96.23632739015976, 0]
298	[-96.23632739015976, 0]
298	[-96.23632739015976, 0]
298	[-81.5595779572817, -1]
298	[-81.5595779572817, -1]
298	[-81.5595779572817, -1]
298	[-81.5595779572817, -1]
298	[-81.5595779572817, -1]
298	[-81.5595779572817, -1]
298	[-81.5595779572817, -1]
298	[-81.5595779572817, -1]
298	[-81.5595779572817, -1]
298	[-81.5595779572817, -1]
298	[-81.5595779572817, -1]
298	[-81.5595779572817, -1]
298	[-81.5595779572817, -1]
298	[-81.5595779572817, -1]
298	[-81.5595779572817, -1]
298	[-81.5595779572817, -1]
298	[-81.5595779572817, -1]
298	[-81.5595779572817, -1]
298	[-81.5595779572817, -1]
298	[-81.5595779572817, -1]
298	[-81.5595779572817, -1]
298	[-81.5595779572817, -1]
298	[-81.5595779572817, -1]
298	[-81.5595779572817, -1]
298	[-81.5595779572817, -1]
298	[-81.5595779572817, -1]
298	[-81.5595779572817, -1]
298	[-81.5595779572817, -1]
298	[-81.5595779572817, -1]
298	[-81.5595779572817, -1]
298	[-81.5595779572817, -1]
298	[-81.5595779572817, -1]
298	[-81.5595779572817, -1]
298	[-81.5595779572817, -1]
298	[-81.5595779572817, -1]
298	[-81.5595779572817, -1]
298	[-81.5595779572817, -1]
298	[-81.5595779572817, -1]
298	[-81.5595779572817, -1]
298	[-81.5595779572817, -1]
298	[-81.5595779572817, -1]
298	[-81.5595779572817, -1]
298	[-81.5595779572817, -1]
298	[-81.5595779572817, -1]
298	[-81.5595779572817, -1]
298	[-81.5595779572817, -1]
298	[-81.5595779572817, -1]
298	[-81.5595779572817, -1]
298	[-81.5595779572817, -1]
298	[-81.5595779572817, -1]
298	[-81.5595779572817, -1]
298	[-81.5595779572817, -1]
298	[-81.5595779572817, -1]
298	[-81.5595779572817, -1]
299	[-96.23632739015976, 0]
299	[-96.23632739015976, 0]
299	[-96.23632739015976, 0]
299	[-96.23632739015976, 0]
299	[-96.23632739015976, 0]
299	[-96.23632739015976, 0]
299	[-96.23632739015976, 0]
299	[-96.23632739015976, 0]
299	[-96.23632739015976, 0]
299	[-96.23632739015976, 0]
299	[-81.5595779572817, -1]
299	[-81.5595779572817, -1]
299	[-81.5595779572817, -1]
299	[-81.5595779572817, -1]
299	[-81.5595779572817, -1]
299	[-81.5595779572817, -1]
299	[-81.5595779572817, -1]
299	[-81.5595779572817, -1]
299	[-81.5595779572817, -1]
299	[-81.5595779572817, -1]
299	[-81.5595779572817, -1]
299	[-81.5595779572817, -1]
299	[-81.5595779572817, -1]
299	[-81.5595779572817, -1]
299	[-81.5595779572817, -1]
299	[-81.5595779572817, -1]
299	[-81.5595779572817, -1]
299	[-81.5595779572817, -1]
299	[-81.5595779572817, -1]
299	[-81.5595779572817, -1]
299	[-81.5595779572817, -1]
299	[-81.5595779572817, -1]
299	[-81.5595779572817, -1]
299	[-81.5595779572817, -1]
299	[-81.5595779572817, -1]
299	[-81.5595779572817, -1]
299	[-81.5595779572817, -1]
299	[-81.5595779572817, -1]
299	[-81.5595779572817, -1]
299	[-81.5595779572817, -1]
299	[-81.5595779572817, -1]
299	[-81.5595779572817, -1]
299	[-81.5595779572817, -1]
299	[-81.5595779572817, -1]
299	[-81.5595779572817, -1]
299	[-81.5595779572817, -1]
299	[-81.5595779572817, -1]
299	[-81.5595779572817, -1]
299	[-81.5595779572817, -1]
299	[-81.5595779572817, -1]
299	[-81.5595779572817, -1]
299	[-81.5595779572817, -1]
299	[-81.5595779572817, -1]
299	[-81.5595779572817, -1]
299	[-81.5595779572817, -1]
299	[-81.5595779572817, -1]
299	[-81.5595779572817, -1]
299	[-81.5595779572817, -1]
299	[-81.5595779572817, -1]
299	[-81.5595779572817, -1]
299	[-81.5595779572817, -1]
299	[-81.5595779572817, -1]
299	[-81.5595779572817, -1]
299	[-81.5595779572817, -1]
299	[-81.5595779572817, -1]
299	[-81.5595779572817, -1]
299	[-81.5595779572817, -1]
300	[-96.23632739015976, 0]
300	[-96.23632739015976, 0]
300	[-96.23632739015976, 0]
300	[-96.23632739015976, 0]
300	[-96.23632739015976, 0]
300	[-96.23632739015976, 0]
300	[-96.23632739015976, 0]
300	[-96.23632739015976, 0]
300	[-96.23632739015976, 0]
300	[-96.23632739015976, 0]
300	[-96.23632739015976, 0]
300	[-81.54681622402197, -1]
300	[-96.23632739015976, 0]
300	[-96.23632739015976, 0]
300	[-96.23632739015976, 0]
300	[-96.23632739015976, 0]
300	[-96.23632739015976, 0]
300	[-96.23632739015976, 0]
300	[-96.23632739015976, 0]
300	[-96.23632739015976, 0]
300	[-96.23632739015976, 0]
300	[-96.23632739015976, 0]
300	[-96.23632739015976, 0]
300	[-81.54681622402197, -1]
