Generation:
1500

Phenotype:
16
V1 = gm([7.6e0, +9.9e0, 3.2e0]);
V2 = gm([0.0e1, +5.0e0, 1.6e0]);
V3 = gm([0.0e0, +9.6e0, 0.1e0], [0.0e0, +1.2e0, 9.6e1], [6.5e0, +9.9e1, 9.9e1]);
V4 = uniform([+6.2e0, 7.7e0], 2);

Pre-processed Program
:T = gm([1.000000], [9.9], [3.2]);C = gm([1.000000], [5], [1.6]);E = gm([0.000000, 0.000000, 1.000000], [9.6, 1.2, 99], [0.1, 96, 99]);F = uniform([6.200000, 13.900000], 2);Genotype:
[235, 63, 78, 339, 320, 344, 397, 336, 294, 107, 472, 399, 369, 22, 438, 363, 252, 434, 364, 328, 426, 169, 240, 180, 295, 235, 306, 215, 480, 332, 164, 141, 306, 310, 410, 399, 113, 369, 170, 250, 122, 477, 48, 399, 486, 214, 344, 40, 221, 84, 269, 499, 300, 320, 238, 460, 62, 311, 222, 198, 442, 429, 466, 227, 106, 368, 366, 55, 344, 81, 312, 449, 39, 343, 444, 419, 469, 435, 237, 135, 104, 52, 136, 62, 436, 133, 267, 457, 384, 11, 105, 438, 457, 357, 180, 110, 165, 33, 371, 159, 68, 14, 438, 490, 448, 211, 50, 499, 260, 314, 231, 355, 175, 256]
Tree:
None
Fitness on 5000 data:
-149.42157213199948

Fitness:
-149.42157213199948