Generation:
798

Phenotype:
16
V1 = gm([1.6e1, +9.8e0, 3.2e0]);
V2 = gm([2.0e1, +5.0e0, 1.5e0]);
V3 = gm([0.0e1, -9.1e1, 8.8e0], [0.0e1, -0.0e1, 9.6e1], [1.5e1, +9.9e1, 9.9e1]);
V4 = uniform([+5.9e0, 7.9e0], 2);

Pre-processed Program
:T = gm([1.000000], [9.8], [3.2]);C = gm([1.000000], [5], [1.5]);E = gm([0.000000, 0.000000, 1.000000], [-91, 0, 99], [8.8, 96, 99]);F = uniform([5.900000, 13.800000], 2);Genotype:
[341, 63, 78, 339, 320, 344, 491, 96, 479, 107, 472, 399, 378, 444, 255, 363, 252, 12, 364, 385, 426, 251, 382, 180, 465, 235, 274, 215, 480, 332, 164, 141, 65, 310, 218, 399, 113, 369, 170, 250, 157, 477, 79, 399, 131, 93, 344, 298, 268, 84, 295, 499, 300, 320, 129, 284, 381, 180, 310, 299, 483, 429, 466, 227, 106, 368, 1, 55, 481, 81, 312, 449, 39, 201, 249, 419, 469, 435, 237, 453, 104, 414, 185, 409, 436, 133, 267, 379, 424, 11, 105, 438, 457, 357, 180, 110, 165, 33, 371, 159, 68, 14, 438, 490, 448, 211, 50, 499, 260, 314, 231, 355, 175, 256]
Tree:
None
Fitness on 5000 data:
-149.46363560288114

Fitness:
-149.46363560288114