Generation:
398

Phenotype:
16
V1 = gm([1.6e0, +9.8e0, 3.2e0]);
V2 = gm([9.0e1, +5.0e0, 2.0e0]);
V3 = gm([0.0e1, -9.9e0, 8.1e0], [0.2e0, -0.4e0, 9.7e1], [8.5e1, +9.9e1, 9.9e1]);
V4 = uniform([+5.9e0, 7.9e0], 2);

Pre-processed Program
:T = gm([1.000000], [9.8], [3.2]);C = gm([1.000000], [5], [2]);E = gm([0.000000, 0.002347, 0.997653], [-9.9, -0.4, 99], [8.1, 97, 99]);F = uniform([5.900000, 13.800000], 2);Genotype:
[440, 63, 454, 157, 320, 344, 491, 56, 296, 273, 420, 209, 378, 70, 390, 363, 252, 12, 364, 90, 96, 251, 29, 180, 465, 21, 274, 215, 480, 332, 67, 452, 330, 58, 218, 487, 97, 310, 170, 250, 133, 307, 191, 399, 9, 322, 228, 168, 11, 384, 295, 456, 350, 332, 414, 197, 381, 180, 324, 272, 9, 429, 107, 227, 290, 387, 58, 55, 481, 252, 312, 29, 39, 201, 249, 419, 469, 435, 467, 191, 104, 224, 185, 409, 332, 243, 267, 379, 424, 11, 105, 438, 457, 357, 180, 110, 165, 33, 371, 159, 68, 14, 438, 490, 448, 211, 50, 499, 260, 314, 231, 355, 175, 256]
Tree:
None
Fitness on 5000 data:
-149.9484488902645

Fitness:
-149.9484488902645