Generation:
1198

Phenotype:
16
V1 = gm([1.6e1, +9.9e0, 3.2e0]);
V2 = gm([2.0e1, +5.0e0, 1.6e0]);
V3 = gm([0.0e0, +9.6e1, 8.8e0], [0.0e1, -1.0e0, 9.6e1], [8.5e0, +9.9e1, 9.9e1]);
V4 = uniform([+5.9e0, 7.9e0], 2);

Pre-processed Program
:T = gm([1.000000], [9.9], [3.2]);C = gm([1.000000], [5], [1.6]);E = gm([0.000000, 0.000000, 1.000000], [96, -1, 99], [8.8, 96, 99]);F = uniform([5.900000, 13.800000], 2);Genotype:
[235, 63, 78, 339, 320, 344, 491, 336, 479, 107, 472, 399, 369, 444, 438, 363, 252, 434, 364, 384, 426, 169, 382, 180, 295, 235, 306, 215, 480, 332, 164, 141, 306, 310, 218, 399, 113, 369, 170, 250, 122, 477, 48, 399, 486, 93, 344, 298, 268, 84, 269, 499, 300, 320, 129, 460, 127, 311, 310, 432, 483, 429, 466, 227, 106, 368, 448, 55, 344, 81, 312, 449, 39, 343, 249, 419, 469, 435, 237, 135, 104, 52, 185, 409, 436, 133, 267, 379, 424, 11, 105, 438, 457, 357, 180, 110, 165, 33, 371, 159, 68, 14, 438, 490, 448, 211, 50, 499, 260, 314, 231, 355, 175, 256]
Tree:
None
Fitness on 5000 data:
-149.4429989630642

Fitness:
-149.4429989630642