0	[-111.44686539143174, -1]
1	[-111.33409559761924, -1]
2	[-105.99912570686544, 0]
2	[-105.1222598728853, -2]
3	[-105.99912570686544, 0]
3	[-102.47365770837405, -1]
4	[-105.99912570686544, 0]
4	[-102.47365770837405, -1]
4	[-102.36459397420991, -2]
4	[-98.35801379165716, -3]
5	[-105.99912570686544, 0]
5	[-102.47365770837405, -1]
5	[-102.00053889723043, -2]
5	[-98.35801379165716, -3]
6	[-98.14901036394379, 0]
7	[-97.14645522836697, 0]
7	[-96.3496511073693, -1]
8	[-97.14645522836697, 0]
8	[-90.55639014445138, -1]
9	[-97.14645522836697, 0]
9	[-88.89846955993329, -1]
10	[-96.00240371674124, 0]
10	[-88.89846955993329, -1]
11	[-95.65521794870027, 0]
11	[-88.89846955993329, -1]
12	[-95.65521794870027, 0]
12	[-95.65521794870027, 0]
12	[-86.63392463688191, -1]
13	[-95.56857434626602, 0]
13	[-86.63392463688191, -1]
14	[-91.04071579449818, 0]
14	[-86.63392463688191, -1]
15	[-91.04071579449818, 0]
15	[-86.63392463688191, -1]
16	[-87.91261427835627, 0]
16	[-86.63392463688191, -1]
17	[-87.91261427835627, 0]
17	[-86.63392463688191, -1]
18	[-87.91261427835627, 0]
18	[-86.63392463688191, -1]
19	[-87.91261427835627, 0]
19	[-85.3273220276702, -1]
20	[-87.91261427835627, 0]
20	[-83.82762150630926, -1]
21	[-87.91261427835627, 0]
21	[-83.82762150630926, -1]
22	[-87.91261427835627, 0]
22	[-83.82762150630926, -1]
23	[-83.83698616032726, 0]
23	[-83.49935297642473, -1]
24	[-83.83698616032726, 0]
24	[-80.92349691323875, -1]
25	[-83.83698616032726, 0]
25	[-80.92349691323875, -1]
26	[-83.83698616032726, 0]
26	[-78.41919422737118, -1]
27	[-83.75177752278567, 0]
27	[-78.41919422737118, -1]
28	[-83.75177752278567, 0]
28	[-78.41919422737118, -1]
29	[-83.75177752278567, 0]
29	[-78.41919422737118, -1]
30	[-83.66195802480547, 0]
30	[-78.37686471759106, -1]
31	[-76.477065354535, 0]
32	[-76.477065354535, 0]
33	[-76.477065354535, 0]
34	[-76.477065354535, 0]
35	[-72.62413593829805, 0]
36	[-72.41542083885021, 0]
37	[-72.41542083885021, 0]
38	[-72.41542083885021, 0]
39	[-72.41542083885021, 0]
40	[-72.41542083885021, 0]
41	[-72.41542083885021, 0]
42	[-72.41542083885021, 0]
43	[-72.41542083885021, 0]
44	[-72.41542083885021, 0]
45	[-72.41542083885021, 0]
46	[-70.54842223501338, 0]
47	[-70.54842223501338, 0]
47	[-69.73210108061829, -1]
48	[-70.54842223501338, 0]
48	[-69.73210108061829, -1]
49	[-70.54842223501338, 0]
49	[-69.73210108061829, -1]
50	[-70.54842223501338, 0]
50	[-69.73210108061829, -1]
51	[-70.54842223501338, 0]
51	[-69.73210108061829, -1]
52	[-70.54842223501338, 0]
52	[-67.85194528676178, -1]
53	[-70.54842223501338, 0]
53	[-67.85194528676178, -1]
54	[-70.13330041369791, 0]
54	[-67.85194528676178, -1]
55	[-70.13330041369791, 0]
55	[-67.85194528676178, -1]
56	[-70.13330041369791, 0]
56	[-67.85194528676178, -1]
56	[-67.85194528676178, -1]
57	[-70.13330041369791, 0]
57	[-67.85194528676178, -1]
57	[-67.85194528676178, -1]
58	[-70.13330041369791, 0]
58	[-67.85194528676178, -1]
58	[-67.85194528676178, -1]
59	[-69.50440974427292, 0]
59	[-67.85194528676178, -1]
59	[-67.85194528676178, -1]
60	[-69.50440974427292, 0]
60	[-67.85194528676178, -1]
60	[-67.85194528676178, -1]
61	[-69.50440974427292, 0]
61	[-67.84784633574816, -1]
62	[-69.50440974427292, 0]
62	[-67.84784633574816, -1]
63	[-69.50440974427292, 0]
63	[-69.50440974427292, 0]
63	[-67.59056864694574, -1]
64	[-69.50141793041809, 0]
64	[-67.59056864694574, -1]
65	[-69.50141793041809, 0]
65	[-67.55540512801208, -1]
66	[-68.74677521023185, 0]
66	[-67.55540512801208, -1]
67	[-68.41611394473345, 0]
67	[-67.39688175553962, -1]
68	[-68.41611394473345, 0]
68	[-67.39688175553962, -1]
69	[-68.41611394473345, 0]
69	[-67.39688175553962, -1]
70	[-68.15125561051825, 0]
70	[-67.20660233226504, -1]
71	[-68.15125561051825, 0]
71	[-67.20660233226504, -1]
72	[-68.15125561051825, 0]
72	[-66.88081431603527, -1]
73	[-68.15125561051825, 0]
73	[-66.88081431603527, -1]
74	[-67.99086232155027, 0]
74	[-66.88081431603527, -1]
75	[-67.99086232155027, 0]
75	[-65.92904601335853, -1]
76	[-67.99086232155027, 0]
76	[-65.92904601335853, -1]
76	[-65.92904601335853, -1]
77	[-67.99086232155027, 0]
77	[-65.92904601335853, -1]
77	[-65.92904601335853, -1]
78	[-67.99086232155027, 0]
78	[-65.92904601335853, -1]
78	[-65.92904601335853, -1]
78	[-65.92904601335853, -1]
79	[-67.99086232155027, 0]
79	[-65.92904601335853, -1]
79	[-65.92904601335853, -1]
79	[-65.92904601335853, -1]
79	[-65.92904601335853, -1]
80	[-67.99086232155027, 0]
80	[-65.74557703648448, -1]
81	[-67.93558872747286, 0]
81	[-65.74557703648448, -1]
82	[-67.93558872747286, 0]
82	[-65.74557703648448, -1]
83	[-67.93558872747286, 0]
83	[-67.93558872747286, 0]
83	[-65.74557703648448, -1]
84	[-67.63470545797517, 0]
84	[-65.74557703648448, -1]
85	[-67.63470545797517, 0]
85	[-65.74557703648448, -1]
86	[-67.63470545797517, 0]
86	[-65.74557703648448, -1]
87	[-67.63470545797517, 0]
87	[-65.74557703648448, -1]
88	[-67.63470545797517, 0]
88	[-65.74557703648448, -1]
89	[-67.63470545797517, 0]
89	[-65.74557703648448, -1]
90	[-67.63470545797517, 0]
90	[-65.74557703648448, -1]
91	[-67.63470545797517, 0]
91	[-65.67695091569712, -1]
92	[-67.63470545797517, 0]
92	[-65.67695091569712, -1]
92	[-65.67695091569712, -1]
93	[-66.80396461931133, 0]
93	[-64.7357301488044, -1]
94	[-66.80396461931133, 0]
94	[-64.7357301488044, -1]
95	[-66.80396461931133, 0]
95	[-64.7357301488044, -1]
96	[-66.80396461931133, 0]
96	[-64.56594913766668, -1]
97	[-66.80396461931133, 0]
97	[-64.56594913766668, -1]
98	[-66.80396461931133, 0]
98	[-64.56594913766668, -1]
99	[-66.80396461931133, 0]
99	[-64.56594913766668, -1]
100	[-66.80396461931133, 0]
100	[-64.56594913766668, -1]
101	[-65.48547744780954, 0]
101	[-64.56594913766668, -1]
101	[-64.56594913766668, -1]
102	[-65.48547744780954, 0]
102	[-63.98782743960301, -1]
103	[-65.48547744780954, 0]
103	[-63.98782743960301, -1]
103	[-63.98782743960301, -1]
104	[-65.48547744780954, 0]
104	[-63.651711917549264, -1]
105	[-65.48547744780954, 0]
105	[-63.651711917549264, -1]
106	[-65.48547744780954, 0]
106	[-60.16109388407878, -1]
107	[-65.48547744780954, 0]
107	[-60.16109388407878, -1]
108	[-65.48547744780954, 0]
108	[-60.16109388407878, -1]
109	[-65.48547744780954, 0]
109	[-60.16109388407878, -1]
110	[-65.48547744780954, 0]
110	[-59.75199484751997, -1]
111	[-65.48547744780954, 0]
111	[-59.75199484751997, -1]
112	[-65.48547744780954, 0]
112	[-59.75199484751997, -1]
113	[-65.48547744780954, 0]
113	[-59.75199484751997, -1]
114	[-65.48547744780954, 0]
114	[-59.75199484751997, -1]
115	[-65.48547744780954, 0]
115	[-58.88440022593328, -1]
116	[-65.48547744780954, 0]
116	[-58.88440022593328, -1]
117	[-62.67007719510679, 0]
117	[-58.88396404102284, -1]
118	[-62.67007719510679, 0]
118	[-58.8837475686367, -1]
119	[-62.67007719510679, 0]
119	[-58.8837475686367, -1]
119	[-58.8837475686367, -1]
119	[-58.8837475686367, -1]
120	[-62.67007719510679, 0]
120	[-58.872087175638406, -1]
121	[-62.67007719510679, 0]
121	[-58.872087175638406, -1]
121	[-58.872087175638406, -1]
122	[-62.67007719510679, 0]
122	[-58.87187835750668, -1]
123	[-62.67007719510679, 0]
123	[-58.87187835750668, -1]
124	[-62.67007719510679, 0]
124	[-58.846617025247454, -1]
125	[-62.67007719510679, 0]
125	[-57.93557288936241, -1]
126	[-62.67007719510679, 0]
126	[-57.93557288936241, -1]
127	[-62.67007719510679, 0]
127	[-57.93557288936241, -1]
128	[-62.67007719510679, 0]
128	[-57.93557288936241, -1]
129	[-62.67007719510679, 0]
129	[-57.93557288936241, -1]
130	[-62.67007719510679, 0]
130	[-57.93557288936241, -1]
131	[-62.67007719510679, 0]
131	[-57.93557288936241, -1]
132	[-62.67007719510679, 0]
132	[-57.93557288936241, -1]
133	[-62.67007719510679, 0]
133	[-57.93557288936241, -1]
134	[-61.9111778777425, 0]
134	[-57.93557288936241, -1]
135	[-61.9111778777425, 0]
135	[-57.84031461462723, -1]
136	[-61.9111778777425, 0]
136	[-57.84031461462723, -1]
137	[-61.9111778777425, 0]
137	[-57.84031461462723, -1]
138	[-61.9111778777425, 0]
138	[-57.84031461462723, -1]
139	[-61.9111778777425, 0]
139	[-61.9111778777425, 0]
139	[-61.9111778777425, 0]
139	[-57.84031461462723, -1]
140	[-61.9111778777425, 0]
140	[-61.9111778777425, 0]
140	[-61.9111778777425, 0]
140	[-57.84031461462723, -1]
141	[-60.44367674046663, 0]
141	[-57.84031461462723, -1]
142	[-60.44367674046663, 0]
142	[-57.84031461462723, -1]
143	[-60.44367674046663, 0]
143	[-57.84031461462723, -1]
144	[-60.44367674046663, 0]
144	[-57.84031461462723, -1]
145	[-60.42605502716638, 0]
145	[-57.84031461462723, -1]
146	[-60.42605502716638, 0]
146	[-57.84031461462723, -1]
146	[-57.84031461462723, -1]
147	[-60.42605502716638, 0]
147	[-57.84031461462723, -1]
147	[-57.84031461462723, -1]
147	[-57.84031461462723, -1]
147	[-57.84031461462723, -1]
148	[-60.42605502716638, 0]
148	[-57.84031461462723, -1]
148	[-57.84031461462723, -1]
148	[-57.84031461462723, -1]
148	[-57.84031461462723, -1]
149	[-60.42605502716638, 0]
149	[-57.84031461462723, -1]
149	[-57.84031461462723, -1]
149	[-57.84031461462723, -1]
149	[-57.84031461462723, -1]
149	[-57.84031461462723, -1]
150	[-60.35345087620788, 0]
150	[-57.84031461462723, -1]
150	[-57.84031461462723, -1]
150	[-57.84031461462723, -1]
150	[-57.84031461462723, -1]
150	[-57.84031461462723, -1]
150	[-57.84031461462723, -1]
151	[-60.35345087620788, 0]
151	[-57.84031461462723, -1]
151	[-57.84031461462723, -1]
151	[-57.84031461462723, -1]
151	[-57.84031461462723, -1]
151	[-57.84031461462723, -1]
151	[-57.84031461462723, -1]
152	[-60.35345087620788, 0]
152	[-57.84031461462723, -1]
152	[-57.84031461462723, -1]
152	[-57.84031461462723, -1]
152	[-57.84031461462723, -1]
152	[-57.84031461462723, -1]
152	[-57.84031461462723, -1]
152	[-57.84031461462723, -1]
152	[-57.84031461462723, -1]
153	[-60.35345087620788, 0]
153	[-57.84031461462723, -1]
153	[-57.84031461462723, -1]
153	[-57.84031461462723, -1]
153	[-57.84031461462723, -1]
153	[-57.84031461462723, -1]
153	[-57.84031461462723, -1]
153	[-57.84031461462723, -1]
153	[-57.84031461462723, -1]
153	[-57.84031461462723, -1]
154	[-60.162812694310745, 0]
154	[-57.84031461462723, -1]
154	[-57.84031461462723, -1]
154	[-57.84031461462723, -1]
154	[-57.84031461462723, -1]
154	[-57.84031461462723, -1]
154	[-57.84031461462723, -1]
154	[-57.84031461462723, -1]
154	[-57.84031461462723, -1]
154	[-57.84031461462723, -1]
154	[-57.84031461462723, -1]
154	[-57.84031461462723, -1]
154	[-57.84031461462723, -1]
155	[-60.162812694310745, 0]
155	[-57.84031461462723, -1]
155	[-57.84031461462723, -1]
155	[-57.84031461462723, -1]
155	[-57.84031461462723, -1]
155	[-57.84031461462723, -1]
155	[-57.84031461462723, -1]
155	[-57.84031461462723, -1]
155	[-57.84031461462723, -1]
155	[-57.84031461462723, -1]
155	[-57.84031461462723, -1]
155	[-57.84031461462723, -1]
155	[-57.84031461462723, -1]
156	[-60.162812694310745, 0]
156	[-57.84031461462723, -1]
156	[-57.84031461462723, -1]
156	[-57.84031461462723, -1]
156	[-57.84031461462723, -1]
156	[-57.84031461462723, -1]
156	[-57.84031461462723, -1]
156	[-57.84031461462723, -1]
156	[-57.84031461462723, -1]
156	[-57.84031461462723, -1]
156	[-57.84031461462723, -1]
156	[-57.84031461462723, -1]
156	[-57.84031461462723, -1]
156	[-57.84031461462723, -1]
156	[-57.84031461462723, -1]
157	[-60.162812694310745, 0]
157	[-57.84031461462723, -1]
157	[-57.84031461462723, -1]
157	[-57.84031461462723, -1]
157	[-57.84031461462723, -1]
157	[-57.84031461462723, -1]
157	[-57.84031461462723, -1]
157	[-57.84031461462723, -1]
157	[-57.84031461462723, -1]
157	[-57.84031461462723, -1]
157	[-57.84031461462723, -1]
157	[-57.84031461462723, -1]
157	[-57.84031461462723, -1]
157	[-57.84031461462723, -1]
157	[-57.84031461462723, -1]
157	[-57.84031461462723, -1]
157	[-57.84031461462723, -1]
158	[-60.162812694310745, 0]
158	[-57.84031461462723, -1]
158	[-57.84031461462723, -1]
158	[-57.84031461462723, -1]
158	[-57.84031461462723, -1]
158	[-57.84031461462723, -1]
158	[-57.84031461462723, -1]
158	[-57.84031461462723, -1]
158	[-57.84031461462723, -1]
158	[-57.84031461462723, -1]
158	[-57.84031461462723, -1]
158	[-57.84031461462723, -1]
158	[-57.84031461462723, -1]
158	[-57.84031461462723, -1]
158	[-57.84031461462723, -1]
158	[-57.84031461462723, -1]
158	[-57.84031461462723, -1]
158	[-57.84031461462723, -1]
159	[-60.162812694310745, 0]
159	[-57.80367453852545, -1]
160	[-60.162812694310745, 0]
160	[-57.80367453852545, -1]
161	[-60.162812694310745, 0]
161	[-57.80367453852545, -1]
162	[-60.162812694310745, 0]
162	[-56.87141114638384, -1]
163	[-60.162812694310745, 0]
163	[-56.87141114638384, -1]
164	[-60.162812694310745, 0]
164	[-56.87141114638384, -1]
164	[-56.87141114638384, -1]
165	[-60.162812694310745, 0]
165	[-56.65757052652442, -1]
166	[-60.162812694310745, 0]
166	[-60.162812694310745, 0]
166	[-56.65757052652442, -1]
166	[-56.65757052652442, -1]
166	[-56.65757052652442, -1]
167	[-58.38577214477747, 0]
167	[-56.65757052652442, -1]
167	[-56.65757052652442, -1]
167	[-56.65757052652442, -1]
167	[-56.65757052652442, -1]
167	[-56.65757052652442, -1]
168	[-58.38577214477747, 0]
168	[-56.36604819159445, -1]
169	[-58.38577214477747, 0]
169	[-56.1245258566645, -1]
170	[-58.38577214477747, 0]
170	[-56.1245258566645, -1]
171	[-58.38577214477747, 0]
171	[-58.38577214477747, 0]
171	[-56.1245258566645, -1]
172	[-58.38577214477747, 0]
172	[-58.38577214477747, 0]
172	[-58.38577214477747, 0]
172	[-56.1245258566645, -1]
173	[-57.843013719919185, 0]
173	[-56.1245258566645, -1]
174	[-57.843013719919185, 0]
174	[-56.05512952279896, -1]
175	[-57.843013719919185, 0]
175	[-56.05512952279896, -1]
175	[-56.05512952279896, -1]
176	[-57.843013719919185, 0]
176	[-56.05512952279896, -1]
176	[-56.05512952279896, -1]
177	[-57.843013719919185, 0]
177	[-56.05512952279896, -1]
177	[-56.05512952279896, -1]
177	[-56.05512952279896, -1]
178	[-57.843013719919185, 0]
178	[-56.05512952279896, -1]
178	[-56.05512952279896, -1]
178	[-56.05512952279896, -1]
178	[-56.05512952279896, -1]
178	[-56.05512952279896, -1]
179	[-57.843013719919185, 0]
179	[-56.05512952279896, -1]
179	[-56.05512952279896, -1]
179	[-56.05512952279896, -1]
179	[-56.05512952279896, -1]
179	[-56.05512952279896, -1]
179	[-56.05512952279896, -1]
180	[-57.728173991121714, 0]
180	[-56.05512952279896, -1]
180	[-56.05512952279896, -1]
180	[-56.05512952279896, -1]
180	[-56.05512952279896, -1]
180	[-56.05512952279896, -1]
180	[-56.05512952279896, -1]
180	[-56.05512952279896, -1]
181	[-57.728173991121714, 0]
181	[-56.05512952279896, -1]
181	[-56.05512952279896, -1]
181	[-56.05512952279896, -1]
181	[-56.05512952279896, -1]
181	[-56.05512952279896, -1]
181	[-56.05512952279896, -1]
181	[-56.05512952279896, -1]
181	[-56.05512952279896, -1]
181	[-56.05512952279896, -1]
182	[-57.728173991121714, 0]
182	[-56.05512952279896, -1]
182	[-56.05512952279896, -1]
182	[-56.05512952279896, -1]
182	[-56.05512952279896, -1]
182	[-56.05512952279896, -1]
182	[-56.05512952279896, -1]
182	[-56.05512952279896, -1]
182	[-56.05512952279896, -1]
182	[-56.05512952279896, -1]
182	[-56.05512952279896, -1]
183	[-57.728173991121714, 0]
183	[-56.05512952279896, -1]
183	[-56.05512952279896, -1]
183	[-56.05512952279896, -1]
183	[-56.05512952279896, -1]
183	[-56.05512952279896, -1]
183	[-56.05512952279896, -1]
183	[-56.05512952279896, -1]
183	[-56.05512952279896, -1]
183	[-56.05512952279896, -1]
183	[-56.05512952279896, -1]
183	[-56.05512952279896, -1]
183	[-56.05512952279896, -1]
183	[-56.05512952279896, -1]
183	[-56.05512952279896, -1]
184	[-57.728173991121714, 0]
184	[-56.02619687802483, -1]
185	[-57.728173991121714, 0]
185	[-56.02619687802483, -1]
186	[-57.728173991121714, 0]
186	[-56.02619687802483, -1]
187	[-57.728173991121714, 0]
187	[-56.02619687802483, -1]
188	[-57.728173991121714, 0]
188	[-57.728173991121714, 0]
188	[-55.66672173969909, -1]
189	[-57.728173991121714, 0]
189	[-57.728173991121714, 0]
189	[-55.66672173969909, -1]
190	[-57.728173991121714, 0]
190	[-57.728173991121714, 0]
190	[-55.66672173969909, -1]
191	[-57.728173991121714, 0]
191	[-57.728173991121714, 0]
191	[-55.66672173969909, -1]
192	[-57.728173991121714, 0]
192	[-57.728173991121714, 0]
192	[-55.66672173969909, -1]
193	[-57.728173991121714, 0]
193	[-57.728173991121714, 0]
193	[-55.66672173969909, -1]
194	[-57.728173991121714, 0]
194	[-57.728173991121714, 0]
194	[-55.66672173969909, -1]
195	[-57.728173991121714, 0]
195	[-57.728173991121714, 0]
195	[-55.66672173969909, -1]
196	[-57.728173991121714, 0]
196	[-57.728173991121714, 0]
196	[-55.66672173969909, -1]
196	[-55.66672173969909, -1]
197	[-57.728173991121714, 0]
197	[-57.728173991121714, 0]
197	[-55.66672173969909, -1]
197	[-55.66672173969909, -1]
197	[-55.66672173969909, -1]
198	[-57.728173991121714, 0]
198	[-57.728173991121714, 0]
198	[-57.728173991121714, 0]
198	[-55.66672173969909, -1]
198	[-55.66672173969909, -1]
198	[-55.66672173969909, -1]
198	[-55.66672173969909, -1]
199	[-57.728173991121714, 0]
199	[-57.728173991121714, 0]
199	[-57.728173991121714, 0]
199	[-55.66672173969909, -1]
199	[-55.66672173969909, -1]
199	[-55.66672173969909, -1]
199	[-55.66672173969909, -1]
199	[-55.66672173969909, -1]
200	[-57.728173991121714, 0]
200	[-57.728173991121714, 0]
200	[-57.728173991121714, 0]
200	[-55.66672173969909, -1]
200	[-55.66672173969909, -1]
200	[-55.66672173969909, -1]
200	[-55.66672173969909, -1]
200	[-55.66672173969909, -1]
200	[-55.66672173969909, -1]
201	[-57.728173991121714, 0]
201	[-57.728173991121714, 0]
201	[-57.728173991121714, 0]
201	[-57.728173991121714, 0]
201	[-55.66672173969909, -1]
201	[-55.66672173969909, -1]
201	[-55.66672173969909, -1]
201	[-55.66672173969909, -1]
201	[-55.66672173969909, -1]
201	[-55.66672173969909, -1]
202	[-57.728173991121714, 0]
202	[-57.728173991121714, 0]
202	[-57.728173991121714, 0]
202	[-57.728173991121714, 0]
202	[-55.23129991598355, -1]
203	[-57.669914889790974, 0]
203	[-55.23129991598355, -1]
203	[-55.23129991598355, -1]
204	[-57.669914889790974, 0]
204	[-55.23129991598355, -1]
204	[-55.23129991598355, -1]
205	[-57.669914889790974, 0]
205	[-55.23129991598355, -1]
205	[-55.23129991598355, -1]
206	[-57.669914889790974, 0]
206	[-57.669914889790974, 0]
206	[-55.23129991598355, -1]
206	[-55.23129991598355, -1]
207	[-56.40037779167567, 0]
207	[-55.23129991598355, -1]
207	[-55.23129991598355, -1]
208	[-56.40037779167567, 0]
208	[-55.23129991598355, -1]
208	[-55.23129991598355, -1]
209	[-56.40037779167567, 0]
209	[-54.931519326908145, -1]
210	[-56.40037779167567, 0]
210	[-54.931519326908145, -1]
211	[-56.40037779167567, 0]
211	[-54.931519326908145, -1]
211	[-54.931519326908145, -1]
212	[-56.40037779167567, 0]
212	[-54.931519326908145, -1]
212	[-54.931519326908145, -1]
213	[-56.40037779167567, 0]
213	[-54.931519326908145, -1]
213	[-54.931519326908145, -1]
214	[-56.40037779167567, 0]
214	[-54.931519326908145, -1]
214	[-54.931519326908145, -1]
215	[-55.920604119409795, 0]
215	[-54.931519326908145, -1]
215	[-54.931519326908145, -1]
216	[-55.45718805766061, 0]
216	[-54.931519326908145, -1]
216	[-54.931519326908145, -1]
217	[-55.45718805766061, 0]
217	[-54.90033348627547, -1]
218	[-55.45718805766061, 0]
218	[-54.90033348627547, -1]
219	[-55.45718805766061, 0]
219	[-54.90033348627547, -1]
220	[-55.45718805766061, 0]
220	[-54.90033348627547, -1]
221	[-55.45718805766061, 0]
221	[-54.842892132883684, -1]
221	[-54.842892132883684, -1]
222	[-55.45718805766061, 0]
222	[-54.842892132883684, -1]
222	[-54.842892132883684, -1]
223	[-55.45718805766061, 0]
223	[-54.842892132883684, -1]
223	[-54.842892132883684, -1]
223	[-54.842892132883684, -1]
224	[-55.45718805766061, 0]
224	[-54.842892132883684, -1]
224	[-54.842892132883684, -1]
224	[-54.842892132883684, -1]
225	[-55.45718805766061, 0]
225	[-54.842892132883684, -1]
225	[-54.842892132883684, -1]
225	[-54.842892132883684, -1]
225	[-54.842892132883684, -1]
226	[-55.45718805766061, 0]
226	[-54.842892132883684, -1]
226	[-54.842892132883684, -1]
226	[-54.842892132883684, -1]
226	[-54.842892132883684, -1]
226	[-54.842892132883684, -1]
227	[-55.45718805766061, 0]
227	[-54.842892132883684, -1]
227	[-54.842892132883684, -1]
227	[-54.842892132883684, -1]
227	[-54.842892132883684, -1]
227	[-54.842892132883684, -1]
228	[-55.45718805766061, 0]
228	[-54.842892132883684, -1]
228	[-54.842892132883684, -1]
228	[-54.842892132883684, -1]
228	[-54.842892132883684, -1]
228	[-54.842892132883684, -1]
228	[-54.842892132883684, -1]
229	[-55.45718805766061, 0]
229	[-54.842892132883684, -1]
229	[-54.842892132883684, -1]
229	[-54.842892132883684, -1]
229	[-54.842892132883684, -1]
229	[-54.842892132883684, -1]
229	[-54.842892132883684, -1]
229	[-54.842892132883684, -1]
230	[-55.45718805766061, 0]
230	[-54.842892132883684, -1]
230	[-54.842892132883684, -1]
230	[-54.842892132883684, -1]
230	[-54.842892132883684, -1]
230	[-54.842892132883684, -1]
230	[-54.842892132883684, -1]
230	[-54.842892132883684, -1]
230	[-54.842892132883684, -1]
230	[-54.842892132883684, -1]
230	[-54.842892132883684, -1]
230	[-54.842892132883684, -1]
231	[-55.45718805766061, 0]
231	[-54.842892132883684, -1]
231	[-54.842892132883684, -1]
231	[-54.842892132883684, -1]
231	[-54.842892132883684, -1]
231	[-54.842892132883684, -1]
231	[-54.842892132883684, -1]
231	[-54.842892132883684, -1]
231	[-54.842892132883684, -1]
231	[-54.842892132883684, -1]
231	[-54.842892132883684, -1]
231	[-54.842892132883684, -1]
232	[-55.45718805766061, 0]
232	[-54.842892132883684, -1]
232	[-54.842892132883684, -1]
232	[-54.842892132883684, -1]
232	[-54.842892132883684, -1]
232	[-54.842892132883684, -1]
232	[-54.842892132883684, -1]
232	[-54.842892132883684, -1]
232	[-54.842892132883684, -1]
232	[-54.842892132883684, -1]
232	[-54.842892132883684, -1]
232	[-54.842892132883684, -1]
232	[-54.842892132883684, -1]
232	[-54.842892132883684, -1]
232	[-54.842892132883684, -1]
233	[-55.45718805766061, 0]
233	[-54.842892132883684, -1]
233	[-54.842892132883684, -1]
233	[-54.842892132883684, -1]
233	[-54.842892132883684, -1]
233	[-54.842892132883684, -1]
233	[-54.842892132883684, -1]
233	[-54.842892132883684, -1]
233	[-54.842892132883684, -1]
233	[-54.842892132883684, -1]
233	[-54.842892132883684, -1]
233	[-54.842892132883684, -1]
233	[-54.842892132883684, -1]
233	[-54.842892132883684, -1]
233	[-54.842892132883684, -1]
233	[-54.842892132883684, -1]
233	[-54.842892132883684, -1]
233	[-54.842892132883684, -1]
233	[-54.842892132883684, -1]
233	[-54.842892132883684, -1]
233	[-54.842892132883684, -1]
234	[-55.45718805766061, 0]
234	[-54.842892132883684, -1]
234	[-54.842892132883684, -1]
234	[-54.842892132883684, -1]
234	[-54.842892132883684, -1]
234	[-54.842892132883684, -1]
234	[-54.842892132883684, -1]
234	[-54.842892132883684, -1]
234	[-54.842892132883684, -1]
234	[-54.842892132883684, -1]
234	[-54.842892132883684, -1]
234	[-54.842892132883684, -1]
234	[-54.842892132883684, -1]
234	[-54.842892132883684, -1]
234	[-54.842892132883684, -1]
234	[-54.842892132883684, -1]
234	[-54.842892132883684, -1]
234	[-54.842892132883684, -1]
234	[-54.842892132883684, -1]
234	[-54.842892132883684, -1]
234	[-54.842892132883684, -1]
234	[-54.842892132883684, -1]
234	[-54.842892132883684, -1]
234	[-54.842892132883684, -1]
234	[-54.842892132883684, -1]
235	[-55.45718805766061, 0]
235	[-54.842892132883684, -1]
235	[-54.842892132883684, -1]
235	[-54.842892132883684, -1]
235	[-54.842892132883684, -1]
235	[-54.842892132883684, -1]
235	[-54.842892132883684, -1]
235	[-54.842892132883684, -1]
235	[-54.842892132883684, -1]
235	[-54.842892132883684, -1]
235	[-54.842892132883684, -1]
235	[-54.842892132883684, -1]
235	[-54.842892132883684, -1]
235	[-54.842892132883684, -1]
235	[-54.842892132883684, -1]
235	[-54.842892132883684, -1]
235	[-54.842892132883684, -1]
235	[-54.842892132883684, -1]
235	[-54.842892132883684, -1]
235	[-54.842892132883684, -1]
235	[-54.842892132883684, -1]
235	[-54.842892132883684, -1]
235	[-54.842892132883684, -1]
235	[-54.842892132883684, -1]
235	[-54.842892132883684, -1]
235	[-54.842892132883684, -1]
235	[-54.842892132883684, -1]
236	[-55.45718805766061, 0]
236	[-54.842892132883684, -1]
236	[-54.842892132883684, -1]
236	[-54.842892132883684, -1]
236	[-54.842892132883684, -1]
236	[-54.842892132883684, -1]
236	[-54.842892132883684, -1]
236	[-54.842892132883684, -1]
236	[-54.842892132883684, -1]
236	[-54.842892132883684, -1]
236	[-54.842892132883684, -1]
236	[-54.842892132883684, -1]
236	[-54.842892132883684, -1]
236	[-54.842892132883684, -1]
236	[-54.842892132883684, -1]
236	[-54.842892132883684, -1]
236	[-54.842892132883684, -1]
236	[-54.842892132883684, -1]
236	[-54.842892132883684, -1]
236	[-54.842892132883684, -1]
236	[-54.842892132883684, -1]
236	[-54.842892132883684, -1]
236	[-54.842892132883684, -1]
236	[-54.842892132883684, -1]
236	[-54.842892132883684, -1]
236	[-54.842892132883684, -1]
236	[-54.842892132883684, -1]
236	[-54.842892132883684, -1]
236	[-54.842892132883684, -1]
236	[-54.842892132883684, -1]
236	[-54.842892132883684, -1]
236	[-54.842892132883684, -1]
236	[-54.842892132883684, -1]
237	[-55.45718805766061, 0]
237	[-54.842892132883684, -1]
237	[-54.842892132883684, -1]
237	[-54.842892132883684, -1]
237	[-54.842892132883684, -1]
237	[-54.842892132883684, -1]
237	[-54.842892132883684, -1]
237	[-54.842892132883684, -1]
237	[-54.842892132883684, -1]
237	[-54.842892132883684, -1]
237	[-54.842892132883684, -1]
237	[-54.842892132883684, -1]
237	[-54.842892132883684, -1]
237	[-54.842892132883684, -1]
237	[-54.842892132883684, -1]
237	[-54.842892132883684, -1]
237	[-54.842892132883684, -1]
237	[-54.842892132883684, -1]
237	[-54.842892132883684, -1]
237	[-54.842892132883684, -1]
237	[-54.842892132883684, -1]
237	[-54.842892132883684, -1]
237	[-54.842892132883684, -1]
237	[-54.842892132883684, -1]
237	[-54.842892132883684, -1]
237	[-54.842892132883684, -1]
237	[-54.842892132883684, -1]
237	[-54.842892132883684, -1]
237	[-54.842892132883684, -1]
237	[-54.842892132883684, -1]
237	[-54.842892132883684, -1]
237	[-54.842892132883684, -1]
237	[-54.842892132883684, -1]
237	[-54.842892132883684, -1]
237	[-54.842892132883684, -1]
237	[-54.842892132883684, -1]
238	[-55.45718805766061, 0]
238	[-54.842892132883684, -1]
238	[-54.842892132883684, -1]
238	[-54.842892132883684, -1]
238	[-54.842892132883684, -1]
238	[-54.842892132883684, -1]
238	[-54.842892132883684, -1]
238	[-54.842892132883684, -1]
238	[-54.842892132883684, -1]
238	[-54.842892132883684, -1]
238	[-54.842892132883684, -1]
238	[-54.842892132883684, -1]
238	[-54.842892132883684, -1]
238	[-54.842892132883684, -1]
238	[-54.842892132883684, -1]
238	[-54.842892132883684, -1]
238	[-54.842892132883684, -1]
238	[-54.842892132883684, -1]
238	[-54.842892132883684, -1]
238	[-54.842892132883684, -1]
238	[-54.842892132883684, -1]
238	[-54.842892132883684, -1]
238	[-54.842892132883684, -1]
238	[-54.842892132883684, -1]
238	[-54.842892132883684, -1]
238	[-54.842892132883684, -1]
238	[-54.842892132883684, -1]
238	[-54.842892132883684, -1]
238	[-54.842892132883684, -1]
238	[-54.842892132883684, -1]
238	[-54.842892132883684, -1]
238	[-54.842892132883684, -1]
238	[-54.842892132883684, -1]
238	[-54.842892132883684, -1]
238	[-54.842892132883684, -1]
238	[-54.842892132883684, -1]
238	[-54.842892132883684, -1]
238	[-54.842892132883684, -1]
238	[-54.842892132883684, -1]
238	[-54.842892132883684, -1]
238	[-54.842892132883684, -1]
239	[-55.45718805766061, 0]
239	[-54.842892132883684, -1]
239	[-54.842892132883684, -1]
239	[-54.842892132883684, -1]
239	[-54.842892132883684, -1]
239	[-54.842892132883684, -1]
239	[-54.842892132883684, -1]
239	[-54.842892132883684, -1]
239	[-54.842892132883684, -1]
239	[-54.842892132883684, -1]
239	[-54.842892132883684, -1]
239	[-54.842892132883684, -1]
239	[-54.842892132883684, -1]
239	[-54.842892132883684, -1]
239	[-54.842892132883684, -1]
239	[-54.842892132883684, -1]
239	[-54.842892132883684, -1]
239	[-54.842892132883684, -1]
239	[-54.842892132883684, -1]
239	[-54.842892132883684, -1]
239	[-54.842892132883684, -1]
239	[-54.842892132883684, -1]
239	[-54.842892132883684, -1]
239	[-54.842892132883684, -1]
239	[-54.842892132883684, -1]
239	[-54.842892132883684, -1]
239	[-54.842892132883684, -1]
239	[-54.842892132883684, -1]
239	[-54.842892132883684, -1]
239	[-54.842892132883684, -1]
239	[-54.842892132883684, -1]
239	[-54.842892132883684, -1]
239	[-54.842892132883684, -1]
239	[-54.842892132883684, -1]
239	[-54.842892132883684, -1]
239	[-54.842892132883684, -1]
239	[-54.842892132883684, -1]
239	[-54.842892132883684, -1]
239	[-54.842892132883684, -1]
239	[-54.842892132883684, -1]
239	[-54.842892132883684, -1]
239	[-54.842892132883684, -1]
239	[-54.842892132883684, -1]
239	[-54.842892132883684, -1]
239	[-54.842892132883684, -1]
240	[-55.45718805766061, 0]
240	[-54.842892132883684, -1]
240	[-54.842892132883684, -1]
240	[-54.842892132883684, -1]
240	[-54.842892132883684, -1]
240	[-54.842892132883684, -1]
240	[-54.842892132883684, -1]
240	[-54.842892132883684, -1]
240	[-54.842892132883684, -1]
240	[-54.842892132883684, -1]
240	[-54.842892132883684, -1]
240	[-54.842892132883684, -1]
240	[-54.842892132883684, -1]
240	[-54.842892132883684, -1]
240	[-54.842892132883684, -1]
240	[-54.842892132883684, -1]
240	[-54.842892132883684, -1]
240	[-54.842892132883684, -1]
240	[-54.842892132883684, -1]
240	[-54.842892132883684, -1]
240	[-54.842892132883684, -1]
240	[-54.842892132883684, -1]
240	[-54.842892132883684, -1]
240	[-54.842892132883684, -1]
240	[-54.842892132883684, -1]
240	[-54.842892132883684, -1]
240	[-54.842892132883684, -1]
240	[-54.842892132883684, -1]
240	[-54.842892132883684, -1]
240	[-54.842892132883684, -1]
240	[-54.842892132883684, -1]
240	[-54.842892132883684, -1]
240	[-54.842892132883684, -1]
240	[-54.842892132883684, -1]
240	[-54.842892132883684, -1]
240	[-54.842892132883684, -1]
240	[-54.842892132883684, -1]
240	[-54.842892132883684, -1]
240	[-54.842892132883684, -1]
240	[-54.842892132883684, -1]
240	[-54.842892132883684, -1]
240	[-54.842892132883684, -1]
240	[-54.842892132883684, -1]
240	[-54.842892132883684, -1]
240	[-54.842892132883684, -1]
240	[-54.842892132883684, -1]
240	[-54.842892132883684, -1]
240	[-54.842892132883684, -1]
240	[-54.842892132883684, -1]
240	[-54.842892132883684, -1]
241	[-55.45718805766061, 0]
241	[-54.842892132883684, -1]
241	[-54.842892132883684, -1]
241	[-54.842892132883684, -1]
241	[-54.842892132883684, -1]
241	[-54.842892132883684, -1]
241	[-54.842892132883684, -1]
241	[-54.842892132883684, -1]
241	[-54.842892132883684, -1]
241	[-54.842892132883684, -1]
241	[-54.842892132883684, -1]
241	[-54.842892132883684, -1]
241	[-54.842892132883684, -1]
241	[-54.842892132883684, -1]
241	[-54.842892132883684, -1]
241	[-54.842892132883684, -1]
241	[-54.842892132883684, -1]
241	[-54.842892132883684, -1]
241	[-54.842892132883684, -1]
241	[-54.842892132883684, -1]
241	[-54.842892132883684, -1]
241	[-54.842892132883684, -1]
241	[-54.842892132883684, -1]
241	[-54.842892132883684, -1]
241	[-54.842892132883684, -1]
241	[-54.842892132883684, -1]
241	[-54.842892132883684, -1]
241	[-54.842892132883684, -1]
241	[-54.842892132883684, -1]
241	[-54.842892132883684, -1]
241	[-54.842892132883684, -1]
241	[-54.842892132883684, -1]
241	[-54.842892132883684, -1]
241	[-54.842892132883684, -1]
241	[-54.842892132883684, -1]
241	[-54.842892132883684, -1]
241	[-54.842892132883684, -1]
241	[-54.842892132883684, -1]
241	[-54.842892132883684, -1]
241	[-54.842892132883684, -1]
241	[-54.842892132883684, -1]
241	[-54.842892132883684, -1]
241	[-54.842892132883684, -1]
241	[-54.842892132883684, -1]
241	[-54.842892132883684, -1]
241	[-54.842892132883684, -1]
241	[-54.842892132883684, -1]
241	[-54.842892132883684, -1]
241	[-54.842892132883684, -1]
241	[-54.842892132883684, -1]
241	[-54.842892132883684, -1]
241	[-54.842892132883684, -1]
241	[-54.842892132883684, -1]
242	[-55.45718805766061, 0]
242	[-54.842892132883684, -1]
242	[-54.842892132883684, -1]
242	[-54.842892132883684, -1]
242	[-54.842892132883684, -1]
242	[-54.842892132883684, -1]
242	[-54.842892132883684, -1]
242	[-54.842892132883684, -1]
242	[-54.842892132883684, -1]
242	[-54.842892132883684, -1]
242	[-54.842892132883684, -1]
242	[-54.842892132883684, -1]
242	[-54.842892132883684, -1]
242	[-54.842892132883684, -1]
242	[-54.842892132883684, -1]
242	[-54.842892132883684, -1]
242	[-54.842892132883684, -1]
242	[-54.842892132883684, -1]
242	[-54.842892132883684, -1]
242	[-54.842892132883684, -1]
242	[-54.842892132883684, -1]
242	[-54.842892132883684, -1]
242	[-54.842892132883684, -1]
242	[-54.842892132883684, -1]
242	[-54.842892132883684, -1]
242	[-54.842892132883684, -1]
242	[-54.842892132883684, -1]
242	[-54.842892132883684, -1]
242	[-54.842892132883684, -1]
242	[-54.842892132883684, -1]
242	[-54.842892132883684, -1]
242	[-54.842892132883684, -1]
242	[-54.842892132883684, -1]
242	[-54.842892132883684, -1]
242	[-54.842892132883684, -1]
242	[-54.842892132883684, -1]
242	[-54.842892132883684, -1]
242	[-54.842892132883684, -1]
242	[-54.842892132883684, -1]
242	[-54.842892132883684, -1]
242	[-54.842892132883684, -1]
242	[-54.842892132883684, -1]
242	[-54.842892132883684, -1]
242	[-54.842892132883684, -1]
242	[-54.842892132883684, -1]
242	[-54.842892132883684, -1]
242	[-54.842892132883684, -1]
242	[-54.842892132883684, -1]
242	[-54.842892132883684, -1]
242	[-54.842892132883684, -1]
242	[-54.842892132883684, -1]
242	[-54.842892132883684, -1]
242	[-54.842892132883684, -1]
242	[-54.842892132883684, -1]
242	[-54.842892132883684, -1]
243	[-55.45718805766061, 0]
243	[-54.842892132883684, -1]
243	[-54.842892132883684, -1]
243	[-54.842892132883684, -1]
243	[-54.842892132883684, -1]
243	[-54.842892132883684, -1]
243	[-54.842892132883684, -1]
243	[-54.842892132883684, -1]
243	[-54.842892132883684, -1]
243	[-54.842892132883684, -1]
243	[-54.842892132883684, -1]
243	[-54.842892132883684, -1]
243	[-54.842892132883684, -1]
243	[-54.842892132883684, -1]
243	[-54.842892132883684, -1]
243	[-54.842892132883684, -1]
243	[-54.842892132883684, -1]
243	[-54.842892132883684, -1]
243	[-54.842892132883684, -1]
243	[-54.842892132883684, -1]
243	[-54.842892132883684, -1]
243	[-54.842892132883684, -1]
243	[-54.842892132883684, -1]
243	[-54.842892132883684, -1]
243	[-54.842892132883684, -1]
243	[-54.842892132883684, -1]
243	[-54.842892132883684, -1]
243	[-54.842892132883684, -1]
243	[-54.842892132883684, -1]
243	[-54.842892132883684, -1]
243	[-54.842892132883684, -1]
243	[-54.842892132883684, -1]
243	[-54.842892132883684, -1]
243	[-54.842892132883684, -1]
243	[-54.842892132883684, -1]
243	[-54.842892132883684, -1]
243	[-54.842892132883684, -1]
243	[-54.842892132883684, -1]
243	[-54.842892132883684, -1]
243	[-54.842892132883684, -1]
243	[-54.842892132883684, -1]
243	[-54.842892132883684, -1]
243	[-54.842892132883684, -1]
243	[-54.842892132883684, -1]
243	[-54.842892132883684, -1]
243	[-54.842892132883684, -1]
243	[-54.842892132883684, -1]
243	[-54.842892132883684, -1]
243	[-54.842892132883684, -1]
243	[-54.842892132883684, -1]
243	[-54.842892132883684, -1]
243	[-54.842892132883684, -1]
243	[-54.842892132883684, -1]
243	[-54.842892132883684, -1]
243	[-54.842892132883684, -1]
243	[-54.842892132883684, -1]
243	[-54.842892132883684, -1]
243	[-54.842892132883684, -1]
243	[-54.842892132883684, -1]
244	[-55.45718805766061, 0]
244	[-54.842892132883684, -1]
244	[-54.842892132883684, -1]
244	[-54.842892132883684, -1]
244	[-54.842892132883684, -1]
244	[-54.842892132883684, -1]
244	[-54.842892132883684, -1]
244	[-54.842892132883684, -1]
244	[-54.842892132883684, -1]
244	[-54.842892132883684, -1]
244	[-54.842892132883684, -1]
244	[-54.842892132883684, -1]
244	[-54.842892132883684, -1]
244	[-54.842892132883684, -1]
244	[-54.842892132883684, -1]
244	[-54.842892132883684, -1]
244	[-54.842892132883684, -1]
244	[-54.842892132883684, -1]
244	[-54.842892132883684, -1]
244	[-54.842892132883684, -1]
244	[-54.842892132883684, -1]
244	[-54.842892132883684, -1]
244	[-54.842892132883684, -1]
244	[-54.842892132883684, -1]
244	[-54.842892132883684, -1]
244	[-54.842892132883684, -1]
244	[-54.842892132883684, -1]
244	[-54.842892132883684, -1]
244	[-54.842892132883684, -1]
244	[-54.842892132883684, -1]
244	[-54.842892132883684, -1]
244	[-54.842892132883684, -1]
244	[-54.842892132883684, -1]
244	[-54.842892132883684, -1]
244	[-54.842892132883684, -1]
244	[-54.842892132883684, -1]
244	[-54.842892132883684, -1]
244	[-54.842892132883684, -1]
244	[-54.842892132883684, -1]
244	[-54.842892132883684, -1]
244	[-54.842892132883684, -1]
244	[-54.842892132883684, -1]
244	[-54.842892132883684, -1]
244	[-54.842892132883684, -1]
244	[-54.842892132883684, -1]
244	[-54.842892132883684, -1]
244	[-54.842892132883684, -1]
244	[-54.842892132883684, -1]
244	[-54.842892132883684, -1]
244	[-54.842892132883684, -1]
244	[-54.842892132883684, -1]
244	[-54.842892132883684, -1]
244	[-54.842892132883684, -1]
244	[-54.842892132883684, -1]
244	[-54.842892132883684, -1]
244	[-54.842892132883684, -1]
244	[-54.842892132883684, -1]
244	[-54.842892132883684, -1]
244	[-54.842892132883684, -1]
244	[-54.842892132883684, -1]
244	[-54.842892132883684, -1]
244	[-54.842892132883684, -1]
244	[-54.842892132883684, -1]
244	[-54.842892132883684, -1]
245	[-55.45718805766061, 0]
245	[-54.83460691012925, -1]
246	[-55.45718805766061, 0]
246	[-54.83460691012925, -1]
247	[-55.45718805766061, 0]
247	[-54.83460691012925, -1]
248	[-55.45718805766061, 0]
248	[-54.83460691012925, -1]
249	[-55.45718805766061, 0]
249	[-54.83460691012925, -1]
250	[-55.45718805766061, 0]
250	[-54.83460691012925, -1]
251	[-55.45718805766061, 0]
251	[-55.45718805766061, 0]
251	[-54.83460691012925, -1]
251	[-54.83460691012925, -1]
251	[-54.83460691012925, -1]
252	[-55.45718805766061, 0]
252	[-55.45718805766061, 0]
252	[-54.83460691012925, -1]
252	[-54.83460691012925, -1]
252	[-54.83460691012925, -1]
253	[-55.45718805766061, 0]
253	[-55.45718805766061, 0]
253	[-54.83460691012925, -1]
253	[-54.83460691012925, -1]
253	[-54.83460691012925, -1]
254	[-55.45718805766061, 0]
254	[-55.45718805766061, 0]
254	[-54.83460691012925, -1]
254	[-54.83460691012925, -1]
254	[-54.83460691012925, -1]
255	[-55.375948760886686, 0]
255	[-54.83460691012925, -1]
255	[-54.83460691012925, -1]
255	[-54.83460691012925, -1]
256	[-55.375948760886686, 0]
256	[-54.83460691012925, -1]
256	[-54.83460691012925, -1]
256	[-54.83460691012925, -1]
257	[-55.375948760886686, 0]
257	[-54.83460691012925, -1]
257	[-54.83460691012925, -1]
257	[-54.83460691012925, -1]
257	[-54.83460691012925, -1]
258	[-55.375948760886686, 0]
258	[-54.83460691012925, -1]
258	[-54.83460691012925, -1]
258	[-54.83460691012925, -1]
258	[-54.83460691012925, -1]
259	[-55.375948760886686, 0]
259	[-54.83460691012925, -1]
259	[-54.83460691012925, -1]
259	[-54.83460691012925, -1]
259	[-54.83460691012925, -1]
259	[-54.83460691012925, -1]
259	[-54.83460691012925, -1]
260	[-55.375948760886686, 0]
260	[-54.83460691012925, -1]
260	[-54.83460691012925, -1]
260	[-54.83460691012925, -1]
260	[-54.83460691012925, -1]
260	[-54.83460691012925, -1]
260	[-54.83460691012925, -1]
260	[-54.83460691012925, -1]
261	[-55.375948760886686, 0]
261	[-55.375948760886686, 0]
261	[-54.83460691012925, -1]
261	[-54.83460691012925, -1]
261	[-54.83460691012925, -1]
261	[-54.83460691012925, -1]
261	[-54.83460691012925, -1]
261	[-54.83460691012925, -1]
261	[-54.83460691012925, -1]
261	[-54.83460691012925, -1]
261	[-54.83460691012925, -1]
262	[-55.375948760886686, 0]
262	[-55.375948760886686, 0]
262	[-54.83460691012925, -1]
262	[-54.83460691012925, -1]
262	[-54.83460691012925, -1]
262	[-54.83460691012925, -1]
262	[-54.83460691012925, -1]
262	[-54.83460691012925, -1]
262	[-54.83460691012925, -1]
262	[-54.83460691012925, -1]
262	[-54.83460691012925, -1]
262	[-54.83460691012925, -1]
262	[-54.83460691012925, -1]
262	[-54.83460691012925, -1]
262	[-54.83460691012925, -1]
263	[-55.375948760886686, 0]
263	[-55.375948760886686, 0]
263	[-55.375948760886686, 0]
263	[-54.83460691012925, -1]
263	[-54.83460691012925, -1]
263	[-54.83460691012925, -1]
263	[-54.83460691012925, -1]
263	[-54.83460691012925, -1]
263	[-54.83460691012925, -1]
263	[-54.83460691012925, -1]
263	[-54.83460691012925, -1]
263	[-54.83460691012925, -1]
263	[-54.83460691012925, -1]
263	[-54.83460691012925, -1]
263	[-54.83460691012925, -1]
263	[-54.83460691012925, -1]
263	[-54.83460691012925, -1]
264	[-55.375948760886686, 0]
264	[-55.375948760886686, 0]
264	[-55.375948760886686, 0]
264	[-54.83460691012925, -1]
264	[-54.83460691012925, -1]
264	[-54.83460691012925, -1]
264	[-54.83460691012925, -1]
264	[-54.83460691012925, -1]
264	[-54.83460691012925, -1]
264	[-54.83460691012925, -1]
264	[-54.83460691012925, -1]
264	[-54.83460691012925, -1]
264	[-54.83460691012925, -1]
264	[-54.83460691012925, -1]
264	[-54.83460691012925, -1]
264	[-54.83460691012925, -1]
264	[-54.83460691012925, -1]
264	[-54.83460691012925, -1]
264	[-54.83460691012925, -1]
264	[-54.83460691012925, -1]
265	[-55.323709846596444, 0]
265	[-54.80902645258949, -1]
266	[-55.323709846596444, 0]
266	[-54.80902645258949, -1]
267	[-55.323709846596444, 0]
267	[-55.323709846596444, 0]
267	[-54.80902645258949, -1]
268	[-55.323709846596444, 0]
268	[-55.323709846596444, 0]
268	[-55.323709846596444, 0]
268	[-54.80902645258949, -1]
268	[-54.80902645258949, -1]
269	[-55.323709846596444, 0]
269	[-55.323709846596444, 0]
269	[-55.323709846596444, 0]
269	[-54.80902645258949, -1]
269	[-54.80902645258949, -1]
270	[-55.323709846596444, 0]
270	[-55.323709846596444, 0]
270	[-55.323709846596444, 0]
270	[-54.80902645258949, -1]
270	[-54.80902645258949, -1]
271	[-55.31314250023782, 0]
271	[-54.80902645258949, -1]
271	[-54.80902645258949, -1]
272	[-55.31314250023782, 0]
272	[-54.80902645258949, -1]
272	[-54.80902645258949, -1]
273	[-55.31314250023782, 0]
273	[-54.800741229835054, -1]
274	[-55.31314250023782, 0]
274	[-54.800741229835054, -1]
274	[-54.800741229835054, -1]
275	[-55.31314250023782, 0]
275	[-54.800741229835054, -1]
275	[-54.800741229835054, -1]
275	[-54.800741229835054, -1]
276	[-55.31314250023782, 0]
276	[-54.800741229835054, -1]
276	[-54.800741229835054, -1]
276	[-54.800741229835054, -1]
276	[-54.800741229835054, -1]
276	[-54.800741229835054, -1]
277	[-55.31314250023782, 0]
277	[-54.800741229835054, -1]
277	[-54.800741229835054, -1]
277	[-54.800741229835054, -1]
277	[-54.800741229835054, -1]
277	[-54.800741229835054, -1]
277	[-54.800741229835054, -1]
277	[-54.800741229835054, -1]
278	[-55.31314250023782, 0]
278	[-54.800741229835054, -1]
278	[-54.800741229835054, -1]
278	[-54.800741229835054, -1]
278	[-54.800741229835054, -1]
278	[-54.800741229835054, -1]
278	[-54.800741229835054, -1]
278	[-54.800741229835054, -1]
278	[-54.800741229835054, -1]
278	[-54.800741229835054, -1]
278	[-54.800741229835054, -1]
278	[-54.800741229835054, -1]
278	[-54.800741229835054, -1]
278	[-54.800741229835054, -1]
278	[-54.800741229835054, -1]
279	[-55.31314250023782, 0]
279	[-54.800741229835054, -1]
279	[-54.800741229835054, -1]
279	[-54.800741229835054, -1]
279	[-54.800741229835054, -1]
279	[-54.800741229835054, -1]
279	[-54.800741229835054, -1]
279	[-54.800741229835054, -1]
279	[-54.800741229835054, -1]
279	[-54.800741229835054, -1]
279	[-54.800741229835054, -1]
279	[-54.800741229835054, -1]
279	[-54.800741229835054, -1]
279	[-54.800741229835054, -1]
279	[-54.800741229835054, -1]
279	[-54.800741229835054, -1]
279	[-54.800741229835054, -1]
280	[-55.31314250023782, 0]
280	[-54.800741229835054, -1]
280	[-54.800741229835054, -1]
280	[-54.800741229835054, -1]
280	[-54.800741229835054, -1]
280	[-54.800741229835054, -1]
280	[-54.800741229835054, -1]
280	[-54.800741229835054, -1]
280	[-54.800741229835054, -1]
280	[-54.800741229835054, -1]
280	[-54.800741229835054, -1]
280	[-54.800741229835054, -1]
280	[-54.800741229835054, -1]
280	[-54.800741229835054, -1]
280	[-54.800741229835054, -1]
280	[-54.800741229835054, -1]
280	[-54.800741229835054, -1]
280	[-54.800741229835054, -1]
280	[-54.800741229835054, -1]
281	[-55.31314250023782, 0]
281	[-54.800741229835054, -1]
281	[-54.800741229835054, -1]
281	[-54.800741229835054, -1]
281	[-54.800741229835054, -1]
281	[-54.800741229835054, -1]
281	[-54.800741229835054, -1]
281	[-54.800741229835054, -1]
281	[-54.800741229835054, -1]
281	[-54.800741229835054, -1]
281	[-54.800741229835054, -1]
281	[-54.800741229835054, -1]
281	[-54.800741229835054, -1]
281	[-54.800741229835054, -1]
281	[-54.800741229835054, -1]
281	[-54.800741229835054, -1]
281	[-54.800741229835054, -1]
281	[-54.800741229835054, -1]
281	[-54.800741229835054, -1]
281	[-54.800741229835054, -1]
281	[-54.800741229835054, -1]
282	[-55.31314250023782, 0]
282	[-54.800741229835054, -1]
282	[-54.800741229835054, -1]
282	[-54.800741229835054, -1]
282	[-54.800741229835054, -1]
282	[-54.800741229835054, -1]
282	[-54.800741229835054, -1]
282	[-54.800741229835054, -1]
282	[-54.800741229835054, -1]
282	[-54.800741229835054, -1]
282	[-54.800741229835054, -1]
282	[-54.800741229835054, -1]
282	[-54.800741229835054, -1]
282	[-54.800741229835054, -1]
282	[-54.800741229835054, -1]
282	[-54.800741229835054, -1]
282	[-54.800741229835054, -1]
282	[-54.800741229835054, -1]
282	[-54.800741229835054, -1]
282	[-54.800741229835054, -1]
282	[-54.800741229835054, -1]
282	[-54.800741229835054, -1]
283	[-55.31314250023782, 0]
283	[-54.800741229835054, -1]
283	[-54.800741229835054, -1]
283	[-54.800741229835054, -1]
283	[-54.800741229835054, -1]
283	[-54.800741229835054, -1]
283	[-54.800741229835054, -1]
283	[-54.800741229835054, -1]
283	[-54.800741229835054, -1]
283	[-54.800741229835054, -1]
283	[-54.800741229835054, -1]
283	[-54.800741229835054, -1]
283	[-54.800741229835054, -1]
283	[-54.800741229835054, -1]
283	[-54.800741229835054, -1]
283	[-54.800741229835054, -1]
283	[-54.800741229835054, -1]
283	[-54.800741229835054, -1]
283	[-54.800741229835054, -1]
283	[-54.800741229835054, -1]
283	[-54.800741229835054, -1]
283	[-54.800741229835054, -1]
283	[-54.800741229835054, -1]
283	[-54.800741229835054, -1]
283	[-54.800741229835054, -1]
283	[-54.800741229835054, -1]
283	[-54.800741229835054, -1]
283	[-54.800741229835054, -1]
283	[-54.800741229835054, -1]
283	[-54.800741229835054, -1]
284	[-55.31314250023782, 0]
284	[-54.800741229835054, -1]
284	[-54.800741229835054, -1]
284	[-54.800741229835054, -1]
284	[-54.800741229835054, -1]
284	[-54.800741229835054, -1]
284	[-54.800741229835054, -1]
284	[-54.800741229835054, -1]
284	[-54.800741229835054, -1]
284	[-54.800741229835054, -1]
284	[-54.800741229835054, -1]
284	[-54.800741229835054, -1]
284	[-54.800741229835054, -1]
284	[-54.800741229835054, -1]
284	[-54.800741229835054, -1]
284	[-54.800741229835054, -1]
284	[-54.800741229835054, -1]
284	[-54.800741229835054, -1]
284	[-54.800741229835054, -1]
284	[-54.800741229835054, -1]
284	[-54.800741229835054, -1]
284	[-54.800741229835054, -1]
284	[-54.800741229835054, -1]
284	[-54.800741229835054, -1]
284	[-54.800741229835054, -1]
284	[-54.800741229835054, -1]
284	[-54.800741229835054, -1]
284	[-54.800741229835054, -1]
284	[-54.800741229835054, -1]
284	[-54.800741229835054, -1]
284	[-54.800741229835054, -1]
284	[-54.800741229835054, -1]
284	[-54.800741229835054, -1]
284	[-54.800741229835054, -1]
284	[-54.800741229835054, -1]
285	[-55.31314250023782, 0]
285	[-54.800741229835054, -1]
285	[-54.800741229835054, -1]
285	[-54.800741229835054, -1]
285	[-54.800741229835054, -1]
285	[-54.800741229835054, -1]
285	[-54.800741229835054, -1]
285	[-54.800741229835054, -1]
285	[-54.800741229835054, -1]
285	[-54.800741229835054, -1]
285	[-54.800741229835054, -1]
285	[-54.800741229835054, -1]
285	[-54.800741229835054, -1]
285	[-54.800741229835054, -1]
285	[-54.800741229835054, -1]
285	[-54.800741229835054, -1]
285	[-54.800741229835054, -1]
285	[-54.800741229835054, -1]
285	[-54.800741229835054, -1]
285	[-54.800741229835054, -1]
285	[-54.800741229835054, -1]
285	[-54.800741229835054, -1]
285	[-54.800741229835054, -1]
285	[-54.800741229835054, -1]
285	[-54.800741229835054, -1]
285	[-54.800741229835054, -1]
285	[-54.800741229835054, -1]
285	[-54.800741229835054, -1]
285	[-54.800741229835054, -1]
285	[-54.800741229835054, -1]
285	[-54.800741229835054, -1]
285	[-54.800741229835054, -1]
285	[-54.800741229835054, -1]
285	[-54.800741229835054, -1]
285	[-54.800741229835054, -1]
285	[-54.800741229835054, -1]
285	[-54.800741229835054, -1]
286	[-55.31314250023782, 0]
286	[-55.31314250023782, 0]
286	[-54.800741229835054, -1]
286	[-54.800741229835054, -1]
286	[-54.800741229835054, -1]
286	[-54.800741229835054, -1]
286	[-54.800741229835054, -1]
286	[-54.800741229835054, -1]
286	[-54.800741229835054, -1]
286	[-54.800741229835054, -1]
286	[-54.800741229835054, -1]
286	[-54.800741229835054, -1]
286	[-54.800741229835054, -1]
286	[-54.800741229835054, -1]
286	[-54.800741229835054, -1]
286	[-54.800741229835054, -1]
286	[-54.800741229835054, -1]
286	[-54.800741229835054, -1]
286	[-54.800741229835054, -1]
286	[-54.800741229835054, -1]
286	[-54.800741229835054, -1]
286	[-54.800741229835054, -1]
286	[-54.800741229835054, -1]
286	[-54.800741229835054, -1]
286	[-54.800741229835054, -1]
286	[-54.800741229835054, -1]
286	[-54.800741229835054, -1]
286	[-54.800741229835054, -1]
286	[-54.800741229835054, -1]
286	[-54.800741229835054, -1]
286	[-54.800741229835054, -1]
286	[-54.800741229835054, -1]
286	[-54.800741229835054, -1]
286	[-54.800741229835054, -1]
286	[-54.800741229835054, -1]
286	[-54.800741229835054, -1]
286	[-54.800741229835054, -1]
286	[-54.800741229835054, -1]
286	[-54.800741229835054, -1]
286	[-54.800741229835054, -1]
286	[-54.800741229835054, -1]
286	[-54.800741229835054, -1]
286	[-54.800741229835054, -1]
286	[-54.800741229835054, -1]
287	[-55.31314250023782, 0]
287	[-55.31314250023782, 0]
287	[-54.800741229835054, -1]
287	[-54.800741229835054, -1]
287	[-54.800741229835054, -1]
287	[-54.800741229835054, -1]
287	[-54.800741229835054, -1]
287	[-54.800741229835054, -1]
287	[-54.800741229835054, -1]
287	[-54.800741229835054, -1]
287	[-54.800741229835054, -1]
287	[-54.800741229835054, -1]
287	[-54.800741229835054, -1]
287	[-54.800741229835054, -1]
287	[-54.800741229835054, -1]
287	[-54.800741229835054, -1]
287	[-54.800741229835054, -1]
287	[-54.800741229835054, -1]
287	[-54.800741229835054, -1]
287	[-54.800741229835054, -1]
287	[-54.800741229835054, -1]
287	[-54.800741229835054, -1]
287	[-54.800741229835054, -1]
287	[-54.800741229835054, -1]
287	[-54.800741229835054, -1]
287	[-54.800741229835054, -1]
287	[-54.800741229835054, -1]
287	[-54.800741229835054, -1]
287	[-54.800741229835054, -1]
287	[-54.800741229835054, -1]
287	[-54.800741229835054, -1]
287	[-54.800741229835054, -1]
287	[-54.800741229835054, -1]
287	[-54.800741229835054, -1]
287	[-54.800741229835054, -1]
287	[-54.800741229835054, -1]
287	[-54.800741229835054, -1]
287	[-54.800741229835054, -1]
287	[-54.800741229835054, -1]
287	[-54.800741229835054, -1]
287	[-54.800741229835054, -1]
287	[-54.800741229835054, -1]
287	[-54.800741229835054, -1]
287	[-54.800741229835054, -1]
287	[-54.800741229835054, -1]
287	[-54.800741229835054, -1]
287	[-54.800741229835054, -1]
287	[-54.800741229835054, -1]
287	[-54.800741229835054, -1]
288	[-55.31314250023782, 0]
288	[-55.31314250023782, 0]
288	[-54.800741229835054, -1]
288	[-54.800741229835054, -1]
288	[-54.800741229835054, -1]
288	[-54.800741229835054, -1]
288	[-54.800741229835054, -1]
288	[-54.800741229835054, -1]
288	[-54.800741229835054, -1]
288	[-54.800741229835054, -1]
288	[-54.800741229835054, -1]
288	[-54.800741229835054, -1]
288	[-54.800741229835054, -1]
288	[-54.800741229835054, -1]
288	[-54.800741229835054, -1]
288	[-54.800741229835054, -1]
288	[-54.800741229835054, -1]
288	[-54.800741229835054, -1]
288	[-54.800741229835054, -1]
288	[-54.800741229835054, -1]
288	[-54.800741229835054, -1]
288	[-54.800741229835054, -1]
288	[-54.800741229835054, -1]
288	[-54.800741229835054, -1]
288	[-54.800741229835054, -1]
288	[-54.800741229835054, -1]
288	[-54.800741229835054, -1]
288	[-54.800741229835054, -1]
288	[-54.800741229835054, -1]
288	[-54.800741229835054, -1]
288	[-54.800741229835054, -1]
288	[-54.800741229835054, -1]
288	[-54.800741229835054, -1]
288	[-54.800741229835054, -1]
288	[-54.800741229835054, -1]
288	[-54.800741229835054, -1]
288	[-54.800741229835054, -1]
288	[-54.800741229835054, -1]
288	[-54.800741229835054, -1]
288	[-54.800741229835054, -1]
288	[-54.800741229835054, -1]
288	[-54.800741229835054, -1]
288	[-54.800741229835054, -1]
288	[-54.800741229835054, -1]
288	[-54.800741229835054, -1]
288	[-54.800741229835054, -1]
288	[-54.800741229835054, -1]
288	[-54.800741229835054, -1]
288	[-54.800741229835054, -1]
288	[-54.800741229835054, -1]
288	[-54.800741229835054, -1]
288	[-54.800741229835054, -1]
289	[-55.31314250023782, 0]
289	[-55.31314250023782, 0]
289	[-54.800741229835054, -1]
289	[-54.800741229835054, -1]
289	[-54.800741229835054, -1]
289	[-54.800741229835054, -1]
289	[-54.800741229835054, -1]
289	[-54.800741229835054, -1]
289	[-54.800741229835054, -1]
289	[-54.800741229835054, -1]
289	[-54.800741229835054, -1]
289	[-54.800741229835054, -1]
289	[-54.800741229835054, -1]
289	[-54.800741229835054, -1]
289	[-54.800741229835054, -1]
289	[-54.800741229835054, -1]
289	[-54.800741229835054, -1]
289	[-54.800741229835054, -1]
289	[-54.800741229835054, -1]
289	[-54.800741229835054, -1]
289	[-54.800741229835054, -1]
289	[-54.800741229835054, -1]
289	[-54.800741229835054, -1]
289	[-54.800741229835054, -1]
289	[-54.800741229835054, -1]
289	[-54.800741229835054, -1]
289	[-54.800741229835054, -1]
289	[-54.800741229835054, -1]
289	[-54.800741229835054, -1]
289	[-54.800741229835054, -1]
289	[-54.800741229835054, -1]
289	[-54.800741229835054, -1]
289	[-54.800741229835054, -1]
289	[-54.800741229835054, -1]
289	[-54.800741229835054, -1]
289	[-54.800741229835054, -1]
289	[-54.800741229835054, -1]
289	[-54.800741229835054, -1]
289	[-54.800741229835054, -1]
289	[-54.800741229835054, -1]
289	[-54.800741229835054, -1]
289	[-54.800741229835054, -1]
289	[-54.800741229835054, -1]
289	[-54.800741229835054, -1]
289	[-54.800741229835054, -1]
289	[-54.800741229835054, -1]
289	[-54.800741229835054, -1]
289	[-54.800741229835054, -1]
289	[-54.800741229835054, -1]
289	[-54.800741229835054, -1]
289	[-54.800741229835054, -1]
289	[-54.800741229835054, -1]
289	[-54.800741229835054, -1]
289	[-54.800741229835054, -1]
289	[-54.800741229835054, -1]
289	[-54.800741229835054, -1]
289	[-54.800741229835054, -1]
290	[-55.31314250023782, 0]
290	[-55.31314250023782, 0]
290	[-54.800741229835054, -1]
290	[-54.800741229835054, -1]
290	[-54.800741229835054, -1]
290	[-54.800741229835054, -1]
290	[-54.800741229835054, -1]
290	[-54.800741229835054, -1]
290	[-54.800741229835054, -1]
290	[-54.800741229835054, -1]
290	[-54.800741229835054, -1]
290	[-54.800741229835054, -1]
290	[-54.800741229835054, -1]
290	[-54.800741229835054, -1]
290	[-54.800741229835054, -1]
290	[-54.800741229835054, -1]
290	[-54.800741229835054, -1]
290	[-54.800741229835054, -1]
290	[-54.800741229835054, -1]
290	[-54.800741229835054, -1]
290	[-54.800741229835054, -1]
290	[-54.800741229835054, -1]
290	[-54.800741229835054, -1]
290	[-54.800741229835054, -1]
290	[-54.800741229835054, -1]
290	[-54.800741229835054, -1]
290	[-54.800741229835054, -1]
290	[-54.800741229835054, -1]
290	[-54.800741229835054, -1]
290	[-54.800741229835054, -1]
290	[-54.800741229835054, -1]
290	[-54.800741229835054, -1]
290	[-54.800741229835054, -1]
290	[-54.800741229835054, -1]
290	[-54.800741229835054, -1]
290	[-54.800741229835054, -1]
290	[-54.800741229835054, -1]
290	[-54.800741229835054, -1]
290	[-54.800741229835054, -1]
290	[-54.800741229835054, -1]
290	[-54.800741229835054, -1]
290	[-54.800741229835054, -1]
290	[-54.800741229835054, -1]
290	[-54.800741229835054, -1]
290	[-54.800741229835054, -1]
290	[-54.800741229835054, -1]
290	[-54.800741229835054, -1]
290	[-54.800741229835054, -1]
290	[-54.800741229835054, -1]
290	[-54.800741229835054, -1]
290	[-54.800741229835054, -1]
290	[-54.800741229835054, -1]
290	[-54.800741229835054, -1]
290	[-54.800741229835054, -1]
290	[-54.800741229835054, -1]
290	[-54.800741229835054, -1]
290	[-54.800741229835054, -1]
290	[-54.800741229835054, -1]
290	[-54.800741229835054, -1]
290	[-54.800741229835054, -1]
290	[-54.800741229835054, -1]
291	[-55.31314250023782, 0]
291	[-55.31314250023782, 0]
291	[-55.31314250023782, 0]
291	[-54.800741229835054, -1]
291	[-54.800741229835054, -1]
291	[-54.800741229835054, -1]
291	[-54.800741229835054, -1]
291	[-54.800741229835054, -1]
291	[-54.800741229835054, -1]
291	[-54.800741229835054, -1]
291	[-54.800741229835054, -1]
291	[-54.800741229835054, -1]
291	[-54.800741229835054, -1]
291	[-54.800741229835054, -1]
291	[-54.800741229835054, -1]
291	[-54.800741229835054, -1]
291	[-54.800741229835054, -1]
291	[-54.800741229835054, -1]
291	[-54.800741229835054, -1]
291	[-54.800741229835054, -1]
291	[-54.800741229835054, -1]
291	[-54.800741229835054, -1]
291	[-54.800741229835054, -1]
291	[-54.800741229835054, -1]
291	[-54.800741229835054, -1]
291	[-54.800741229835054, -1]
291	[-54.800741229835054, -1]
291	[-54.800741229835054, -1]
291	[-54.800741229835054, -1]
291	[-54.800741229835054, -1]
291	[-54.800741229835054, -1]
291	[-54.800741229835054, -1]
291	[-54.800741229835054, -1]
291	[-54.800741229835054, -1]
291	[-54.800741229835054, -1]
291	[-54.800741229835054, -1]
291	[-54.800741229835054, -1]
291	[-54.800741229835054, -1]
291	[-54.800741229835054, -1]
291	[-54.800741229835054, -1]
291	[-54.800741229835054, -1]
291	[-54.800741229835054, -1]
291	[-54.800741229835054, -1]
291	[-54.800741229835054, -1]
291	[-54.800741229835054, -1]
291	[-54.800741229835054, -1]
291	[-54.800741229835054, -1]
291	[-54.800741229835054, -1]
291	[-54.800741229835054, -1]
291	[-54.800741229835054, -1]
291	[-54.800741229835054, -1]
291	[-54.800741229835054, -1]
291	[-54.800741229835054, -1]
291	[-54.800741229835054, -1]
291	[-54.800741229835054, -1]
291	[-54.800741229835054, -1]
291	[-54.800741229835054, -1]
291	[-54.800741229835054, -1]
291	[-54.800741229835054, -1]
291	[-54.800741229835054, -1]
291	[-54.800741229835054, -1]
291	[-54.800741229835054, -1]
291	[-54.800741229835054, -1]
291	[-54.800741229835054, -1]
292	[-55.31314250023782, 0]
292	[-55.31314250023782, 0]
292	[-55.31314250023782, 0]
292	[-54.800741229835054, -1]
292	[-54.800741229835054, -1]
292	[-54.800741229835054, -1]
292	[-54.800741229835054, -1]
292	[-54.800741229835054, -1]
292	[-54.800741229835054, -1]
292	[-54.800741229835054, -1]
292	[-54.800741229835054, -1]
292	[-54.800741229835054, -1]
292	[-54.800741229835054, -1]
292	[-54.800741229835054, -1]
292	[-54.800741229835054, -1]
292	[-54.800741229835054, -1]
292	[-54.800741229835054, -1]
292	[-54.800741229835054, -1]
292	[-54.800741229835054, -1]
292	[-54.800741229835054, -1]
292	[-54.800741229835054, -1]
292	[-54.800741229835054, -1]
292	[-54.800741229835054, -1]
292	[-54.800741229835054, -1]
292	[-54.800741229835054, -1]
292	[-54.800741229835054, -1]
292	[-54.800741229835054, -1]
292	[-54.800741229835054, -1]
292	[-54.800741229835054, -1]
292	[-54.800741229835054, -1]
292	[-54.800741229835054, -1]
292	[-54.800741229835054, -1]
292	[-54.800741229835054, -1]
292	[-54.800741229835054, -1]
292	[-54.800741229835054, -1]
292	[-54.800741229835054, -1]
292	[-54.800741229835054, -1]
292	[-54.800741229835054, -1]
292	[-54.800741229835054, -1]
292	[-54.800741229835054, -1]
292	[-54.800741229835054, -1]
292	[-54.800741229835054, -1]
292	[-54.800741229835054, -1]
292	[-54.800741229835054, -1]
292	[-54.800741229835054, -1]
292	[-54.800741229835054, -1]
292	[-54.800741229835054, -1]
292	[-54.800741229835054, -1]
292	[-54.800741229835054, -1]
292	[-54.800741229835054, -1]
292	[-54.800741229835054, -1]
292	[-54.800741229835054, -1]
292	[-54.800741229835054, -1]
292	[-54.800741229835054, -1]
292	[-54.800741229835054, -1]
292	[-54.800741229835054, -1]
292	[-54.800741229835054, -1]
292	[-54.800741229835054, -1]
292	[-54.800741229835054, -1]
292	[-54.800741229835054, -1]
292	[-54.800741229835054, -1]
292	[-54.800741229835054, -1]
292	[-54.800741229835054, -1]
292	[-54.800741229835054, -1]
292	[-54.800741229835054, -1]
292	[-54.800741229835054, -1]
292	[-54.800741229835054, -1]
292	[-54.800741229835054, -1]
292	[-54.800741229835054, -1]
292	[-54.800741229835054, -1]
292	[-54.800741229835054, -1]
292	[-54.800741229835054, -1]
293	[-55.31314250023782, 0]
293	[-55.31314250023782, 0]
293	[-55.31314250023782, 0]
293	[-54.800741229835054, -1]
293	[-54.800741229835054, -1]
293	[-54.800741229835054, -1]
293	[-54.800741229835054, -1]
293	[-54.800741229835054, -1]
293	[-54.800741229835054, -1]
293	[-54.800741229835054, -1]
293	[-54.800741229835054, -1]
293	[-54.800741229835054, -1]
293	[-54.800741229835054, -1]
293	[-54.800741229835054, -1]
293	[-54.800741229835054, -1]
293	[-54.800741229835054, -1]
293	[-54.800741229835054, -1]
293	[-54.800741229835054, -1]
293	[-54.800741229835054, -1]
293	[-54.800741229835054, -1]
293	[-54.800741229835054, -1]
293	[-54.800741229835054, -1]
293	[-54.800741229835054, -1]
293	[-54.800741229835054, -1]
293	[-54.800741229835054, -1]
293	[-54.800741229835054, -1]
293	[-54.800741229835054, -1]
293	[-54.800741229835054, -1]
293	[-54.800741229835054, -1]
293	[-54.800741229835054, -1]
293	[-54.800741229835054, -1]
293	[-54.800741229835054, -1]
293	[-54.800741229835054, -1]
293	[-54.800741229835054, -1]
293	[-54.800741229835054, -1]
293	[-54.800741229835054, -1]
293	[-54.800741229835054, -1]
293	[-54.800741229835054, -1]
293	[-54.800741229835054, -1]
293	[-54.800741229835054, -1]
293	[-54.800741229835054, -1]
293	[-54.800741229835054, -1]
293	[-54.800741229835054, -1]
293	[-54.800741229835054, -1]
293	[-54.800741229835054, -1]
293	[-54.800741229835054, -1]
293	[-54.800741229835054, -1]
293	[-54.800741229835054, -1]
293	[-54.800741229835054, -1]
293	[-54.800741229835054, -1]
293	[-54.800741229835054, -1]
293	[-54.800741229835054, -1]
293	[-54.800741229835054, -1]
293	[-54.800741229835054, -1]
293	[-54.800741229835054, -1]
293	[-54.800741229835054, -1]
293	[-54.800741229835054, -1]
293	[-54.800741229835054, -1]
293	[-54.800741229835054, -1]
293	[-54.800741229835054, -1]
293	[-54.800741229835054, -1]
293	[-54.800741229835054, -1]
293	[-54.800741229835054, -1]
293	[-54.800741229835054, -1]
293	[-54.800741229835054, -1]
293	[-54.800741229835054, -1]
293	[-54.800741229835054, -1]
293	[-54.800741229835054, -1]
293	[-54.800741229835054, -1]
293	[-54.800741229835054, -1]
293	[-54.800741229835054, -1]
293	[-54.800741229835054, -1]
293	[-54.800741229835054, -1]
293	[-54.800741229835054, -1]
293	[-54.800741229835054, -1]
294	[-54.93107624235864, 0]
294	[-54.800741229835054, -1]
294	[-54.800741229835054, -1]
294	[-54.800741229835054, -1]
294	[-54.800741229835054, -1]
294	[-54.800741229835054, -1]
294	[-54.800741229835054, -1]
294	[-54.800741229835054, -1]
294	[-54.800741229835054, -1]
294	[-54.800741229835054, -1]
294	[-54.800741229835054, -1]
294	[-54.800741229835054, -1]
294	[-54.800741229835054, -1]
294	[-54.800741229835054, -1]
294	[-54.800741229835054, -1]
294	[-54.800741229835054, -1]
294	[-54.800741229835054, -1]
294	[-54.800741229835054, -1]
294	[-54.800741229835054, -1]
294	[-54.800741229835054, -1]
294	[-54.800741229835054, -1]
294	[-54.800741229835054, -1]
294	[-54.800741229835054, -1]
294	[-54.800741229835054, -1]
294	[-54.800741229835054, -1]
294	[-54.800741229835054, -1]
294	[-54.800741229835054, -1]
294	[-54.800741229835054, -1]
294	[-54.800741229835054, -1]
294	[-54.800741229835054, -1]
294	[-54.800741229835054, -1]
294	[-54.800741229835054, -1]
294	[-54.800741229835054, -1]
294	[-54.800741229835054, -1]
294	[-54.800741229835054, -1]
294	[-54.800741229835054, -1]
294	[-54.800741229835054, -1]
294	[-54.800741229835054, -1]
294	[-54.800741229835054, -1]
294	[-54.800741229835054, -1]
294	[-54.800741229835054, -1]
294	[-54.800741229835054, -1]
294	[-54.800741229835054, -1]
294	[-54.800741229835054, -1]
294	[-54.800741229835054, -1]
294	[-54.800741229835054, -1]
294	[-54.800741229835054, -1]
294	[-54.800741229835054, -1]
294	[-54.800741229835054, -1]
294	[-54.800741229835054, -1]
294	[-54.800741229835054, -1]
294	[-54.800741229835054, -1]
294	[-54.800741229835054, -1]
294	[-54.800741229835054, -1]
294	[-54.800741229835054, -1]
294	[-54.800741229835054, -1]
294	[-54.800741229835054, -1]
294	[-54.800741229835054, -1]
294	[-54.800741229835054, -1]
294	[-54.800741229835054, -1]
294	[-54.800741229835054, -1]
294	[-54.800741229835054, -1]
294	[-54.800741229835054, -1]
294	[-54.800741229835054, -1]
294	[-54.800741229835054, -1]
294	[-54.800741229835054, -1]
294	[-54.800741229835054, -1]
294	[-54.800741229835054, -1]
294	[-54.800741229835054, -1]
294	[-54.800741229835054, -1]
294	[-54.800741229835054, -1]
294	[-54.800741229835054, -1]
294	[-54.800741229835054, -1]
294	[-54.800741229835054, -1]
294	[-54.800741229835054, -1]
294	[-54.800741229835054, -1]
294	[-54.800741229835054, -1]
294	[-54.800741229835054, -1]
295	[-54.93107624235864, 0]
295	[-54.800741229835054, -1]
295	[-54.800741229835054, -1]
295	[-54.800741229835054, -1]
295	[-54.800741229835054, -1]
295	[-54.800741229835054, -1]
295	[-54.800741229835054, -1]
295	[-54.800741229835054, -1]
295	[-54.800741229835054, -1]
295	[-54.800741229835054, -1]
295	[-54.800741229835054, -1]
295	[-54.800741229835054, -1]
295	[-54.800741229835054, -1]
295	[-54.800741229835054, -1]
295	[-54.800741229835054, -1]
295	[-54.800741229835054, -1]
295	[-54.800741229835054, -1]
295	[-54.800741229835054, -1]
295	[-54.800741229835054, -1]
295	[-54.800741229835054, -1]
295	[-54.800741229835054, -1]
295	[-54.800741229835054, -1]
295	[-54.800741229835054, -1]
295	[-54.800741229835054, -1]
295	[-54.800741229835054, -1]
295	[-54.800741229835054, -1]
295	[-54.800741229835054, -1]
295	[-54.800741229835054, -1]
295	[-54.800741229835054, -1]
295	[-54.800741229835054, -1]
295	[-54.800741229835054, -1]
295	[-54.800741229835054, -1]
295	[-54.800741229835054, -1]
295	[-54.800741229835054, -1]
295	[-54.800741229835054, -1]
295	[-54.800741229835054, -1]
295	[-54.800741229835054, -1]
295	[-54.800741229835054, -1]
295	[-54.800741229835054, -1]
295	[-54.800741229835054, -1]
295	[-54.800741229835054, -1]
295	[-54.800741229835054, -1]
295	[-54.800741229835054, -1]
295	[-54.800741229835054, -1]
295	[-54.800741229835054, -1]
295	[-54.800741229835054, -1]
295	[-54.800741229835054, -1]
295	[-54.800741229835054, -1]
295	[-54.800741229835054, -1]
295	[-54.800741229835054, -1]
295	[-54.800741229835054, -1]
295	[-54.800741229835054, -1]
295	[-54.800741229835054, -1]
295	[-54.800741229835054, -1]
295	[-54.800741229835054, -1]
295	[-54.800741229835054, -1]
295	[-54.800741229835054, -1]
295	[-54.800741229835054, -1]
295	[-54.800741229835054, -1]
295	[-54.800741229835054, -1]
295	[-54.800741229835054, -1]
295	[-54.800741229835054, -1]
295	[-54.800741229835054, -1]
295	[-54.800741229835054, -1]
295	[-54.800741229835054, -1]
295	[-54.800741229835054, -1]
295	[-54.800741229835054, -1]
295	[-54.800741229835054, -1]
295	[-54.800741229835054, -1]
295	[-54.800741229835054, -1]
295	[-54.800741229835054, -1]
295	[-54.800741229835054, -1]
295	[-54.800741229835054, -1]
295	[-54.800741229835054, -1]
295	[-54.800741229835054, -1]
295	[-54.800741229835054, -1]
295	[-54.800741229835054, -1]
295	[-54.800741229835054, -1]
295	[-54.800741229835054, -1]
295	[-54.800741229835054, -1]
296	[-54.93107624235864, 0]
296	[-54.800741229835054, -1]
296	[-54.800741229835054, -1]
296	[-54.800741229835054, -1]
296	[-54.800741229835054, -1]
296	[-54.800741229835054, -1]
296	[-54.800741229835054, -1]
296	[-54.800741229835054, -1]
296	[-54.800741229835054, -1]
296	[-54.800741229835054, -1]
296	[-54.800741229835054, -1]
296	[-54.800741229835054, -1]
296	[-54.800741229835054, -1]
296	[-54.800741229835054, -1]
296	[-54.800741229835054, -1]
296	[-54.800741229835054, -1]
296	[-54.800741229835054, -1]
296	[-54.800741229835054, -1]
296	[-54.800741229835054, -1]
296	[-54.800741229835054, -1]
296	[-54.800741229835054, -1]
296	[-54.800741229835054, -1]
296	[-54.800741229835054, -1]
296	[-54.800741229835054, -1]
296	[-54.800741229835054, -1]
296	[-54.800741229835054, -1]
296	[-54.800741229835054, -1]
296	[-54.800741229835054, -1]
296	[-54.800741229835054, -1]
296	[-54.800741229835054, -1]
296	[-54.800741229835054, -1]
296	[-54.800741229835054, -1]
296	[-54.800741229835054, -1]
296	[-54.800741229835054, -1]
296	[-54.800741229835054, -1]
296	[-54.800741229835054, -1]
296	[-54.800741229835054, -1]
296	[-54.800741229835054, -1]
296	[-54.800741229835054, -1]
296	[-54.800741229835054, -1]
296	[-54.800741229835054, -1]
296	[-54.800741229835054, -1]
296	[-54.800741229835054, -1]
296	[-54.800741229835054, -1]
296	[-54.800741229835054, -1]
296	[-54.800741229835054, -1]
296	[-54.800741229835054, -1]
296	[-54.800741229835054, -1]
296	[-54.800741229835054, -1]
296	[-54.800741229835054, -1]
296	[-54.800741229835054, -1]
296	[-54.800741229835054, -1]
296	[-54.800741229835054, -1]
296	[-54.800741229835054, -1]
296	[-54.800741229835054, -1]
296	[-54.800741229835054, -1]
296	[-54.800741229835054, -1]
296	[-54.800741229835054, -1]
296	[-54.800741229835054, -1]
296	[-54.800741229835054, -1]
296	[-54.800741229835054, -1]
296	[-54.800741229835054, -1]
296	[-54.800741229835054, -1]
296	[-54.800741229835054, -1]
296	[-54.800741229835054, -1]
296	[-54.800741229835054, -1]
296	[-54.800741229835054, -1]
296	[-54.800741229835054, -1]
296	[-54.800741229835054, -1]
296	[-54.800741229835054, -1]
296	[-54.800741229835054, -1]
296	[-54.800741229835054, -1]
296	[-54.800741229835054, -1]
296	[-54.800741229835054, -1]
296	[-54.800741229835054, -1]
296	[-54.800741229835054, -1]
296	[-54.800741229835054, -1]
296	[-54.800741229835054, -1]
296	[-54.800741229835054, -1]
296	[-54.800741229835054, -1]
297	[-54.93107624235864, 0]
297	[-54.800741229835054, -1]
297	[-54.800741229835054, -1]
297	[-54.800741229835054, -1]
297	[-54.800741229835054, -1]
297	[-54.800741229835054, -1]
297	[-54.800741229835054, -1]
297	[-54.800741229835054, -1]
297	[-54.800741229835054, -1]
297	[-54.800741229835054, -1]
297	[-54.800741229835054, -1]
297	[-54.800741229835054, -1]
297	[-54.800741229835054, -1]
297	[-54.800741229835054, -1]
297	[-54.800741229835054, -1]
297	[-54.800741229835054, -1]
297	[-54.800741229835054, -1]
297	[-54.800741229835054, -1]
297	[-54.800741229835054, -1]
297	[-54.800741229835054, -1]
297	[-54.800741229835054, -1]
297	[-54.800741229835054, -1]
297	[-54.800741229835054, -1]
297	[-54.800741229835054, -1]
297	[-54.800741229835054, -1]
297	[-54.800741229835054, -1]
297	[-54.800741229835054, -1]
297	[-54.800741229835054, -1]
297	[-54.800741229835054, -1]
297	[-54.800741229835054, -1]
297	[-54.800741229835054, -1]
297	[-54.800741229835054, -1]
297	[-54.800741229835054, -1]
297	[-54.800741229835054, -1]
297	[-54.800741229835054, -1]
297	[-54.800741229835054, -1]
297	[-54.800741229835054, -1]
297	[-54.800741229835054, -1]
297	[-54.800741229835054, -1]
297	[-54.800741229835054, -1]
297	[-54.800741229835054, -1]
297	[-54.800741229835054, -1]
297	[-54.800741229835054, -1]
297	[-54.800741229835054, -1]
297	[-54.800741229835054, -1]
297	[-54.800741229835054, -1]
297	[-54.800741229835054, -1]
297	[-54.800741229835054, -1]
297	[-54.800741229835054, -1]
297	[-54.800741229835054, -1]
297	[-54.800741229835054, -1]
297	[-54.800741229835054, -1]
297	[-54.800741229835054, -1]
297	[-54.800741229835054, -1]
297	[-54.800741229835054, -1]
297	[-54.800741229835054, -1]
297	[-54.800741229835054, -1]
297	[-54.800741229835054, -1]
297	[-54.800741229835054, -1]
297	[-54.800741229835054, -1]
297	[-54.800741229835054, -1]
297	[-54.800741229835054, -1]
297	[-54.800741229835054, -1]
297	[-54.800741229835054, -1]
297	[-54.800741229835054, -1]
297	[-54.800741229835054, -1]
297	[-54.800741229835054, -1]
297	[-54.800741229835054, -1]
297	[-54.800741229835054, -1]
297	[-54.800741229835054, -1]
297	[-54.800741229835054, -1]
297	[-54.800741229835054, -1]
297	[-54.800741229835054, -1]
297	[-54.800741229835054, -1]
297	[-54.800741229835054, -1]
297	[-54.800741229835054, -1]
297	[-54.800741229835054, -1]
297	[-54.800741229835054, -1]
297	[-54.800741229835054, -1]
297	[-54.800741229835054, -1]
298	[-54.842559030749, 0]
298	[-54.800741229835054, -1]
298	[-54.800741229835054, -1]
298	[-54.800741229835054, -1]
298	[-54.800741229835054, -1]
298	[-54.800741229835054, -1]
298	[-54.800741229835054, -1]
298	[-54.800741229835054, -1]
298	[-54.800741229835054, -1]
298	[-54.800741229835054, -1]
298	[-54.800741229835054, -1]
298	[-54.800741229835054, -1]
298	[-54.800741229835054, -1]
298	[-54.800741229835054, -1]
298	[-54.800741229835054, -1]
298	[-54.800741229835054, -1]
298	[-54.800741229835054, -1]
298	[-54.800741229835054, -1]
298	[-54.800741229835054, -1]
298	[-54.800741229835054, -1]
298	[-54.800741229835054, -1]
298	[-54.800741229835054, -1]
298	[-54.800741229835054, -1]
298	[-54.800741229835054, -1]
298	[-54.800741229835054, -1]
298	[-54.800741229835054, -1]
298	[-54.800741229835054, -1]
298	[-54.800741229835054, -1]
298	[-54.800741229835054, -1]
298	[-54.800741229835054, -1]
298	[-54.800741229835054, -1]
298	[-54.800741229835054, -1]
298	[-54.800741229835054, -1]
298	[-54.800741229835054, -1]
298	[-54.800741229835054, -1]
298	[-54.800741229835054, -1]
298	[-54.800741229835054, -1]
298	[-54.800741229835054, -1]
298	[-54.800741229835054, -1]
298	[-54.800741229835054, -1]
298	[-54.800741229835054, -1]
298	[-54.800741229835054, -1]
298	[-54.800741229835054, -1]
298	[-54.800741229835054, -1]
298	[-54.800741229835054, -1]
298	[-54.800741229835054, -1]
298	[-54.800741229835054, -1]
298	[-54.800741229835054, -1]
298	[-54.800741229835054, -1]
298	[-54.800741229835054, -1]
298	[-54.800741229835054, -1]
298	[-54.800741229835054, -1]
298	[-54.800741229835054, -1]
298	[-54.800741229835054, -1]
298	[-54.800741229835054, -1]
298	[-54.800741229835054, -1]
298	[-54.800741229835054, -1]
298	[-54.800741229835054, -1]
298	[-54.800741229835054, -1]
298	[-54.800741229835054, -1]
298	[-54.800741229835054, -1]
298	[-54.800741229835054, -1]
298	[-54.800741229835054, -1]
298	[-54.800741229835054, -1]
298	[-54.800741229835054, -1]
298	[-54.800741229835054, -1]
298	[-54.800741229835054, -1]
298	[-54.800741229835054, -1]
298	[-54.800741229835054, -1]
298	[-54.800741229835054, -1]
298	[-54.800741229835054, -1]
298	[-54.800741229835054, -1]
298	[-54.800741229835054, -1]
298	[-54.800741229835054, -1]
298	[-54.800741229835054, -1]
298	[-54.800741229835054, -1]
298	[-54.800741229835054, -1]
298	[-54.800741229835054, -1]
298	[-54.800741229835054, -1]
298	[-54.800741229835054, -1]
299	[-54.842559030749, 0]
299	[-54.842559030749, 0]
299	[-54.800741229835054, -1]
299	[-54.800741229835054, -1]
299	[-54.800741229835054, -1]
299	[-54.800741229835054, -1]
299	[-54.800741229835054, -1]
299	[-54.800741229835054, -1]
299	[-54.800741229835054, -1]
299	[-54.800741229835054, -1]
299	[-54.800741229835054, -1]
299	[-54.800741229835054, -1]
299	[-54.800741229835054, -1]
299	[-54.800741229835054, -1]
299	[-54.800741229835054, -1]
299	[-54.800741229835054, -1]
299	[-54.800741229835054, -1]
299	[-54.800741229835054, -1]
299	[-54.800741229835054, -1]
299	[-54.800741229835054, -1]
299	[-54.800741229835054, -1]
299	[-54.800741229835054, -1]
299	[-54.800741229835054, -1]
299	[-54.800741229835054, -1]
299	[-54.800741229835054, -1]
299	[-54.800741229835054, -1]
299	[-54.800741229835054, -1]
299	[-54.800741229835054, -1]
299	[-54.800741229835054, -1]
299	[-54.800741229835054, -1]
299	[-54.800741229835054, -1]
299	[-54.800741229835054, -1]
299	[-54.800741229835054, -1]
299	[-54.800741229835054, -1]
299	[-54.800741229835054, -1]
299	[-54.800741229835054, -1]
299	[-54.800741229835054, -1]
299	[-54.800741229835054, -1]
299	[-54.800741229835054, -1]
299	[-54.800741229835054, -1]
299	[-54.800741229835054, -1]
299	[-54.800741229835054, -1]
299	[-54.800741229835054, -1]
299	[-54.800741229835054, -1]
299	[-54.800741229835054, -1]
299	[-54.800741229835054, -1]
299	[-54.800741229835054, -1]
299	[-54.800741229835054, -1]
299	[-54.800741229835054, -1]
299	[-54.800741229835054, -1]
299	[-54.800741229835054, -1]
299	[-54.800741229835054, -1]
299	[-54.800741229835054, -1]
299	[-54.800741229835054, -1]
299	[-54.800741229835054, -1]
299	[-54.800741229835054, -1]
299	[-54.800741229835054, -1]
299	[-54.800741229835054, -1]
299	[-54.800741229835054, -1]
299	[-54.800741229835054, -1]
299	[-54.800741229835054, -1]
299	[-54.800741229835054, -1]
299	[-54.800741229835054, -1]
299	[-54.800741229835054, -1]
299	[-54.800741229835054, -1]
299	[-54.800741229835054, -1]
299	[-54.800741229835054, -1]
299	[-54.800741229835054, -1]
299	[-54.800741229835054, -1]
299	[-54.800741229835054, -1]
299	[-54.800741229835054, -1]
299	[-54.800741229835054, -1]
299	[-54.800741229835054, -1]
299	[-54.800741229835054, -1]
299	[-54.800741229835054, -1]
299	[-54.800741229835054, -1]
299	[-54.800741229835054, -1]
299	[-54.800741229835054, -1]
299	[-54.800741229835054, -1]
299	[-54.800741229835054, -1]
300	[-54.842559030749, 0]
300	[-54.842559030749, 0]
300	[-54.800741229835054, -1]
300	[-54.800741229835054, -1]
300	[-54.800741229835054, -1]
300	[-54.800741229835054, -1]
300	[-54.800741229835054, -1]
300	[-54.800741229835054, -1]
300	[-54.800741229835054, -1]
300	[-54.800741229835054, -1]
300	[-54.800741229835054, -1]
300	[-54.800741229835054, -1]
300	[-54.800741229835054, -1]
300	[-54.800741229835054, -1]
300	[-54.800741229835054, -1]
300	[-54.800741229835054, -1]
300	[-54.800741229835054, -1]
300	[-54.800741229835054, -1]
300	[-54.800741229835054, -1]
300	[-54.800741229835054, -1]
300	[-54.800741229835054, -1]
300	[-54.800741229835054, -1]
300	[-54.800741229835054, -1]
300	[-54.800741229835054, -1]
300	[-54.800741229835054, -1]
300	[-54.800741229835054, -1]
300	[-54.800741229835054, -1]
300	[-54.800741229835054, -1]
300	[-54.800741229835054, -1]
300	[-54.800741229835054, -1]
300	[-54.800741229835054, -1]
300	[-54.800741229835054, -1]
300	[-54.800741229835054, -1]
300	[-54.800741229835054, -1]
300	[-54.800741229835054, -1]
300	[-54.800741229835054, -1]
300	[-54.800741229835054, -1]
300	[-54.800741229835054, -1]
300	[-54.800741229835054, -1]
300	[-54.800741229835054, -1]
300	[-54.800741229835054, -1]
300	[-54.800741229835054, -1]
300	[-54.800741229835054, -1]
300	[-54.800741229835054, -1]
300	[-54.800741229835054, -1]
300	[-54.800741229835054, -1]
300	[-54.800741229835054, -1]
300	[-54.800741229835054, -1]
300	[-54.800741229835054, -1]
300	[-54.800741229835054, -1]
300	[-54.800741229835054, -1]
300	[-54.800741229835054, -1]
300	[-54.800741229835054, -1]
300	[-54.800741229835054, -1]
300	[-54.800741229835054, -1]
300	[-54.800741229835054, -1]
300	[-54.800741229835054, -1]
300	[-54.800741229835054, -1]
300	[-54.800741229835054, -1]
300	[-54.800741229835054, -1]
300	[-54.800741229835054, -1]
300	[-54.800741229835054, -1]
300	[-54.800741229835054, -1]
300	[-54.800741229835054, -1]
300	[-54.800741229835054, -1]
300	[-54.800741229835054, -1]
300	[-54.800741229835054, -1]
300	[-54.800741229835054, -1]
300	[-54.800741229835054, -1]
300	[-54.800741229835054, -1]
300	[-54.800741229835054, -1]
300	[-54.800741229835054, -1]
300	[-54.800741229835054, -1]
300	[-54.800741229835054, -1]
300	[-54.800741229835054, -1]
300	[-54.800741229835054, -1]
300	[-54.800741229835054, -1]
300	[-54.800741229835054, -1]
300	[-54.800741229835054, -1]
300	[-54.800741229835054, -1]
300	[-54.842559030749, 0]
300	[-54.842559030749, 0]
300	[-54.800741229835054, -1]
300	[-54.800741229835054, -1]
300	[-54.800741229835054, -1]
300	[-54.800741229835054, -1]
300	[-54.800741229835054, -1]
300	[-54.800741229835054, -1]
300	[-54.800741229835054, -1]
300	[-54.800741229835054, -1]
300	[-54.800741229835054, -1]
300	[-54.800741229835054, -1]
300	[-54.800741229835054, -1]
300	[-54.800741229835054, -1]
300	[-54.800741229835054, -1]
300	[-54.800741229835054, -1]
300	[-54.800741229835054, -1]
300	[-54.800741229835054, -1]
300	[-54.800741229835054, -1]
300	[-54.800741229835054, -1]
300	[-54.800741229835054, -1]
300	[-54.800741229835054, -1]
300	[-54.800741229835054, -1]
300	[-54.800741229835054, -1]
300	[-54.800741229835054, -1]
300	[-54.800741229835054, -1]
300	[-54.800741229835054, -1]
300	[-54.800741229835054, -1]
300	[-54.800741229835054, -1]
300	[-54.800741229835054, -1]
300	[-54.800741229835054, -1]
300	[-54.800741229835054, -1]
300	[-54.800741229835054, -1]
300	[-54.800741229835054, -1]
300	[-54.800741229835054, -1]
300	[-54.800741229835054, -1]
300	[-54.800741229835054, -1]
300	[-54.800741229835054, -1]
300	[-54.800741229835054, -1]
300	[-54.800741229835054, -1]
300	[-54.800741229835054, -1]
300	[-54.800741229835054, -1]
300	[-54.800741229835054, -1]
300	[-54.800741229835054, -1]
300	[-54.800741229835054, -1]
300	[-54.800741229835054, -1]
300	[-54.800741229835054, -1]
300	[-54.800741229835054, -1]
300	[-54.800741229835054, -1]
300	[-54.800741229835054, -1]
300	[-54.800741229835054, -1]
300	[-54.800741229835054, -1]
300	[-54.800741229835054, -1]
300	[-54.800741229835054, -1]
300	[-54.800741229835054, -1]
300	[-54.800741229835054, -1]
300	[-54.800741229835054, -1]
300	[-54.800741229835054, -1]
300	[-54.800741229835054, -1]
300	[-54.800741229835054, -1]
300	[-54.800741229835054, -1]
300	[-54.800741229835054, -1]
300	[-54.800741229835054, -1]
300	[-54.800741229835054, -1]
300	[-54.800741229835054, -1]
300	[-54.800741229835054, -1]
300	[-54.800741229835054, -1]
300	[-54.800741229835054, -1]
300	[-54.800741229835054, -1]
300	[-54.800741229835054, -1]
300	[-54.800741229835054, -1]
300	[-54.800741229835054, -1]
300	[-54.800741229835054, -1]
300	[-54.800741229835054, -1]
300	[-54.800741229835054, -1]
300	[-54.800741229835054, -1]
300	[-54.800741229835054, -1]
300	[-54.800741229835054, -1]
300	[-54.800741229835054, -1]
300	[-54.800741229835054, -1]
