Generation:
1198

Phenotype:
6
V1 = uniform([+0.6e1, 1.8e1], 2);
V2 = +1.4e0 * +5.5e0;
V2 = V2 + uniform([-4.8e0, 4.2e0], 2);
V3 = +V2;
V3 = V3 + gm([1.0e1, +5.0e0, 1.1e0]);

Pre-processed Program
:T = uniform([6.000000, 24.000000], 2);C = 7.7;C = C + uniform([-4.800000, -0.600000], 2);F = C;F = F + gm([1.000000], [5], [1.1]);Genotype:
[116, 173, 153, 233, 34, 88, 8, 200, 266, 223, 488, 11, 418, 57, 249, 144, 367, 108, 187, 181, 260, 121, 434, 248, 271, 406, 276, 195, 375, 388, 479, 286, 88, 293, 144, 218, 344, 200, 274, 32, 170, 475, 446, 210, 452, 358, 491, 200, 147, 476, 235, 1, 360, 103, 215, 314, 405, 20, 94, 84, 101, 381, 4, 465, 335, 477, 270, 286, 494, 487, 153, 276, 377, 385, 205, 449, 497, 35, 88, 244, 135, 386, 96, 37, 231, 233, 164, 267, 473, 361, 227, 499, 455, 55, 339, 483, 423, 481, 134, 412]
Tree:
None
Fitness on 5000 data:
-6.066020514155714

Fitness:
-6.066020514155714