Generation:
398

Phenotype:
6
V1 = uniform([-2.0e0, 2.8e1], 2);
V2 = -1.4e0 * -5.2e0;
V2 = V2 + uniform([-4.4e0, 4.2e0], 2);
V3 = +V2;
V3 = V3 + gm([3.1e0, +5.0e0, 1.1e0]);

Pre-processed Program
:T = uniform([-2.000000, 26.000000], 2);C = 7.28;C = C + uniform([-4.400000, -0.200000], 2);F = C;F = F + gm([1.000000], [5], [1.1]);Genotype:
[112, 455, 453, 361, 40, 363, 275, 322, 320, 2, 292, 382, 458, 19, 249, 144, 177, 140, 187, 122, 61, 121, 434, 6, 271, 153, 399, 195, 222, 140, 3, 67, 239, 265, 344, 14, 494, 78, 144, 82, 226, 3, 326, 324, 224, 498, 165, 82, 114, 212, 234, 383, 281, 310, 126, 314, 15, 410, 94, 459, 481, 381, 150, 465, 335, 477, 270, 286, 494, 487, 153, 276, 377, 385, 205, 449, 497, 35, 88, 244, 135, 386, 96, 37, 231, 233, 164, 267, 473, 361, 227, 499, 455, 55, 339, 483, 423, 481, 134, 412]
Tree:
None
Fitness on 5000 data:
-6.337701654440857

Fitness:
-6.337701654440857