Generation:
398

Phenotype:
4
V1 = uniform([-3.1e0, 2.0e1], 2);
V2 = gm([6.9e1, +9.9e1, 9.9e1], [4.7e1, +1.5e1, 1.6e1]);
V3 = uniform([+6.4e0, 7.3e0], 2);

Pre-processed Program
:T = uniform([-3.100000, 16.900000], 2);P = gm([0.594828, 0.405172], [99, 15], [99, 16]);F = uniform([6.400000, 13.700000], 2);Genotype:
[64, 129, 319, 82, 337, 289, 133, 181, 270, 113, 392, 0, 143, 318, 225, 251, 237, 336, 309, 21, 186, 454, 189, 209, 313, 497, 349, 89, 287, 226, 152, 384, 497, 103, 119, 370, 401, 295, 337, 336, 91, 166, 19, 349, 170, 440, 152, 346, 4, 282, 46, 497, 253, 388, 246, 91, 460, 98, 8, 284, 379, 481, 271, 257, 266, 263, 308, 115, 465, 251, 134, 237, 316, 250, 410, 137, 354, 218, 238, 52, 49, 438, 476, 99, 340, 137, 182, 412, 287, 420, 231, 477, 425, 5, 123, 122, 86, 381, 473, 21, 112, 369, 474, 183, 104, 133, 89, 361, 26]
Tree:
None
Fitness on 5000 data:
-88.81562045434985

Fitness:
-88.81562045434985