Generation:
1500

Phenotype:
4
V1 = uniform([-0.3e0, 1.6e1], 2);
V2 = gm([6.9e1, +9.9e1, 9.9e1], [4.7e1, +1.5e1, 1.6e1]);
V3 = uniform([+6.4e0, 7.2e0], 2);

Pre-processed Program
:T = uniform([-0.300000, 15.700000], 2);P = gm([0.594828, 0.405172], [99, 15], [99, 16]);F = uniform([6.400000, 13.600000], 2);Genotype:
[118, 69, 319, 311, 33, 103, 190, 323, 270, 303, 21, 26, 143, 138, 87, 483, 237, 336, 309, 145, 423, 466, 189, 209, 313, 471, 349, 89, 287, 320, 40, 384, 497, 103, 119, 370, 401, 295, 337, 451, 471, 166, 19, 21, 206, 500, 152, 346, 4, 282, 46, 497, 462, 388, 246, 91, 460, 98, 8, 284, 379, 481, 271, 257, 266, 263, 308, 115, 465, 251, 134, 237, 316, 250, 410, 137, 354, 218, 238, 52, 49, 438, 476, 99, 340, 137, 182, 412, 287, 420, 231, 477, 425, 5, 123, 122, 86, 381, 473, 21, 112, 369, 474, 183, 104, 133, 89, 361, 26]
Tree:
None
Fitness on 5000 data:
-88.24545546328889

Fitness:
-88.24545546328889