Generation:
398

Phenotype:
1
V1 = gm([8.7e0, +9.9e0, 2.0e0]);
V2 = +V1;
V2 = V2 + gm([0.3e0, -5.0e0, 1.5e0]);
V3 = +V1;
V3 = V3 + uniform([-2.0e0, 4.0e0], 2);

Pre-processed Program
:F = gm([1.000000], [9.9], [2]);C = F;C = C + gm([1.000000], [-5], [1.5]);T = F;T = T + uniform([-2.000000, 2.000000], 2);Genotype:
[343, 162, 375, 448, 500, 144, 455, 138, 437, 128, 196, 428, 129, 109, 128, 485, 442, 10, 192, 450, 242, 130, 84, 4, 24, 358, 194, 428, 281, 220, 23, 364, 151, 455, 185, 260, 312, 276, 141, 165, 500, 433, 138, 214, 256, 424, 20, 203, 219, 136, 65, 382, 120, 122, 4, 4, 470, 500, 83, 466, 314, 373, 328, 250, 13, 432, 119, 158, 21, 417, 206, 278, 459, 305, 20, 305, 184, 322, 470, 394, 346, 392, 470, 394, 308, 488, 168, 465, 110, 448, 287, 332, 238, 373, 226, 139, 434, 373, 352, 1, 36, 417, 206, 28, 459, 331, 78, 486, 211, 487, 143, 27, 360, 244, 27, 167, 333, 495, 201, 365, 404]
Tree:
None
Fitness on 5000 data:
-41.079968808823054

Fitness:
-41.079968808823054