Generation:
1500

Phenotype:
1
V1 = gm([2.9e1, +9.9e0, 2.0e0]);
V2 = +V1;
V2 = V2 + gm([9.1e1, -5.0e0, 1.5e0]);
V3 = +V1;
V3 = V3 + gm([0.4e0, -0.0e1, 1.0e0]);

Pre-processed Program
:F = gm([1.000000], [9.9], [2]);C = F;C = C + gm([1.000000], [-5], [1.5]);T = F;T = T + gm([1.000000], [0], [1]);Genotype:
[343, 108, 52, 478, 7, 144, 19, 452, 9, 47, 196, 192, 129, 239, 12, 485, 442, 300, 330, 252, 242, 130, 138, 4, 496, 376, 34, 34, 441, 129, 321, 149, 196, 127, 185, 170, 312, 276, 231, 395, 488, 433, 138, 220, 256, 424, 422, 330, 289, 136, 471, 370, 94, 382, 256, 161, 470, 500, 83, 315, 411, 220, 328, 250, 13, 432, 119, 158, 21, 417, 206, 278, 459, 305, 20, 305, 184, 322, 470, 394, 346, 392, 470, 394, 308, 488, 168, 465, 110, 448, 287, 332, 238, 373, 226, 139, 434, 373, 352, 1, 36, 417, 206, 28, 459, 331, 78, 486, 211, 487, 143, 27, 360, 244, 27, 167, 333, 495, 201, 365, 404]
Tree:
None
Fitness on 5000 data:
-39.86417465511746

Fitness:
-39.86417465511746