Generation:
1998

Phenotype:
116
V1 = gm([0.0e0, +4.8e1, 9.9e1], [0.0e1, +9.8e1, 9.8e1]);
V2 = uniform([+5.2e0, 2.0e1], 2);
V3 = uniform([+5.9e0, 8.0e0], 2);
V4 = gm([9.2e0, +8.3e0, 1.2e0], [6.7e0, +7.5e0, 0.9e0], [1.8e1, +0.3e1, 2.2e0]);
V5 = gm([9.3e1, +4.9e0, 1.7e0]);

Pre-processed Program
:P = gm([1.000000, 1.000000], [48, 98], [99, 98]);T = uniform([5.200000, 25.200000], 2);F = uniform([5.900000, 13.900000], 2);W = gm([0.271386, 0.197640, 0.530973], [8.3, 7.5, 3], [1.2, 0.9, 2.2]);C = gm([1.000000], [4.9], [1.7]);Genotype:
[265, 475, 380, 489, 365, 50, 420, 420, 458, 205, 356, 334, 388, 417, 235, 99, 229, 91, 378, 494, 90, 490, 325, 472, 26, 269, 398, 25, 197, 399, 398, 275, 213, 257, 373, 10, 75, 222, 318, 177, 262, 480, 165, 131, 204, 253, 80, 205, 9, 100, 22, 168, 400, 102, 404, 107, 33, 319, 479, 252, 500, 399, 218, 218, 353, 310, 393, 1, 112, 408, 31, 126, 326, 397, 72, 426, 226, 97, 275, 216, 347, 90, 229, 420, 56, 55, 31, 488, 309, 420, 120, 90, 423, 397, 330, 182, 2, 356, 446, 343, 102, 488, 249, 183, 193, 255, 484, 134, 429, 108, 178, 201, 337, 366, 110, 276, 321, 370, 62, 55, 121, 379, 246, 367, 461, 416, 487, 427, 463, 165, 140, 391, 314, 294, 498, 226, 176, 69, 70, 261, 474, 129, 327, 271, 391, 407, 216, 227, 226, 226, 332, 429, 33, 336, 39, 343, 310, 220, 491, 490, 464, 157, 232, 351, 172, 499, 207, 481, 222, 435, 334, 160, 384, 273, 459, 87, 142, 269, 7, 63, 301, 213, 347, 143, 464, 218, 325]
Tree:
None
Fitness on 5000 data:
-160.46043247105206

Fitness:
-160.46043247105206