Generation:
300

Phenotype:
3
V1 = gm([38, 14.7, 8.8]);
V2 = 0;
V2 = V2 + gm([42.6, 11.3, 3.1]);
V3 = 3.7;
V3 = V3 + 8.8 * gm([40, 0.9, 1.8], [9, 41, 11.6], [46, 43, 3]) + uniform([1, 4], 2);

Pre-processed Program
:T = gm([1.000000], [14.7], [8.8]);F = 0;F = F;F = F + gm([1.000000], [11.3], [3.1]);P = 3.7;P = P;P = P + 8.8 * gm([0.421053, 0.094737, 0.484211], [0.9, 41, 43], [1.8, 11.6, 3]);P = P + uniform([1.000000, 5.000000], 2);Genotype:
[361, 398, 306, 58, 267, 194, 274, 390, 20, 191, 277, 371, 456, 57, 416, 97, 316, 376, 300, 469, 230, 0, 226, 349, 234, 212, 126, 179, 246, 59, 435, 470, 74, 333, 3, 495, 356, 486, 146, 323, 151, 105, 87, 229, 282, 442, 321, 314, 403, 372, 299, 493, 388, 91, 391, 102, 206, 471, 52, 367, 257, 126, 60, 334, 347, 499, 368, 131, 302, 356, 352, 170, 145, 370, 360, 454, 249, 155, 49, 460, 92, 237, 328, 139, 134, 156, 222, 264, 11, 419, 358, 217, 491, 406, 270, 83, 129, 321, 67, 290]
Tree:
None
Fitness on 5000 data:
-88.01024040779434

Fitness:
[-87.8175240358156, 0]