Generation:
398

Phenotype:
3
V1 = gm([0.9e1, +4.9e0, 2.0e0]);
V2 = -1.6e0;
V2 = V2 + gm([2.7e0, +8.4e0, 2.2e0], [5.2e1, +1.2e1, 1.9e0]);
V3 = +V2;
V3 = V3 + gm([7.7e0, -0.0e1, 0.1e1], [1.1e0, +5.6e0, 1.8e0], [1.9e1, +8.9e0, 2.4e0]);

Pre-processed Program
:C = gm([1.000000], [4.9], [2]);F = 0;F = F - 1.6;F = F + gm([0.049360, 0.950640], [8.4, 12], [2.2, 1.9]);T = F;T = T + gm([0.276978, 0.039568, 0.683453], [0, 5.6, 8.9], [1, 1.8, 2.4]);Genotype:
[356, 218, 129, 288, 430, 242, 94, 280, 79, 129, 182, 308, 184, 79, 154, 492, 382, 80, 470, 157, 458, 356, 253, 31, 81, 251, 126, 162, 416, 361, 37, 146, 442, 487, 190, 36, 108, 118, 224, 90, 457, 312, 402, 172, 178, 144, 385, 242, 59, 26, 348, 121, 402, 355, 215, 251, 139, 228, 229, 440, 162, 178, 190, 465, 490, 159, 281, 23, 487, 247, 34, 53, 185, 310, 200, 63, 458, 390, 441, 43, 107, 321, 141, 281, 466, 58, 282, 35, 476, 66, 76, 371, 408, 194, 154, 390, 431, 139, 473, 126]
Tree:
None
Fitness on 5000 data:
-51.39450856729633

Fitness:
-51.39450856729633