Generation:
798

Phenotype:
3
V1 = gm([0.6e1, +4.9e0, 1.7e0]);
V2 = -1.9e0;
V2 = V2 + gm([0.6e0, -8.1e0, 3.1e0], [9.9e1, +1.2e1, 1.9e0]);
V3 = +V2;
V3 = V3 + gm([8.1e0, +0.0e1, 0.1e1], [1.1e0, +4.5e0, 6.0e0], [1.4e1, +8.8e0, 2.1e0]);

Pre-processed Program
:C = gm([1.000000], [4.9], [1.7]);F = 0;F = F - 1.9;F = F + gm([0.006024, 0.993976], [-8.1, 12], [3.1, 1.9]);T = F;T = T + gm([0.349138, 0.047414, 0.603448], [0, 4.5, 8.8], [1, 6, 2.1]);Genotype:
[356, 218, 378, 288, 357, 242, 41, 280, 316, 129, 156, 288, 184, 79, 154, 388, 431, 107, 86, 331, 162, 356, 253, 31, 81, 251, 359, 452, 416, 7, 37, 65, 180, 126, 32, 108, 1, 98, 61, 268, 327, 13, 411, 442, 330, 83, 49, 319, 59, 309, 228, 121, 402, 355, 215, 451, 139, 228, 229, 440, 14, 178, 190, 105, 490, 158, 281, 23, 78, 1, 402, 84, 118, 310, 200, 63, 458, 500, 441, 43, 243, 434, 141, 281, 372, 138, 390, 484, 5, 412, 365, 106, 260, 170, 68, 262, 431, 444, 473, 126]
Tree:
None
Fitness on 5000 data:
-51.105391543145245

Fitness:
-51.105391543145245