Generation:
1198

Phenotype:
3
V1 = gm([0.6e0, +4.9e0, 1.5e0]);
V2 = -1.9e0;
V2 = V2 + gm([0.2e0, +0.5e1, 4.8e0], [6.1e1, +1.2e1, 1.9e0]);
V3 = +V2;
V3 = V3 + gm([7.1e0, +0.0e1, 0.1e1], [1.6e0, +4.6e0, 1.0e0], [1.4e1, +8.9e0, 2.1e0]);

Pre-processed Program
:C = gm([1.000000], [4.9], [1.5]);F = 0;F = F - 1.9;F = F + gm([0.003268, 0.996732], [5, 12], [4.8, 1.9]);T = F;T = T + gm([0.312775, 0.070485, 0.616740], [0, 4.6, 8.9], [1, 1, 2.1]);Genotype:
[180, 218, 109, 288, 357, 322, 41, 480, 46, 352, 156, 254, 184, 79, 154, 388, 431, 55, 398, 375, 370, 356, 335, 394, 161, 251, 359, 452, 244, 441, 37, 403, 180, 32, 444, 350, 140, 200, 255, 251, 255, 124, 58, 368, 354, 77, 156, 451, 5, 309, 26, 121, 402, 355, 268, 451, 129, 106, 416, 440, 88, 308, 150, 325, 418, 237, 281, 86, 427, 291, 402, 478, 184, 160, 200, 415, 251, 500, 441, 43, 243, 147, 331, 126, 330, 432, 390, 234, 36, 412, 77, 121, 260, 184, 68, 438, 301, 444, 393, 39]
Tree:
None
Fitness on 5000 data:
-50.68988184676131

Fitness:
-50.68988184676131