Generation:
798

Phenotype:
3
V1 = gm([3.5e0, +8.2e0, 4.3e0]);
V2 = +0.2e0;
V2 = V2 + gm([3.9e1, +9.8e0, 2.0e0]);
V3 = -V1 * -V1;
V3 = V3 + gm([1.2e0, +0.8e1, 9.9e0], [6.0e1, +1.0e0, 9.9e0]);

Pre-processed Program
:T = gm([1.000000], [8.2], [4.3]);F = 0.2;F = F + gm([1.000000], [9.8], [2]);TEMP0 = T * T;P = TEMP0;P = P + gm([0.019608, 0.980392], [8, 1], [9.9, 9.9]);Genotype:
[172, 74, 190, 210, 431, 82, 40, 393, 295, 66, 165, 376, 458, 212, 148, 401, 464, 453, 448, 187, 288, 22, 85, 60, 260, 130, 372, 408, 14, 197, 54, 255, 273, 79, 89, 86, 30, 79, 18, 222, 342, 442, 190, 150, 245, 160, 465, 12, 432, 491, 390, 128, 387, 0, 154, 158, 249, 295, 421, 272, 154, 75, 74, 340, 248, 97, 41, 459, 19, 90, 318, 315, 366, 480, 1, 425, 66, 321, 460, 12, 100, 459, 69, 178, 389, 425, 209, 76, 246, 297, 126, 81, 288, 49, 380, 483, 136, 275, 25, 448, 478, 31, 379, 412, 389, 327, 363, 76, 246, 138, 126, 81, 288, 49, 380, 112, 257, 295, 216, 1, 498, 436, 224, 308, 104, 447, 188, 119, 40]
Tree:
None
Fitness on 5000 data:
-72.34053939761222

Fitness:
-72.34053939761222