Generation:
1500

Phenotype:
3
V1 = uniform([+2.1e0, 5.7e0], 2);
V2 = +V1;
V2 = V2 + gm([9.2e1, +5.0e0, 2.5e0]);
V3 = +V2;
V3 = V3 + uniform([-2.0e0, 3.9e0], 2);

Pre-processed Program
:C = uniform([2.100000, 7.800000], 2);F = C;F = F + gm([1.000000], [5], [2.5]);T = F;T = T + uniform([-2.000000, 1.900000], 2);Genotype:
[330, 404, 431, 337, 130, 339, 62, 342, 201, 152, 323, 215, 17, 212, 121, 62, 6, 262, 394, 314, 242, 368, 298, 170, 69, 112, 105, 178, 444, 285, 430, 280, 182, 492, 345, 106, 67, 234, 366, 264, 78, 15, 25, 82, 42, 171, 402, 330, 140, 111, 213, 179, 14, 170, 208, 388, 486, 263, 22, 401, 19, 138, 279, 214, 243, 255, 358, 379, 314, 159, 171, 234, 250, 127, 238, 123, 181, 6, 372, 191, 216, 20, 165, 188, 236, 347, 175, 429, 261, 321, 329, 64, 431, 189, 480, 122, 398, 271, 174]
Tree:
None
Fitness on 5000 data:
-43.378649522335145

Fitness:
-43.378649522335145