Generation:
798

Phenotype:
3
V1 = uniform([+2.1e0, 5.7e0], 2);
V2 = +V1;
V2 = V2 + gm([7.7e1, +5.0e0, 2.6e0]);
V3 = +V2;
V3 = V3 + uniform([-2.0e0, 4.0e0], 2);

Pre-processed Program
:C = uniform([2.100000, 7.800000], 2);F = C;F = F + gm([1.000000], [5], [2.6]);T = F;T = T + uniform([-2.000000, 2.000000], 2);Genotype:
[461, 404, 463, 401, 166, 108, 298, 342, 181, 152, 45, 215, 257, 212, 121, 62, 6, 94, 310, 127, 242, 368, 298, 62, 177, 327, 105, 28, 328, 285, 430, 280, 345, 492, 316, 270, 429, 234, 366, 184, 78, 471, 43, 199, 268, 171, 402, 330, 30, 225, 164, 300, 184, 170, 208, 388, 486, 263, 22, 401, 19, 138, 279, 214, 243, 255, 358, 379, 314, 159, 171, 234, 250, 127, 238, 123, 181, 6, 372, 191, 216, 20, 165, 188, 236, 347, 175, 429, 261, 321, 329, 64, 431, 189, 480, 122, 398, 271, 174]
Tree:
None
Fitness on 5000 data:
-43.408974860699374

Fitness:
-43.408974860699374