Generation:
398

Phenotype:
3
V1 = uniform([+1.9e0, 6.0e0], 2);
V2 = +V1;
V2 = V2 + gm([7.7e1, +5.0e0, 2.6e0]);
V3 = +V2;
V3 = V3 + uniform([-2.0e0, 4.0e0], 2);

Pre-processed Program
:C = uniform([1.900000, 7.900000], 2);F = C;F = F + gm([1.000000], [5], [2.6]);T = F;T = T + uniform([-2.000000, 2.000000], 2);Genotype:
[144, 404, 327, 401, 89, 362, 298, 71, 119, 198, 302, 376, 170, 212, 496, 62, 6, 490, 10, 386, 170, 212, 496, 62, 177, 327, 391, 28, 328, 285, 430, 280, 460, 72, 106, 80, 462, 174, 404, 232, 78, 471, 439, 199, 41, 171, 402, 330, 30, 301, 164, 300, 184, 170, 208, 388, 486, 263, 22, 401, 19, 138, 279, 214, 243, 255, 358, 379, 314, 159, 171, 234, 250, 127, 238, 123, 181, 6, 372, 191, 216, 20, 165, 188, 236, 347, 175, 429, 261, 321, 329, 64, 431, 189, 480, 122, 398, 271, 174]
Tree:
None
Fitness on 5000 data:
-43.478600479425054

Fitness:
-43.478600479425054