Generation:
1198

Phenotype:
3
V1 = uniform([-0.9e0, 1.7e1], 2);
V2 = +8.2e0;
V2 = V2 + gm([1.2e0, +1.8e0, 2.0e0]);
V3 = +V1 * +V1;
V3 = V3 + gm([7.7e0, +1.1e0, 9.5e0]);

Pre-processed Program
:T = uniform([-0.900000, 16.100000], 2);F = 8.2;F = F + gm([1.000000], [1.8], [2]);TEMP0 = T * T;P = TEMP0;P = P + gm([1.000000], [1.1], [9.5]);Genotype:
[121, 350, 246, 497, 359, 121, 359, 390, 489, 256, 44, 481, 77, 149, 301, 206, 224, 199, 172, 364, 98, 382, 450, 88, 446, 258, 322, 341, 182, 32, 326, 384, 431, 198, 386, 245, 142, 240, 46, 378, 476, 335, 324, 490, 90, 170, 76, 142, 346, 324, 59, 360, 100, 27, 377, 216, 422, 474, 51, 381, 32, 157, 39, 165, 44, 431, 394, 468, 388, 142, 240, 110, 311, 338, 335, 204, 88, 466, 6, 318, 201, 424, 409, 113, 500, 230, 2, 75, 27, 319, 9, 115, 64, 300, 419, 251, 117, 281, 75, 27, 214, 184, 197, 346, 353, 422, 433, 49]
Tree:
None
Fitness on 5000 data:
-69.25646069616843

Fitness:
-69.25646069616843