Generation:
398

Phenotype:
4
V1 = gm([7.6e-2, +5.0e-0, 2.8e-0]);
V2 = +V1;
V2 = V2 + gm([9.3e-2, +9.6e+0, 8.7e+0]);
V3 = +9.9e-0;
V3 = V3 + gm([8.0e+2, +7.7e-1, 2.4e+0]);

Pre-processed Program
:W = gm([1.000000], [5], [2.8]);T = W;T = T + gm([1.000000], [9.6], [8.7]);F = 9.9;F = F + gm([1.000000], [0.77], [2.4]);Genotype:
[180, 477, 490, 452, 138, 278, 468, 337, 296, 65, 11, 175, 74, 365, 240, 343, 9, 320, 182, 328, 361, 60, 268, 14, 448, 240, 34, 207, 174, 332, 322, 252, 189, 323, 69, 362, 479, 144, 499, 46, 14, 216, 453, 188, 187, 244, 288, 24, 280, 270, 311, 235, 430, 69, 89, 445, 288, 94, 215, 32, 475, 238, 500, 410, 326, 391, 278, 157, 387, 471, 403, 451, 42, 374, 478, 282, 437, 381, 322, 182, 174, 361, 294, 163, 69, 369, 355, 116, 24, 228, 323, 305, 487, 95, 144, 124, 362, 240, 216, 446, 259, 420, 316, 25, 24, 152, 183, 300, 368, 240, 58, 140, 231, 186, 92, 233, 39, 397, 211, 60, 320, 112, 340, 115, 60, 258, 23, 448, 240, 248, 336, 118, 414, 357, 367, 47, 6, 295, 432, 430, 272, 243, 96, 457, 232, 352, 129, 177, 291, 69, 336, 355, 110, 12, 440, 175, 444, 357, 13, 232, 60, 427, 13, 47, 110, 39, 78, 156, 69, 462, 355, 466, 267, 6, 175, 220, 294, 13, 282, 479, 211, 269, 47, 366, 143, 306, 222, 443, 333, 328, 55, 384, 336, 100, 414, 357, 367, 47, 6, 295, 432, 430, 272, 243, 96, 457, 232, 352, 129, 177, 291, 69, 336, 355, 110, 12, 440, 175, 444, 357, 13, 232, 60, 427, 118, 47]
Tree:
None
Fitness on 5000 data:
-64.15920528840311

Fitness:
-64.15920528840311