Generation:
3000

Phenotype:
35
V1 = gm([2.9e0, +4.9e0, 1.6e0]);
V2 = gm([9.5e0, +1.4e0, 1.0e0], [3.3e1, +0.6e1, 2.5e0]);
V3 = gm([6.3e1, +9.9e1, 9.9e1]);
V4 = gm([9.1e1, +9.9e0, 2.0e0]);
V5 = uniform([+6.9e0, 1.6e1], 2);

Pre-processed Program
:C = gm([1.000000], [4.9], [1.6]);W = gm([0.223529, 0.776471], [1.4, 6], [1, 2.5]);P = gm([1.000000], [99], [99]);F = gm([1.000000], [9.9], [2]);T = uniform([6.900000, 22.900000], 2);Genotype:
[454, 274, 338, 179, 390, 447, 12, 79, 82, 364, 380, 84, 489, 24, 208, 171, 336, 358, 256, 112, 47, 44, 259, 185, 80, 231, 168, 81, 24, 90, 243, 291, 270, 42, 430, 52, 163, 103, 465, 367, 78, 140, 396, 495, 410, 2, 45, 282, 314, 468, 248, 50, 286, 233, 75, 231, 354, 229, 9, 267, 97, 489, 49, 467, 248, 26, 142, 313, 339, 11, 181, 123, 50, 449, 359, 360, 292, 142, 30, 238, 257, 408, 182, 74, 176, 239, 86, 394, 221, 156, 471, 72, 200, 1, 341, 288, 446, 127, 37, 398]
Tree:
None
Fitness on 5000 data:
-161.08884010866183

Fitness:
-161.08884010866183