Generation:
1500

Phenotype:
1
V1 = gm([4.2e+2, +9.9e-0, 2.1e+0]);
V2 = +7.7e-1;
V2 = V2 + gm([8.5e+2, +4.2e+0, 0.2e+1]);
V3 = +V1 - -9.9e-0;
V3 = V3 + gm([5.2e-0, -6.7e-0, 5.3e-0], [4.1e+0, +4.8e-2, 1.5e-0]);

Pre-processed Program
:F = gm([1.000000], [9.9], [2.1]);C = 0.77;C = C + gm([1.000000], [4.2], [2]);T = F;T = T + 9.9;T = T + gm([0.559140, 0.440860], [-6.7, 0.048], [5.3, 1.5]);Genotype:
[249, 432, 47, 208, 93, 38, 432, 4, 12, 192, 38, 203, 260, 29, 129, 317, 39, 36, 142, 391, 20, 6, 472, 140, 180, 295, 179, 276, 187, 307, 213, 22, 392, 462, 220, 358, 98, 305, 492, 35, 158, 422, 494, 262, 324, 126, 238, 70, 112, 86, 274, 460, 9, 40, 450, 16, 342, 452, 453, 408, 281, 476, 383, 189, 99, 377, 474, 10, 229, 465, 258, 375, 62, 439, 69, 205, 85, 26, 447, 369, 318, 166, 155, 183, 209, 84, 310, 145, 4, 431, 190, 495, 29, 332, 84, 298, 13, 443, 321, 481, 5, 365, 444, 339, 346, 138, 396, 417, 472, 115, 284, 142, 469, 283, 325, 100, 256, 457, 279, 10, 106, 293, 498, 337, 292, 103, 215, 260, 256, 61, 286, 79, 378, 208, 199, 463, 11, 488, 334, 238, 150, 416, 2, 89, 353, 293, 232, 25, 34, 315, 397, 7, 28, 376, 8, 331, 65, 285, 182, 16, 326, 169, 118, 460, 81, 175, 321, 256, 495, 3, 272, 84, 74, 115, 192, 500, 380, 284, 156, 392, 450, 468, 27, 15, 326, 435, 241, 261, 156, 493, 209, 208, 416, 50, 349, 63, 60, 75]
Tree:
None
Fitness on 5000 data:
-52.94840422037759

Fitness:
-52.94840422037759