Generation:
798

Phenotype:
1
V1 = gm([4.5e+2, +9.9e+0, 2.0e-0]);
V2 = +8.7e-1;
V2 = V2 + gm([8.7e-2, +3.9e+0, 0.2e+1]);
V3 = +V1 - -9.9e-0;
V3 = V3 + gm([3.1e+2, -3.8e-0, 5.0e-0]);

Pre-processed Program
:F = gm([1.000000], [9.9], [2]);C = 0.87;C = C + gm([1.000000], [3.9], [2]);T = F;T = T + 9.9;T = T + gm([1.000000], [-3.8], [5]);Genotype:
[107, 258, 0, 278, 210, 122, 87, 4, 395, 482, 38, 203, 290, 29, 129, 132, 282, 138, 142, 210, 137, 6, 434, 236, 180, 263, 369, 162, 258, 307, 213, 28, 34, 242, 298, 450, 178, 387, 25, 116, 490, 136, 423, 179, 120, 126, 492, 70, 72, 234, 217, 360, 9, 8, 440, 242, 372, 234, 453, 44, 91, 476, 181, 189, 99, 377, 474, 290, 428, 214, 345, 393, 481, 410, 491, 35, 89, 243, 188, 217, 177, 228, 155, 140, 383, 174, 54, 381, 294, 65, 439, 36, 29, 497, 84, 469, 233, 449, 217, 481, 295, 330, 484, 339, 346, 138, 396, 417, 472, 115, 284, 142, 469, 283, 325, 100, 256, 457, 279, 10, 106, 293, 498, 337, 292, 103, 215, 260, 256, 61, 286, 79, 378, 208, 199, 463, 11, 488, 334, 238, 150, 416, 2, 89, 353, 293, 232, 25, 34, 315, 397, 7, 28, 376, 8, 331, 65, 285, 182, 16, 326, 169, 118, 460, 81, 175, 321, 256, 495, 3, 272, 84, 74, 115, 192, 500, 380, 284, 156, 392, 450, 468, 27, 15, 326, 435, 241, 261, 156, 493, 209, 208, 416, 50, 349, 63, 60, 75]
Tree:
None
Fitness on 5000 data:
-54.17470202033583

Fitness:
-54.17470202033583