Generation:
1198

Phenotype:
1
V1 = gm([4.2e+2, +9.9e+0, 2.0e-0]);
V2 = +5.7e-1;
V2 = V2 + gm([8.5e-0, +4.1e+0, 0.2e+1]);
V3 = +V1 - -9.9e-0;
V3 = V3 + gm([5.3e-0, -7.7e-0, 5.4e-0], [4.4e+0, -4.9e-2, 1.5e-0]);

Pre-processed Program
:F = gm([1.000000], [9.9], [2]);C = 0.57;C = C + gm([1.000000], [4.1], [2]);T = F;T = T + 9.9;T = T + gm([0.546392, 0.453608], [-7.7, -0.049], [5.4, 1.5]);Genotype:
[249, 258, 289, 208, 93, 38, 500, 4, 12, 482, 38, 203, 290, 29, 129, 132, 282, 182, 142, 210, 393, 6, 472, 236, 180, 123, 369, 162, 35, 307, 213, 28, 392, 459, 290, 450, 178, 305, 87, 450, 193, 438, 494, 31, 120, 126, 238, 70, 72, 308, 217, 74, 9, 40, 450, 478, 372, 234, 453, 44, 281, 476, 403, 189, 99, 377, 474, 290, 475, 465, 258, 375, 353, 481, 321, 408, 85, 7, 447, 1, 177, 22, 155, 334, 383, 84, 310, 381, 4, 264, 70, 102, 29, 497, 84, 469, 233, 410, 330, 481, 295, 365, 444, 339, 346, 138, 396, 417, 472, 115, 284, 142, 469, 283, 325, 100, 256, 457, 279, 10, 106, 293, 498, 337, 292, 103, 215, 260, 256, 61, 286, 79, 378, 208, 199, 463, 11, 488, 334, 238, 150, 416, 2, 89, 353, 293, 232, 25, 34, 315, 397, 7, 28, 376, 8, 331, 65, 285, 182, 16, 326, 169, 118, 460, 81, 175, 321, 256, 495, 3, 272, 84, 74, 115, 192, 500, 380, 284, 156, 392, 450, 468, 27, 15, 326, 435, 241, 261, 156, 493, 209, 208, 416, 50, 349, 63, 60, 75]
Tree:
None
Fitness on 5000 data:
-53.12463315942618

Fitness:
-53.12463315942618