0	[-183.36151293488973, -1]
1	[-150.11064410391134, -1]
2	[-243.74208648059107, 0]
2	[-150.11064410391134, -1]
2	[-126.6135583398682, -3]
3	[-155.36268996993545, 0]
3	[-150.11064410391134, -1]
3	[-136.79454072942923, -2]
3	[-126.6135583398682, -3]
4	[-155.36268996993545, 0]
4	[-134.58133956667464, -1]
4	[-133.44664899457024, -2]
4	[-126.6135583398682, -3]
5	[-155.36268996993545, 0]
5	[-134.58133956667464, -1]
5	[-124.68081494054361, -2]
6	[-155.36268996993545, 0]
6	[-132.03893841342858, -1]
6	[-124.68081494054361, -2]
7	[-121.97877745671289, 0]
7	[-115.39292921354125, -2]
8	[-108.22143273562264, 0]
9	[-104.94896618389357, 0]
10	[-96.86397060106947, 0]
10	[-96.70577340041251, -2]
11	[-96.86397060106947, 0]
11	[-96.70577340041251, -2]
12	[-96.86397060106947, 0]
12	[-96.70577340041251, -2]
13	[-96.86397060106947, 0]
13	[-96.70577340041251, -2]
14	[-96.80831577736345, 0]
14	[-96.70577340041251, -2]
15	[-96.80831577736345, 0]
15	[-96.70577340041251, -2]
16	[-96.80831577736345, 0]
16	[-96.70577340041251, -2]
17	[-95.24572760850566, 0]
17	[-95.17414694366967, -2]
18	[-94.21923506670886, 0]
19	[-92.90019883063525, 0]
20	[-92.90019883063525, 0]
21	[-92.33244822631977, 0]
22	[-92.16157347927735, 0]
22	[-90.59705208568609, -1]
23	[-90.91331139817457, 0]
23	[-90.59705208568609, -1]
24	[-88.60951287113888, 0]
25	[-88.60951287113888, 0]
25	[-87.37725049213898, -1]
26	[-88.60951287113888, 0]
26	[-87.37725049213898, -1]
27	[-88.60951287113888, 0]
27	[-87.37725049213898, -1]
27	[-83.83863899147164, -2]
28	[-88.35581754619656, 0]
28	[-87.37725049213898, -1]
28	[-83.83863899147164, -2]
29	[-88.35581754619656, 0]
29	[-87.37725049213898, -1]
29	[-83.83863899147164, -2]
30	[-88.35581754619656, 0]
30	[-87.37725049213898, -1]
30	[-83.83863899147164, -2]
31	[-85.34989412301647, 0]
31	[-83.83863899147164, -2]
32	[-85.34989412301647, 0]
32	[-83.83863899147164, -2]
33	[-85.34989412301647, 0]
33	[-83.83863899147164, -2]
34	[-84.57643045367881, 0]
34	[-83.83863899147164, -2]
35	[-84.57643045367881, 0]
35	[-83.83863899147164, -2]
36	[-84.57643045367881, 0]
36	[-83.32924109496304, -2]
37	[-84.57643045367881, 0]
37	[-83.32924109496304, -2]
38	[-84.57643045367881, 0]
38	[-83.32924109496304, -2]
39	[-84.57643045367881, 0]
39	[-83.32924109496304, -2]
40	[-78.95458481616305, 0]
41	[-78.95458481616305, 0]
42	[-78.95458481616305, 0]
43	[-73.61499428501322, 0]
44	[-73.61499428501322, 0]
45	[-73.61499428501322, 0]
46	[-73.61499428501322, 0]
47	[-73.61499428501322, 0]
48	[-73.61499428501322, 0]
49	[-73.53595469246642, 0]
50	[-73.53595469246642, 0]
51	[-73.53595469246642, 0]
52	[-73.53595469246642, 0]
53	[-73.53595469246642, 0]
54	[-73.53595469246642, 0]
55	[-73.53595469246642, 0]
56	[-73.53595469246642, 0]
57	[-68.40534302831938, 0]
58	[-68.40534302831938, 0]
59	[-68.40534302831938, 0]
60	[-68.40534302831938, 0]
61	[-68.40534302831938, 0]
62	[-68.40534302831938, 0]
63	[-68.40534302831938, 0]
64	[-68.40534302831938, 0]
65	[-68.40534302831938, 0]
66	[-68.40534302831938, 0]
67	[-68.40534302831938, 0]
68	[-68.40534302831938, 0]
69	[-68.40534302831938, 0]
70	[-68.40534302831938, 0]
71	[-68.40534302831938, 0]
72	[-68.40534302831938, 0]
73	[-68.40534302831938, 0]
74	[-68.40534302831938, 0]
75	[-68.40534302831938, 0]
76	[-68.40534302831938, 0]
77	[-68.40534302831938, 0]
78	[-68.40534302831938, 0]
79	[-68.40534302831938, 0]
80	[-68.21018307841192, 0]
81	[-68.0618537088346, 0]
82	[-68.0618537088346, 0]
83	[-68.0618537088346, 0]
84	[-68.0618537088346, 0]
85	[-68.0618537088346, 0]
86	[-68.0618537088346, 0]
87	[-68.0618537088346, 0]
88	[-68.0618537088346, 0]
89	[-68.0618537088346, 0]
89	[-68.0618537088346, 0]
90	[-68.0618537088346, 0]
90	[-68.0618537088346, 0]
90	[-68.0618537088346, 0]
91	[-66.9246945026612, 0]
92	[-66.9246945026612, 0]
93	[-66.9246945026612, 0]
94	[-66.80319844642511, 0]
95	[-66.80319844642511, 0]
96	[-66.80319844642511, 0]
97	[-66.80319844642511, 0]
98	[-66.80319844642511, 0]
99	[-66.80319844642511, 0]
100	[-66.80319844642511, 0]
101	[-66.80319844642511, 0]
102	[-66.80319844642511, 0]
103	[-66.80319844642511, 0]
104	[-66.80319844642511, 0]
105	[-66.80319844642511, 0]
106	[-66.80319844642511, 0]
107	[-66.80319844642511, 0]
108	[-66.80319844642511, 0]
109	[-66.80319844642511, 0]
110	[-66.80319844642511, 0]
111	[-66.80319844642511, 0]
112	[-66.80319844642511, 0]
113	[-66.80319844642511, 0]
114	[-66.74511608765515, 0]
115	[-66.74511608765515, 0]
116	[-66.74511608765515, 0]
117	[-66.74511608765515, 0]
118	[-66.74511608765515, 0]
119	[-66.74511608765515, 0]
120	[-66.74511608765515, 0]
121	[-66.74511608765515, 0]
122	[-66.74511608765515, 0]
123	[-66.74511608765515, 0]
124	[-66.74511608765515, 0]
125	[-66.74511608765515, 0]
126	[-66.74511608765515, 0]
127	[-66.74511608765515, 0]
128	[-66.74511608765515, 0]
129	[-66.74511608765515, 0]
130	[-66.74511608765515, 0]
131	[-66.74511608765515, 0]
132	[-66.74511608765515, 0]
133	[-66.74511608765515, 0]
134	[-66.74511608765515, 0]
135	[-66.74511608765515, 0]
136	[-66.62627781605507, 0]
137	[-66.62627781605507, 0]
138	[-66.62627781605507, 0]
139	[-66.62627781605507, 0]
140	[-66.39290316357003, 0]
141	[-66.39290316357003, 0]
142	[-66.29030944761665, 0]
143	[-66.29030944761665, 0]
144	[-66.29030944761665, 0]
145	[-66.29030944761665, 0]
146	[-65.30828584571543, 0]
147	[-65.30828584571543, 0]
148	[-65.30828584571543, 0]
149	[-65.30828584571543, 0]
150	[-65.30828584571543, 0]
151	[-65.30828584571543, 0]
151	[-65.30828584571543, 0]
152	[-65.30828584571543, 0]
152	[-65.30828584571543, 0]
153	[-65.30828584571543, 0]
153	[-65.30828584571543, 0]
154	[-65.30828584571543, 0]
154	[-65.30828584571543, 0]
155	[-65.30828584571543, 0]
155	[-65.30828584571543, 0]
156	[-65.30828584571543, 0]
156	[-65.30828584571543, 0]
157	[-65.30828584571543, 0]
157	[-65.30828584571543, 0]
158	[-65.30828584571543, 0]
158	[-65.30828584571543, 0]
159	[-65.30828584571543, 0]
159	[-65.30828584571543, 0]
160	[-65.30828584571543, 0]
160	[-65.30828584571543, 0]
161	[-65.30828584571543, 0]
161	[-65.30828584571543, 0]
162	[-65.30828584571543, 0]
162	[-65.30828584571543, 0]
163	[-65.30828584571543, 0]
163	[-65.30828584571543, 0]
164	[-65.30828584571543, 0]
164	[-65.30828584571543, 0]
164	[-65.30828584571543, 0]
165	[-65.30828584571543, 0]
165	[-65.30828584571543, 0]
165	[-65.30828584571543, 0]
166	[-65.30828584571543, 0]
166	[-65.30828584571543, 0]
166	[-65.30828584571543, 0]
167	[-65.29773713808534, 0]
168	[-65.29773713808534, 0]
169	[-65.29773713808534, 0]
170	[-65.29773713808534, 0]
171	[-65.27546250425654, 0]
172	[-65.27546250425654, 0]
173	[-65.27546250425654, 0]
174	[-65.27546250425654, 0]
175	[-65.24553021178315, 0]
176	[-65.09071189167878, 0]
177	[-65.09071189167878, 0]
178	[-64.9545373498517, 0]
179	[-64.9545373498517, 0]
180	[-64.9504191823834, 0]
181	[-64.9504191823834, 0]
182	[-64.9504191823834, 0]
183	[-64.13859997603957, 0]
184	[-64.13859997603957, 0]
185	[-64.13859997603957, 0]
186	[-64.13859997603957, 0]
187	[-64.13859997603957, 0]
188	[-64.13859997603957, 0]
189	[-64.13859997603957, 0]
190	[-64.13859997603957, 0]
191	[-64.13859997603957, 0]
191	[-64.13859997603957, 0]
192	[-64.13859997603957, 0]
192	[-64.13859997603957, 0]
193	[-64.13859997603957, 0]
193	[-64.13859997603957, 0]
194	[-64.13859997603957, 0]
194	[-64.13859997603957, 0]
195	[-64.13859997603957, 0]
195	[-64.13859997603957, 0]
196	[-64.13859997603957, 0]
196	[-64.13859997603957, 0]
197	[-64.13859997603957, 0]
197	[-64.13859997603957, 0]
198	[-64.13859997603957, 0]
198	[-64.13859997603957, 0]
199	[-64.13859997603957, 0]
199	[-64.13859997603957, 0]
200	[-64.13859997603957, 0]
200	[-64.13859997603957, 0]
201	[-64.13859997603957, 0]
201	[-64.13859997603957, 0]
202	[-64.13859997603957, 0]
202	[-64.13859997603957, 0]
203	[-64.13859997603957, 0]
203	[-64.13859997603957, 0]
204	[-64.13859997603957, 0]
204	[-64.13859997603957, 0]
205	[-64.13859997603957, 0]
205	[-64.13859997603957, 0]
206	[-64.13859997603957, 0]
206	[-64.13859997603957, 0]
207	[-64.13859997603957, 0]
207	[-64.13859997603957, 0]
208	[-64.13859997603957, 0]
208	[-64.13859997603957, 0]
209	[-64.08116602614008, 0]
210	[-64.08116602614008, 0]
211	[-64.08116602614008, 0]
212	[-64.08116602614008, 0]
213	[-64.05915030875958, 0]
214	[-64.05915030875958, 0]
215	[-63.98283306170175, 0]
216	[-63.98283306170175, 0]
217	[-63.98283306170175, 0]
218	[-63.98283306170175, 0]
219	[-63.98283306170175, 0]
220	[-63.98283306170175, 0]
221	[-63.98283306170175, 0]
222	[-63.77389263827126, 0]
223	[-63.77389263827126, 0]
224	[-63.77389263827126, 0]
225	[-63.77389263827126, 0]
226	[-63.77389263827126, 0]
227	[-63.77389263827126, 0]
228	[-63.77389263827126, 0]
229	[-63.77389263827126, 0]
230	[-63.77389263827126, 0]
231	[-63.77389263827126, 0]
232	[-63.77389263827126, 0]
233	[-63.758701348558134, 0]
234	[-63.758701348558134, 0]
235	[-63.758701348558134, 0]
236	[-63.758701348558134, 0]
237	[-63.758701348558134, 0]
238	[-63.758701348558134, 0]
239	[-63.72747894490633, 0]
240	[-63.72747894490633, 0]
241	[-63.67966656455208, 0]
242	[-63.67966656455208, 0]
243	[-63.67966656455208, 0]
244	[-63.67966656455208, 0]
245	[-63.63450022889655, 0]
246	[-63.63450022889655, 0]
247	[-63.63450022889655, 0]
248	[-63.63450022889655, 0]
249	[-63.63450022889655, 0]
250	[-63.63450022889655, 0]
251	[-63.63450022889655, 0]
252	[-63.63450022889655, 0]
253	[-63.63450022889655, 0]
254	[-63.63450022889655, 0]
255	[-63.63450022889655, 0]
256	[-63.63450022889655, 0]
257	[-63.63450022889655, 0]
258	[-63.63450022889655, 0]
259	[-63.63450022889655, 0]
259	[-63.63450022889655, 0]
260	[-63.63450022889655, 0]
260	[-63.63450022889655, 0]
261	[-63.63450022889655, 0]
261	[-63.63450022889655, 0]
261	[-63.63450022889655, 0]
262	[-63.63450022889655, 0]
262	[-63.63450022889655, 0]
262	[-63.63450022889655, 0]
263	[-63.58459434284242, 0]
264	[-63.55059168801666, 0]
265	[-63.55059168801666, 0]
266	[-63.55059168801666, 0]
267	[-63.55059168801666, 0]
268	[-63.51983822877326, 0]
269	[-63.51983822877326, 0]
270	[-63.51983822877326, 0]
271	[-63.51983822877326, 0]
272	[-63.51983822877326, 0]
273	[-63.51983822877326, 0]
274	[-63.51983822877326, 0]
275	[-63.51983822877326, 0]
276	[-63.480887220896236, 0]
277	[-63.44614242533389, 0]
278	[-63.44614242533389, 0]
279	[-63.44614242533389, 0]
280	[-63.44614242533389, 0]
281	[-63.44614242533389, 0]
282	[-63.44614242533389, 0]
283	[-63.44614242533389, 0]
284	[-63.43823748948237, 0]
285	[-63.10391619198189, 0]
286	[-63.10391619198189, 0]
287	[-63.10391619198189, 0]
288	[-63.10391619198189, 0]
289	[-63.10391619198189, 0]
290	[-63.10391619198189, 0]
291	[-63.10391619198189, 0]
292	[-63.10391619198189, 0]
293	[-63.10391619198189, 0]
294	[-63.10391619198189, 0]
295	[-63.10391619198189, 0]
296	[-63.10391619198189, 0]
297	[-63.10391619198189, 0]
298	[-63.10391619198189, 0]
299	[-63.08213725562237, 0]
300	[-63.08213725562237, 0]
300	[-63.08213725562237, 0]
