Generation:
798

Phenotype:
1
V1 = gm([2.2e0, +9.9e0, 2.0e0]);
V2 = +1.1e1;
V2 = V2 + uniform([-8.1e0, 4.2e0], 2);
V3 = +V1;
V3 = V3 + uniform([-1.9e0, 3.7e0], 2);

Pre-processed Program
:F = gm([1.000000], [9.9], [2]);C = 11;C = C + uniform([-8.100000, -3.900000], 2);T = F;T = T + uniform([-1.900000, 1.800000], 2);Genotype:
[431, 126, 437, 228, 245, 132, 207, 442, 342, 8, 139, 86, 459, 59, 436, 406, 252, 10, 488, 428, 312, 76, 55, 360, 346, 61, 1, 1, 23, 220, 335, 359, 438, 161, 480, 10, 304, 282, 206, 135, 358, 166, 166, 288, 106, 419, 220, 437, 399, 491, 269, 462, 463, 213, 377, 282, 112, 4, 74, 52, 419, 66, 82, 33, 201, 471, 496, 83, 496, 352, 345, 152, 42, 462, 377, 75, 361, 137, 433, 4, 197, 42, 486, 171, 82, 33, 241, 471, 220, 485, 207, 304, 432, 23, 323, 92, 343, 340, 366, 285, 397, 186, 201, 283, 256, 11, 231, 394, 173, 180, 180, 202, 76, 349, 51, 206, 400, 436, 364, 83, 496, 352, 345, 211, 266, 462, 44, 75, 121, 402, 112]
Tree:
None
Fitness on 5000 data:
-5.320357395159641

Fitness:
-5.320357395159641