Generation:
798

Phenotype:
2
V1 = uniform([+5.9e0, 8.0e0], 2);
V2 = gm([3.5e0, +7.9e0, 0.3e0], [9.0e1, +9.4e0, 2.7e0], [9.4e0, +1.5e1, 0.8e0]);
V3 = gm([5.6e0, +5.0e0, 1.6e0]);

Pre-processed Program
:F = uniform([5.900000, 13.900000], 2);T = gm([0.034014, 0.874636, 0.091351], [7.9, 9.4, 15], [0.3, 2.7, 0.8]);C = gm([1.000000], [5], [1.6]);Genotype:
[358, 373, 297, 295, 96, 38, 385, 439, 130, 402, 408, 280, 312, 72, 51, 177, 212, 143, 145, 222, 461, 126, 447, 29, 328, 94, 260, 433, 380, 491, 164, 179, 400, 89, 463, 234, 129, 464, 58, 175, 122, 457, 470, 120, 146, 469, 174, 6, 182, 412, 161, 45, 377, 204, 320, 408, 140, 2, 10, 314, 320, 225, 206, 200, 379, 26, 405, 500, 306, 270, 181, 336, 126, 334, 300, 435, 299, 455, 350, 162, 262, 458, 472, 352, 126, 380, 450, 459, 203, 129, 318, 299, 250, 472, 411, 163, 389, 295, 361, 35]
Tree:
None
Fitness on 5000 data:
-50.36352990512695

Fitness:
-50.36352990512695