Generation:
398

Phenotype:
2
V1 = uniform([+5.9e0, 8.0e0], 2);
V2 = gm([2.6e0, +7.9e0, 0.4e0], [9.0e1, +9.3e0, 2.6e0], [9.9e0, +1.5e1, 1.0e0]);
V3 = gm([8.6e0, +5.0e0, 1.6e0]);

Pre-processed Program
:F = uniform([5.900000, 13.900000], 2);T = gm([0.025366, 0.878049, 0.096585], [7.9, 9.3, 15], [0.4, 2.6, 1]);C = gm([1.000000], [5], [1.6]);Genotype:
[117, 373, 297, 191, 40, 38, 385, 439, 150, 383, 408, 280, 312, 72, 378, 297, 457, 472, 306, 222, 162, 320, 447, 29, 334, 488, 260, 354, 458, 269, 164, 179, 400, 473, 496, 228, 129, 313, 484, 102, 252, 116, 470, 120, 217, 469, 189, 6, 129, 500, 161, 45, 135, 451, 281, 430, 206, 186, 284, 424, 217, 98, 476, 376, 365, 26, 405, 370, 370, 295, 181, 336, 164, 334, 300, 435, 299, 455, 350, 162, 262, 458, 472, 352, 126, 380, 450, 459, 203, 129, 318, 299, 250, 472, 411, 163, 389, 295, 361, 35]
Tree:
None
Fitness on 5000 data:
-50.38356100500126

Fitness:
-50.38356100500126