Generation:
1500

Phenotype:
2
V1 = uniform([+5.9e0, 8.0e0], 2);
V2 = gm([3.5e0, +4.3e0, 0.5e0], [8.6e1, +9.5e0, 2.5e0], [9.5e0, +1.5e1, 0.8e0]);
V3 = gm([3.0e0, +5.0e0, 1.5e0]);

Pre-processed Program
:F = uniform([5.900000, 13.900000], 2);T = gm([0.035354, 0.868687, 0.095960], [4.3, 9.5, 15], [0.5, 2.5, 0.8]);C = gm([1.000000], [5], [1.5]);Genotype:
[172, 397, 487, 254, 474, 110, 385, 69, 118, 447, 108, 280, 212, 300, 456, 497, 23, 303, 415, 220, 65, 374, 254, 193, 124, 335, 260, 315, 18, 105, 182, 348, 496, 89, 452, 434, 129, 485, 392, 269, 122, 95, 426, 150, 165, 239, 55, 262, 444, 412, 161, 45, 187, 56, 160, 408, 30, 2, 494, 252, 210, 253, 500, 22, 474, 310, 405, 500, 162, 222, 101, 135, 328, 334, 300, 435, 299, 455, 350, 162, 262, 458, 472, 352, 126, 380, 450, 459, 203, 129, 318, 299, 250, 472, 411, 163, 389, 295, 361, 35]
Tree:
None
Fitness on 5000 data:
-50.29694997403327

Fitness:
-50.29694997403327