Generation:
1500

Phenotype:
2
V1 = uniform([+6.3e0, 7.5e0], 2);
V2 = +V1;
V2 = V2 + uniform([+0.0e1, 1.0e1], 2);
V3 = +9.2e0;
V3 = V3 + uniform([-9.1e0, 9.9e0], 2);

Pre-processed Program
:F = uniform([6.300000, 13.800000], 2);T = F;T = T + uniform([0.000000, 10.000000], 2);W = 9.2;W = W + uniform([-9.100000, 0.800000], 2);Genotype:
[228, 79, 39, 361, 1, 440, 408, 246, 213, 480, 120, 407, 225, 174, 29, 328, 180, 162, 8, 368, 75, 414, 49, 416, 170, 410, 169, 224, 101, 470, 233, 350, 112, 306, 349, 347, 260, 239, 472, 366, 113, 257, 381, 23, 499, 271, 136, 372, 169, 369, 262, 438, 256, 410, 1, 202, 492, 170, 435, 180, 475, 238, 279, 156, 85, 199, 371, 451, 50, 288, 89, 493, 69, 31, 495, 409, 462, 277, 90, 279, 327, 172, 238, 100, 436, 462, 480, 195, 377, 323, 365, 466, 467, 197, 199, 253, 424, 494, 257, 24]
Tree:
None
Fitness on 5000 data:
-7.1837160294688305

Fitness:
-7.1837160294688305