Generation:
398

Phenotype:
2
V1 = uniform([+6.3e0, 7.5e0], 2);
V2 = +V1;
V2 = V2 + uniform([-0.0e1, 1.0e1], 2);
V3 = +9.2e0;
V3 = V3 + gm([3.0e1, -4.2e0, 2.9e0]);

Pre-processed Program
:F = uniform([6.300000, 13.800000], 2);T = F;T = T + uniform([0.000000, 10.000000], 2);W = 9.2;W = W + gm([1.000000], [-4.2], [2.9]);Genotype:
[353, 385, 119, 147, 468, 309, 304, 246, 213, 480, 460, 227, 465, 334, 349, 456, 180, 284, 8, 420, 75, 413, 398, 393, 170, 400, 307, 176, 231, 470, 163, 156, 14, 246, 349, 126, 274, 239, 122, 318, 172, 280, 296, 155, 73, 200, 255, 447, 169, 64, 402, 138, 256, 142, 159, 148, 492, 170, 435, 180, 475, 238, 279, 156, 85, 199, 371, 451, 50, 288, 89, 493, 69, 31, 495, 409, 462, 277, 90, 279, 327, 172, 238, 100, 436, 462, 480, 195, 377, 323, 365, 466, 467, 197, 199, 253, 424, 494, 257, 24]
Tree:
None
Fitness on 5000 data:
-7.248949184936429

Fitness:
-7.248949184936429