Generation:
1500

Phenotype:
10
V1 = uniform([-1.9e0, 1.0e1], 2);
V2 = +3.5e0;
V2 = V2 + gm([8.5e0, +9.8e0, 6.0e0]);
V3 = +V1 * +6.0e0 * +V2;
V3 = V3 + uniform([+9.9e0, 2.0e1], 2);
V4 = +V1;
V4 = V4 + uniform([+2.1e0, 6.0e0], 2);

Pre-processed Program
:C = uniform([-1.900000, 8.100000], 2);T = 3.5;T = T + gm([1.000000], [9.8], [6]);TEMP0 = 6 * C;TEMP0 = TEMP0 * T;E = TEMP0;E = E + uniform([9.900000, 29.900000], 2);F = C;F = F + uniform([2.100000, 8.100000], 2);Genotype:
[316, 33, 97, 81, 312, 424, 35, 151, 419, 310, 178, 131, 120, 345, 177, 332, 106, 207, 499, 268, 33, 495, 2, 210, 162, 316, 434, 388, 65, 492, 306, 112, 9, 448, 76, 489, 456, 320, 50, 44, 60, 283, 85, 348, 486, 424, 212, 497, 424, 34, 356, 70, 416, 488, 326, 79, 209, 157, 423, 348, 79, 239, 416, 200, 42, 170, 11, 458, 320, 174, 196, 460, 219, 85, 348, 404, 378, 212, 251, 256, 34, 356, 70, 416, 488, 172, 79, 209, 157, 423, 178, 79, 388, 416, 200, 2, 170, 311, 301, 212, 161, 481, 465, 24, 468, 468, 267, 430, 426, 491, 339, 43, 142, 272, 360, 40, 487, 96, 76, 399, 170, 44, 78, 358, 349, 110, 387, 77, 358, 260, 439, 311, 114, 252, 382, 176, 435, 181, 232, 283, 488, 266, 72, 372, 58, 410, 168, 40, 73, 383, 350, 470, 284, 242, 240, 201, 431, 160, 258, 432]
Tree:
None
Fitness on 5000 data:
-12.77805451409436

Fitness:
-12.77805451409436