Generation:
1798

Phenotype:
97
V1 = gm([2.8e1, +9.9e1, 9.9e1]);
V2 = uniform([+6.1e0, 7.5e0], 2);
V3 = uniform([+2.0e0, 5.8e0], 2);
V4 = gm([6.4e1, +5.1e0, 3.0e0]);
V5 = uniform([+7.4e0, 1.5e1], 2);

Pre-processed Program
:P = gm([1.000000], [99], [99]);F = uniform([6.100000, 13.600000], 2);C = uniform([2.000000, 7.800000], 2);W = gm([1.000000], [5.1], [3]);T = uniform([7.400000, 22.400000], 2);Genotype:
[437, 336, 490, 488, 70, 39, 142, 358, 191, 116, 92, 459, 89, 101, 68, 239, 179, 27, 307, 460, 271, 324, 216, 241, 182, 13, 207, 105, 60, 323, 415, 98, 312, 202, 340, 302, 69, 125, 108, 442, 64, 28, 164, 285, 386, 74, 359, 174, 56, 465, 451, 34, 431, 133, 470, 204, 73, 475, 207, 324, 197, 274, 242, 420, 221, 55, 359, 138, 6, 224, 430, 370, 353, 60, 53, 331, 335, 217, 424, 95, 115, 470, 163, 129, 273, 485, 382, 95, 144, 87, 457, 85, 263, 125, 90, 403, 331, 372, 195, 56]
Tree:
None
Fitness on 5000 data:
-163.2272920064704

Fitness:
-163.2272920064704