0	[-183.37579763836192, -1]
1	[-150.0872294765859, -1]
2	[-243.74225018851428, 0]
2	[-150.0872294765859, -1]
2	[-126.60123071764068, -3]
3	[-155.40083239608038, 0]
3	[-150.0872294765859, -1]
3	[-136.78491219564341, -2]
3	[-126.60123071764068, -3]
4	[-155.40083239608038, 0]
4	[-134.5860671687352, -1]
4	[-133.447001897724, -2]
4	[-126.60123071764068, -3]
5	[-155.40083239608038, 0]
5	[-121.58093654674937, -1]
5	[-113.83184476746686, -3]
6	[-155.40083239608038, 0]
6	[-121.58093654674937, -1]
6	[-116.98807944578904, -2]
6	[-113.83184476746686, -3]
7	[-155.40083239608038, 0]
7	[-121.58093654674937, -1]
7	[-112.59260617310586, -2]
7	[-112.14093303068407, -3]
8	[-141.47063140728392, 0]
8	[-99.00363766542641, -1]
9	[-141.47063140728392, 0]
9	[-99.00363766542641, -1]
10	[-125.9388278036952, 0]
10	[-93.83709462770892, -1]
11	[-125.9388278036952, 0]
11	[-93.83709462770892, -1]
12	[-125.9388278036952, 0]
12	[-93.83709462770892, -1]
13	[-125.9388278036952, 0]
13	[-93.83709462770892, -1]
14	[-119.8744002743204, 0]
14	[-93.83709462770892, -1]
15	[-119.8744002743204, 0]
15	[-93.83709462770892, -1]
16	[-107.61939572172753, 0]
16	[-93.83709462770892, -1]
17	[-107.61939572172753, 0]
17	[-93.83709462770892, -1]
18	[-107.60307431840988, 0]
18	[-93.83709462770892, -1]
19	[-107.60307431840988, 0]
19	[-93.83709462770892, -1]
20	[-107.60307431840988, 0]
20	[-93.83709462770892, -1]
21	[-107.60307431840988, 0]
21	[-93.01709055106706, -1]
22	[-98.70845052236551, 0]
22	[-93.01709055106706, -1]
23	[-98.70845052236551, 0]
23	[-92.44656882932347, -1]
24	[-96.81427528857851, 0]
24	[-91.30497723098375, -1]
25	[-96.81427528857851, 0]
25	[-90.80005103256832, -1]
26	[-96.48603905257909, 0]
26	[-90.80005103256832, -1]
27	[-96.48603905257909, 0]
27	[-89.42894956850927, -1]
28	[-96.39335891049515, 0]
28	[-89.42894956850927, -1]
29	[-90.73215386125733, 0]
29	[-88.04687658729206, -1]
30	[-90.73215386125733, 0]
30	[-88.04687658729206, -1]
31	[-89.68176507045264, 0]
31	[-88.04687658729206, -1]
32	[-87.71609327894066, 0]
33	[-86.52922757437527, 0]
34	[-86.52922757437527, 0]
35	[-86.52922757437527, 0]
36	[-86.52922757437527, 0]
37	[-86.52922757437527, 0]
38	[-84.60435061740803, 0]
39	[-84.60435061740803, 0]
40	[-81.8017687981924, 0]
41	[-81.8017687981924, 0]
42	[-81.8017687981924, 0]
43	[-81.8017687981924, 0]
44	[-81.8017687981924, 0]
45	[-81.8017687981924, 0]
46	[-81.8017687981924, 0]
47	[-81.8017687981924, 0]
48	[-81.8017687981924, 0]
49	[-81.8017687981924, 0]
50	[-81.8017687981924, 0]
51	[-81.8017687981924, 0]
52	[-81.8017687981924, 0]
53	[-79.1266244452234, 0]
54	[-77.73994079742374, 0]
55	[-77.73994079742374, 0]
56	[-77.73994079742374, 0]
57	[-77.47041251158838, 0]
58	[-77.47041251158838, 0]
59	[-77.47041251158838, 0]
60	[-74.68017572474297, 0]
61	[-74.68017572474297, 0]
62	[-74.68017572474297, 0]
63	[-74.6433568185832, 0]
64	[-74.6433568185832, 0]
65	[-74.6433568185832, 0]
66	[-73.2496726409036, 0]
67	[-73.2496726409036, 0]
68	[-71.63113417588946, 0]
69	[-71.63113417588946, 0]
70	[-69.52817388547162, 0]
71	[-69.52817388547162, 0]
72	[-69.52817388547162, 0]
73	[-69.52817388547162, 0]
74	[-69.52817388547162, 0]
75	[-69.52817388547162, 0]
76	[-69.4838399512594, 0]
77	[-69.4838399512594, 0]
78	[-69.4838399512594, 0]
79	[-69.4838399512594, 0]
80	[-67.90819420790274, 0]
81	[-67.90819420790274, 0]
82	[-67.90819420790274, 0]
83	[-66.32381352003776, 0]
84	[-66.32381352003776, 0]
85	[-66.32381352003776, 0]
86	[-66.32381352003776, 0]
87	[-66.32381352003776, 0]
88	[-66.32381352003776, 0]
89	[-66.32381352003776, 0]
90	[-66.32381352003776, 0]
91	[-66.32381352003776, 0]
91	[-66.32381352003776, 0]
92	[-66.32381352003776, 0]
92	[-66.32381352003776, 0]
93	[-66.32381352003776, 0]
93	[-66.32381352003776, 0]
94	[-66.32381352003776, 0]
94	[-66.32381352003776, 0]
95	[-66.32381352003776, 0]
95	[-66.32381352003776, 0]
96	[-66.32381352003776, 0]
96	[-66.32381352003776, 0]
96	[-66.32381352003776, 0]
97	[-66.32381352003776, 0]
97	[-66.32381352003776, 0]
97	[-66.32381352003776, 0]
98	[-66.32381352003776, 0]
98	[-66.32381352003776, 0]
98	[-66.32381352003776, 0]
99	[-66.31455548997147, 0]
100	[-65.5386273824584, 0]
101	[-65.5386273824584, 0]
102	[-65.45350397639712, 0]
103	[-65.45350397639712, 0]
104	[-65.45350397639712, 0]
104	[-65.45350397639712, 0]
105	[-65.45350397639712, 0]
105	[-65.45350397639712, 0]
106	[-65.06248169939661, 0]
107	[-65.06248169939661, 0]
108	[-64.5597846961392, 0]
109	[-64.5597846961392, 0]
110	[-64.5597846961392, 0]
111	[-64.5597846961392, 0]
112	[-64.5597846961392, 0]
113	[-64.5597846961392, 0]
114	[-64.5597846961392, 0]
115	[-64.5597846961392, 0]
116	[-64.5597846961392, 0]
117	[-64.5597846961392, 0]
118	[-64.5597846961392, 0]
119	[-64.5597846961392, 0]
120	[-64.5597846961392, 0]
121	[-64.55376699215692, 0]
122	[-64.55376699215692, 0]
123	[-64.55376699215692, 0]
124	[-64.13940286203474, 0]
125	[-64.13940286203474, 0]
126	[-64.13940286203474, 0]
127	[-64.13940286203474, 0]
128	[-64.13940286203474, 0]
128	[-64.13940286203474, 0]
128	[-64.13940286203474, 0]
129	[-64.13940286203474, 0]
129	[-64.13940286203474, 0]
129	[-64.13940286203474, 0]
130	[-64.13940286203474, 0]
130	[-64.13940286203474, 0]
130	[-64.13940286203474, 0]
131	[-64.03724241733659, 0]
132	[-64.03724241733659, 0]
133	[-64.03724241733659, 0]
134	[-64.03724241733659, 0]
135	[-63.92872045250593, 0]
136	[-63.92872045250593, 0]
137	[-63.92872045250593, 0]
138	[-63.92872045250593, 0]
139	[-63.92872045250593, 0]
140	[-63.92872045250593, 0]
140	[-63.92872045250593, 0]
141	[-63.925936539559466, 0]
142	[-63.925936539559466, 0]
142	[-63.925936539559466, 0]
143	[-63.8819610237306, 0]
144	[-63.8819610237306, 0]
145	[-63.874071274295275, 0]
146	[-63.874071274295275, 0]
147	[-63.874071274295275, 0]
148	[-63.874071274295275, 0]
149	[-63.874071274295275, 0]
150	[-63.874071274295275, 0]
151	[-63.874071274295275, 0]
152	[-63.80667668949593, 0]
153	[-63.80667668949593, 0]
154	[-63.80667668949593, 0]
155	[-63.80667668949593, 0]
156	[-63.80667668949593, 0]
157	[-63.80667668949593, 0]
158	[-63.80667668949593, 0]
158	[-63.80667668949593, 0]
159	[-63.80667668949593, 0]
159	[-63.80667668949593, 0]
160	[-63.80667668949593, 0]
160	[-63.80667668949593, 0]
161	[-63.80667668949593, 0]
161	[-63.80667668949593, 0]
162	[-63.80667668949593, 0]
162	[-63.80667668949593, 0]
163	[-63.80667668949593, 0]
163	[-63.80667668949593, 0]
164	[-63.80667668949593, 0]
164	[-63.80667668949593, 0]
165	[-63.80667668949593, 0]
165	[-63.80667668949593, 0]
166	[-63.76042407547145, 0]
167	[-63.76042407547145, 0]
168	[-63.76042407547145, 0]
169	[-63.76042407547145, 0]
170	[-63.76042407547145, 0]
171	[-63.76042407547145, 0]
172	[-63.61668796516203, 0]
173	[-63.61668796516203, 0]
173	[-63.61668796516203, 0]
174	[-63.61668796516203, 0]
174	[-63.61668796516203, 0]
175	[-63.56867398163152, 0]
176	[-63.56867398163152, 0]
177	[-63.496767034660664, 0]
178	[-63.496767034660664, 0]
178	[-63.496767034660664, 0]
179	[-63.496767034660664, 0]
179	[-63.496767034660664, 0]
180	[-63.496767034660664, 0]
180	[-63.496767034660664, 0]
181	[-63.496767034660664, 0]
181	[-63.496767034660664, 0]
182	[-63.38216625415092, 0]
183	[-63.37940292586727, 0]
184	[-63.37940292586727, 0]
185	[-63.37940292586727, 0]
186	[-63.37940292586727, 0]
187	[-63.37940292586727, 0]
188	[-63.37940292586727, 0]
189	[-63.37940292586727, 0]
189	[-63.37940292586727, 0]
190	[-63.37940292586727, 0]
190	[-63.37940292586727, 0]
190	[-63.37940292586727, 0]
191	[-63.37940292586727, 0]
191	[-63.37940292586727, 0]
191	[-63.37940292586727, 0]
192	[-63.37940292586727, 0]
192	[-63.37940292586727, 0]
192	[-63.37940292586727, 0]
193	[-63.37940292586727, 0]
193	[-63.37940292586727, 0]
193	[-63.37940292586727, 0]
193	[-63.37940292586727, 0]
194	[-63.37940292586727, 0]
194	[-63.37940292586727, 0]
194	[-63.37940292586727, 0]
194	[-63.37940292586727, 0]
195	[-63.37940292586727, 0]
195	[-63.37940292586727, 0]
195	[-63.37940292586727, 0]
195	[-63.37940292586727, 0]
195	[-63.37940292586727, 0]
195	[-63.37940292586727, 0]
196	[-63.365486520083195, 0]
197	[-63.325911057245534, 0]
198	[-63.325911057245534, 0]
199	[-63.325911057245534, 0]
200	[-63.325911057245534, 0]
201	[-63.325911057245534, 0]
202	[-63.325911057245534, 0]
203	[-63.325911057245534, 0]
204	[-63.325911057245534, 0]
205	[-63.325911057245534, 0]
206	[-63.325911057245534, 0]
207	[-63.325911057245534, 0]
208	[-63.325911057245534, 0]
209	[-63.325911057245534, 0]
210	[-63.325911057245534, 0]
211	[-63.325911057245534, 0]
212	[-63.325911057245534, 0]
213	[-63.325911057245534, 0]
214	[-63.325911057245534, 0]
215	[-63.325911057245534, 0]
216	[-63.325911057245534, 0]
217	[-63.27990126063682, 0]
218	[-63.27990126063682, 0]
219	[-63.27990126063682, 0]
220	[-63.27990126063682, 0]
221	[-63.27990126063682, 0]
221	[-63.27990126063682, 0]
222	[-63.27075026120346, 0]
223	[-63.27075026120346, 0]
224	[-63.27075026120346, 0]
225	[-63.27075026120346, 0]
225	[-63.27075026120346, 0]
226	[-63.27075026120346, 0]
226	[-63.27075026120346, 0]
226	[-63.27075026120346, 0]
227	[-63.27075026120346, 0]
227	[-63.27075026120346, 0]
227	[-63.27075026120346, 0]
228	[-63.27075026120346, 0]
228	[-63.27075026120346, 0]
228	[-63.27075026120346, 0]
229	[-63.27075026120346, 0]
229	[-63.27075026120346, 0]
229	[-63.27075026120346, 0]
230	[-63.27075026120346, 0]
230	[-63.27075026120346, 0]
230	[-63.27075026120346, 0]
230	[-63.27075026120346, 0]
230	[-63.27075026120346, 0]
231	[-63.1420882133193, 0]
232	[-63.1420882133193, 0]
233	[-63.1420882133193, 0]
234	[-63.1420882133193, 0]
234	[-63.1420882133193, 0]
235	[-63.1420882133193, 0]
235	[-63.1420882133193, 0]
236	[-63.1420882133193, 0]
236	[-63.1420882133193, 0]
237	[-63.1420882133193, 0]
237	[-63.1420882133193, 0]
238	[-63.1420882133193, 0]
238	[-63.1420882133193, 0]
238	[-63.1420882133193, 0]
239	[-63.1420882133193, 0]
239	[-63.1420882133193, 0]
239	[-63.1420882133193, 0]
240	[-63.1420882133193, 0]
240	[-63.1420882133193, 0]
240	[-63.1420882133193, 0]
241	[-63.1420882133193, 0]
241	[-63.1420882133193, 0]
241	[-63.1420882133193, 0]
241	[-63.1420882133193, 0]
242	[-63.1420882133193, 0]
242	[-63.1420882133193, 0]
242	[-63.1420882133193, 0]
242	[-63.1420882133193, 0]
243	[-63.1420882133193, 0]
243	[-63.1420882133193, 0]
243	[-63.1420882133193, 0]
243	[-63.1420882133193, 0]
244	[-63.1420882133193, 0]
244	[-63.1420882133193, 0]
244	[-63.1420882133193, 0]
244	[-63.1420882133193, 0]
245	[-63.1420882133193, 0]
245	[-63.1420882133193, 0]
245	[-63.1420882133193, 0]
245	[-63.1420882133193, 0]
246	[-63.1420882133193, 0]
246	[-63.1420882133193, 0]
246	[-63.1420882133193, 0]
246	[-63.1420882133193, 0]
246	[-63.1420882133193, 0]
246	[-63.1420882133193, 0]
247	[-63.116208307871474, 0]
248	[-63.116208307871474, 0]
249	[-63.116208307871474, 0]
250	[-63.116208307871474, 0]
251	[-63.116208307871474, 0]
252	[-63.116208307871474, 0]
252	[-63.116208307871474, 0]
253	[-63.116208307871474, 0]
253	[-63.116208307871474, 0]
254	[-63.116208307871474, 0]
254	[-63.116208307871474, 0]
255	[-63.116208307871474, 0]
255	[-63.116208307871474, 0]
256	[-63.116208307871474, 0]
256	[-63.116208307871474, 0]
257	[-63.116208307871474, 0]
257	[-63.116208307871474, 0]
258	[-63.116208307871474, 0]
258	[-63.116208307871474, 0]
259	[-62.95434314775764, 0]
260	[-62.95434314775764, 0]
261	[-62.95434314775764, 0]
262	[-62.95434314775764, 0]
263	[-62.95434314775764, 0]
264	[-62.95434314775764, 0]
265	[-62.95434314775764, 0]
265	[-62.95434314775764, 0]
266	[-62.95434314775764, 0]
266	[-62.95434314775764, 0]
267	[-62.95434314775764, 0]
267	[-62.95434314775764, 0]
268	[-62.95434314775764, 0]
268	[-62.95434314775764, 0]
268	[-62.95434314775764, 0]
269	[-62.95434314775764, 0]
269	[-62.95434314775764, 0]
269	[-62.95434314775764, 0]
269	[-62.95434314775764, 0]
270	[-62.87942581479997, 0]
271	[-62.87942581479997, 0]
272	[-62.87942581479997, 0]
273	[-62.87942581479997, 0]
274	[-62.87942581479997, 0]
275	[-62.87942581479997, 0]
276	[-62.87942581479997, 0]
277	[-62.87942581479997, 0]
278	[-62.87942581479997, 0]
279	[-62.87942581479997, 0]
280	[-62.87942581479997, 0]
281	[-62.87942581479997, 0]
282	[-62.87942581479997, 0]
283	[-62.87942581479997, 0]
283	[-62.87942581479997, 0]
284	[-62.87942581479997, 0]
284	[-62.87942581479997, 0]
285	[-62.87942581479997, 0]
285	[-62.87942581479997, 0]
286	[-62.87942581479997, 0]
286	[-62.87942581479997, 0]
287	[-62.87942581479997, 0]
287	[-62.87942581479997, 0]
287	[-62.87942581479997, 0]
288	[-62.87942581479997, 0]
288	[-62.87942581479997, 0]
288	[-62.87942581479997, 0]
289	[-62.87942581479997, 0]
289	[-62.87942581479997, 0]
289	[-62.87942581479997, 0]
290	[-62.87942581479997, 0]
290	[-62.87942581479997, 0]
290	[-62.87942581479997, 0]
291	[-62.87942581479997, 0]
291	[-62.87942581479997, 0]
291	[-62.87942581479997, 0]
291	[-62.87942581479997, 0]
292	[-62.87942581479997, 0]
292	[-62.87942581479997, 0]
292	[-62.87942581479997, 0]
292	[-62.87942581479997, 0]
293	[-62.87942581479997, 0]
293	[-62.87942581479997, 0]
293	[-62.87942581479997, 0]
293	[-62.87942581479997, 0]
293	[-62.87942581479997, 0]
294	[-62.87942581479997, 0]
294	[-62.87942581479997, 0]
294	[-62.87942581479997, 0]
294	[-62.87942581479997, 0]
294	[-62.87942581479997, 0]
295	[-62.87942581479997, 0]
295	[-62.87942581479997, 0]
295	[-62.87942581479997, 0]
295	[-62.87942581479997, 0]
295	[-62.87942581479997, 0]
296	[-62.87942581479997, 0]
296	[-62.87942581479997, 0]
296	[-62.87942581479997, 0]
296	[-62.87942581479997, 0]
296	[-62.87942581479997, 0]
296	[-62.87942581479997, 0]
296	[-62.87942581479997, 0]
297	[-62.87942581479997, 0]
297	[-62.87942581479997, 0]
297	[-62.87942581479997, 0]
297	[-62.87942581479997, 0]
297	[-62.87942581479997, 0]
297	[-62.87942581479997, 0]
297	[-62.87942581479997, 0]
297	[-62.87942581479997, 0]
298	[-62.87942581479997, 0]
298	[-62.87942581479997, 0]
298	[-62.87942581479997, 0]
298	[-62.87942581479997, 0]
298	[-62.87942581479997, 0]
298	[-62.87942581479997, 0]
298	[-62.87942581479997, 0]
298	[-62.87942581479997, 0]
298	[-62.87942581479997, 0]
299	[-62.87942581479997, 0]
299	[-62.87942581479997, 0]
299	[-62.87942581479997, 0]
299	[-62.87942581479997, 0]
299	[-62.87942581479997, 0]
299	[-62.87942581479997, 0]
299	[-62.87942581479997, 0]
299	[-62.87942581479997, 0]
299	[-62.87942581479997, 0]
299	[-62.87942581479997, 0]
300	[-62.87942581479997, 0]
300	[-62.87942581479997, 0]
300	[-62.87942581479997, 0]
300	[-62.87942581479997, 0]
300	[-62.87942581479997, 0]
300	[-62.87942581479997, 0]
300	[-62.87942581479997, 0]
300	[-62.87942581479997, 0]
300	[-62.87942581479997, 0]
300	[-62.87942581479997, 0]
300	[-62.87942581479997, 0]
300	[-62.87942581479997, 0]
300	[-62.87942581479997, 0]
300	[-62.87942581479997, 0]
300	[-62.87942581479997, 0]
300	[-62.87942581479997, 0]
300	[-62.87942581479997, 0]
300	[-62.87942581479997, 0]
300	[-62.87942581479997, 0]
300	[-62.87942581479997, 0]
300	[-62.87942581479997, 0]
300	[-62.87942581479997, 0]
