Generation:
798

Phenotype:
2
V1 = uniform([+6.0e0, 8.0e0], 2);
V2 = +V1;
V2 = V2 + gm([8.8e0, +0.0e0, 1.0e0]);
V3 = +0.0e0;
V3 = V3 + gm([1.9e0, +4.9e0, 1.5e0]);

Pre-processed Program
:F = uniform([6.000000, 14.000000], 2);T = F;T = T + gm([1.000000], [0], [1]);C = 0;C = C + gm([1.000000], [4.9], [1.5]);Genotype:
[339, 97, 450, 285, 37, 217, 270, 476, 480, 328, 342, 98, 490, 16, 362, 442, 394, 376, 32, 235, 86, 110, 296, 182, 488, 288, 466, 483, 440, 290, 130, 438, 13, 101, 100, 254, 2, 344, 450, 395, 469, 148, 130, 400, 488, 90, 227, 142, 321, 431, 139, 208, 456, 404, 454, 99, 124, 110, 11, 165, 454, 197, 448, 61, 149, 123, 288, 481, 107, 299, 73, 469, 485, 479, 116, 110, 1, 160, 392, 134, 12, 289, 445, 371, 192, 459, 350, 15, 53, 67, 333, 385, 400, 421, 54, 359, 168, 381, 76, 38]
Tree:
None
Fitness on 5000 data:
-40.63416933032928

Fitness:
-40.63416933032928