Generation:
1500

Phenotype:
2
V1 = uniform([+6.4e0, 7.3e0], 2);
V2 = +V1;
V2 = V2 + gm([1.9e0, -0.0e0, 1.0e0]);
V3 = -0.0e0;
V3 = V3 + gm([7.9e1, +4.9e0, 1.5e0]);

Pre-processed Program
:F = uniform([6.400000, 13.700000], 2);T = F;T = T + gm([1.000000], [0], [1]);C = 0;C = C + gm([1.000000], [4.9], [1.5]);Genotype:
[153, 97, 47, 285, 204, 161, 270, 476, 154, 390, 273, 87, 483, 314, 459, 78, 394, 376, 396, 45, 86, 212, 274, 145, 151, 219, 384, 478, 437, 290, 130, 438, 401, 101, 410, 184, 163, 358, 450, 395, 167, 433, 130, 400, 272, 276, 39, 142, 384, 327, 139, 237, 118, 290, 454, 99, 428, 110, 11, 165, 112, 197, 448, 61, 149, 123, 288, 481, 107, 299, 73, 469, 485, 479, 116, 110, 1, 160, 392, 134, 12, 289, 445, 371, 192, 459, 350, 15, 53, 67, 333, 385, 400, 421, 54, 359, 168, 381, 76, 38]
Tree:
None
Fitness on 5000 data:
-40.56724251613964

Fitness:
-40.56724251613964