Generation:
398

Phenotype:
5
V1 = gm([9.7e0, +1.6e1, 1.3e1], [2.1e1, +9.8e1, 9.9e1]);
V2 = +1.4e1;
V2 = V2 + uniform([-7.3e0, 0.7e1], 2);
V3 = -2.1e0 + +V2;
V3 = V3 + uniform([+0.0e0, 4.0e0], 2);

Pre-processed Program
:P = gm([0.315961, 0.684039], [16, 98], [13, 99]);F = 14;F = F + uniform([-7.300000, -0.300000], 2);T = 0;T = T - 2.1;T = T + F;T = T + uniform([0.000000, 4.000000], 2);Genotype:
[496, 154, 413, 244, 217, 409, 288, 429, 297, 196, 403, 370, 221, 56, 143, 259, 241, 113, 109, 324, 46, 82, 481, 203, 128, 262, 289, 248, 347, 157, 329, 489, 189, 332, 228, 332, 147, 304, 202, 11, 394, 151, 103, 71, 400, 91, 497, 293, 320, 438, 320, 37, 139, 269, 91, 412, 354, 241, 193, 7, 442, 431, 200, 326, 98, 128, 320, 47, 251, 214, 276, 224, 500, 320, 460, 350, 204, 80, 320, 134, 427, 442, 85, 208, 327, 57, 492, 308, 395, 422, 480, 71, 456, 407, 395, 252, 468, 426, 74, 262]
Tree:
None
Fitness on 5000 data:
-77.38771102899445

Fitness:
-77.38771102899445