Generation:
1500

Phenotype:
5
V1 = gm([4.1e0, +1.4e1, 1.6e1], [6.0e0, +9.9e1, 9.9e1]);
V2 = +1.4e1;
V2 = V2 + uniform([-7.5e0, 0.7e1], 2);
V3 = -2.0e0 + +V2;
V3 = V3 + uniform([-0.0e1, 4.0e0], 2);

Pre-processed Program
:P = gm([0.405941, 0.594059], [14, 99], [16, 99]);F = 14;F = F + uniform([-7.500000, -0.500000], 2);T = 0;T = T - 2;T = T + F;T = T + uniform([0.000000, 4.000000], 2);Genotype:
[245, 400, 429, 244, 315, 491, 0, 464, 31, 492, 403, 370, 221, 474, 143, 78, 241, 446, 349, 176, 166, 96, 150, 382, 89, 262, 289, 349, 473, 114, 329, 459, 275, 88, 228, 332, 307, 357, 328, 211, 394, 151, 439, 420, 385, 31, 137, 275, 330, 337, 320, 37, 251, 383, 75, 94, 354, 241, 337, 77, 442, 330, 496, 144, 98, 128, 452, 135, 143, 400, 373, 111, 500, 320, 183, 436, 204, 80, 256, 220, 454, 293, 230, 152, 314, 224, 500, 268, 460, 8, 204, 80, 78, 134, 427, 76, 85, 208, 327, 57, 308, 395, 422, 480, 71, 456, 407, 395, 252, 468, 426, 74, 262]
Tree:
None
Fitness on 5000 data:
-77.11019194219479

Fitness:
-77.11019194219479