Generation:
798

Phenotype:
5
V1 = gm([3.8e0, +1.4e1, 1.6e1], [6.0e0, +9.8e1, 9.9e1]);
V2 = +1.4e1;
V2 = V2 + uniform([-7.5e0, 0.7e1], 2);
V3 = -2.0e0 + +V2;
V3 = V3 + uniform([+0.0e1, 4.0e0], 2);

Pre-processed Program
:P = gm([0.387755, 0.612245], [14, 98], [16, 99]);F = 14;F = F + uniform([-7.500000, -0.500000], 2);T = 0;T = T - 2;T = T + F;T = T + uniform([0.000000, 4.000000], 2);Genotype:
[245, 154, 429, 244, 250, 97, 0, 113, 418, 492, 403, 370, 221, 474, 143, 259, 241, 446, 465, 324, 46, 96, 150, 108, 89, 262, 289, 248, 473, 114, 329, 459, 189, 3, 228, 332, 307, 114, 202, 211, 394, 151, 231, 420, 182, 31, 137, 275, 330, 337, 320, 37, 251, 423, 331, 94, 354, 241, 498, 35, 442, 330, 474, 144, 98, 128, 454, 135, 441, 426, 103, 110, 500, 320, 183, 436, 204, 80, 256, 220, 454, 293, 230, 152, 314, 224, 500, 268, 460, 8, 204, 80, 78, 134, 427, 76, 85, 208, 327, 57, 308, 395, 422, 480, 71, 456, 407, 395, 252, 468, 426, 74, 262]
Tree:
None
Fitness on 5000 data:
-77.14794928949797

Fitness:
-77.14794928949797