Generation:
1198

Phenotype:
4
V1 = gm([4.1e0, +6.1e0, 3.2e0], [7.3e0, +1.9e1, 2.0e0]);
V2 = +V1 * +9.7e0;
V2 = V2 + gm([8.7e0, -1.7e1, 9.8e0], [1.2e1, +9.9e1, 9.8e1]);
V3 = +3.9e0;
V3 = V3 + gm([0.1e0, +6.4e1, 9.0e0], [8.4e1, +0.6e1, 2.3e0]);

Pre-processed Program
:T = gm([0.359649, 0.640351], [6.1, 19], [3.2, 2]);TEMP0 = 9.7 * T;P = TEMP0;P = P + gm([0.420290, 0.579710], [-17, 99], [9.8, 98]);F = 3.9;F = F + gm([0.001189, 0.998811], [64, 6], [9, 2.3]);Genotype:
[417, 429, 230, 40, 88, 325, 288, 184, 211, 0, 140, 380, 76, 21, 422, 372, 473, 372, 184, 456, 155, 327, 383, 44, 321, 24, 481, 399, 57, 359, 52, 370, 366, 32, 236, 343, 250, 30, 166, 315, 207, 370, 450, 429, 67, 130, 6, 87, 61, 463, 308, 307, 408, 18, 401, 1, 287, 299, 94, 379, 168, 496, 120, 202, 361, 282, 93, 266, 148, 199, 99, 307, 238, 379, 268, 349, 265, 370, 428, 271, 76, 210, 73, 299, 124, 266, 319, 237, 238, 40, 161, 2, 348, 390, 386, 244, 411]
Tree:
None
Fitness on 5000 data:
-82.17957623441328

Fitness:
-82.17957623441328