Generation:
1500

Phenotype:
4
V1 = gm([4.3e0, +6.1e0, 3.2e0], [7.3e0, +1.9e1, 2.0e0]);
V2 = -V1 * -9.7e0;
V2 = V2 + gm([8.9e0, -1.7e1, 9.8e0], [1.2e1, +9.9e1, 9.9e1]);
V3 = +3.9e0;
V3 = V3 + gm([0.1e0, +6.5e0, 9.1e0], [8.4e1, +0.6e1, 2.3e0]);

Pre-processed Program
:T = gm([0.370690, 0.629310], [6.1, 19], [3.2, 2]);TEMP0 = 9.7 * T;P = TEMP0;P = P + gm([0.425837, 0.574163], [-17, 99], [9.8, 99]);F = 3.9;F = F + gm([0.001189, 0.998811], [6.5, 6], [9.1, 2.3]);Genotype:
[126, 429, 271, 40, 204, 285, 288, 184, 223, 0, 140, 380, 136, 21, 422, 372, 473, 492, 184, 8, 155, 327, 383, 44, 279, 430, 481, 399, 57, 359, 52, 370, 366, 283, 208, 343, 310, 30, 409, 228, 207, 370, 43, 429, 67, 130, 66, 87, 205, 46, 308, 419, 408, 18, 479, 1, 287, 295, 94, 379, 168, 496, 272, 202, 361, 282, 93, 132, 148, 199, 99, 119, 238, 379, 279, 349, 265, 264, 428, 269, 76, 286, 73, 299, 374, 266, 244, 237, 238, 40, 161, 2, 348, 432, 386, 365, 166]
Tree:
None
Fitness on 5000 data:
-82.1615511366695

Fitness:
-82.1615511366695