Generation:
398

Phenotype:
4
V1 = gm([4.5e0, +6.1e0, 3.2e0], [7.3e0, +1.9e1, 2.0e0]);
V2 = +V1 * +9.7e0;
V2 = V2 + gm([8.2e0, -1.8e1, 9.1e0], [1.2e1, +8.9e1, 9.5e1]);
V3 = +3.9e0;
V3 = V3 + gm([5.1e0, +6.3e0, 3.0e0], [8.4e1, +0.6e1, 2.3e0]);

Pre-processed Program
:T = gm([0.381356, 0.618644], [6.1, 19], [3.2, 2]);TEMP0 = 9.7 * T;P = TEMP0;P = P + gm([0.405941, 0.594059], [-18, 89], [9.1, 95]);F = 3.9;F = F + gm([0.057239, 0.942761], [6.3, 6], [3, 2.3]);Genotype:
[477, 303, 230, 40, 312, 325, 288, 184, 325, 56, 190, 380, 76, 21, 422, 372, 473, 372, 256, 456, 261, 327, 383, 44, 399, 24, 481, 399, 225, 133, 52, 270, 366, 53, 380, 343, 418, 490, 346, 234, 207, 370, 450, 49, 67, 130, 6, 257, 447, 405, 308, 272, 10, 18, 461, 1, 228, 299, 363, 379, 371, 496, 304, 251, 361, 282, 359, 304, 310, 68, 99, 307, 238, 379, 495, 275, 265, 356, 36, 271, 76, 162, 73, 69, 320, 380, 160, 489, 238, 285, 161, 38, 365, 432, 386, 103, 24]
Tree:
None
Fitness on 5000 data:
-82.69962549485277

Fitness:
-82.69962549485277