Generation:
1500

Phenotype:
59
V1 = gm([9.0e1, +4.9e0, 3.0e0]);
V2 = gm([1.9e0, +2.6e0, 0.6e0], [3.6e0, +6.5e0, 1.2e0], [3.4e1, +4.9e0, 1.5e0]);
V3 = gm([1.4e0, +9.9e1, 9.9e1]);
V4 = uniform([+5.9e0, 0.8e1], 2);
V5 = gm([7.0e1, +1.5e1, 4.1e0]);

Pre-processed Program
:W = gm([1.000000], [4.9], [3]);C = gm([0.048101, 0.091139, 0.860759], [2.6, 6.5, 4.9], [0.6, 1.2, 1.5]);P = gm([1.000000], [99], [99]);F = uniform([5.900000, 13.900000], 2);T = gm([1.000000], [15], [4.1]);Genotype:
[63, 418, 54, 51, 330, 466, 49, 210, 113, 183, 182, 484, 269, 102, 36, 353, 360, 308, 318, 369, 363, 38, 371, 159, 150, 432, 24, 392, 186, 222, 257, 390, 386, 420, 161, 102, 233, 136, 206, 148, 128, 416, 335, 364, 106, 231, 52, 394, 196, 335, 223, 54, 11, 400, 172, 364, 99, 448, 167, 81, 155, 252, 82, 394, 248, 392, 11, 454, 108, 104, 420, 429, 229, 323, 224, 149, 29, 247, 449, 381, 28, 410, 35, 19, 346, 366, 60, 228, 305, 14, 46, 414, 30, 307, 100, 435, 337, 134, 361, 35]
Tree:
None
Fitness on 5000 data:
-161.90514303229406

Fitness:
-161.90514303229406