Generation:
1198

Phenotype:
59
V1 = gm([5.6e1, +4.9e0, 3.0e0]);
V2 = gm([1.9e0, +2.7e0, 0.6e0], [3.4e0, +6.0e0, 1.1e0], [3.4e1, +4.9e0, 1.6e0]);
V3 = gm([1.4e1, +9.9e1, 9.9e1]);
V4 = uniform([+5.9e0, 0.8e1], 2);
V5 = gm([8.8e1, +1.5e1, 4.1e0]);

Pre-processed Program
:W = gm([1.000000], [4.9], [3]);C = gm([0.048346, 0.086514, 0.865140], [2.7, 6, 4.9], [0.6, 1.1, 1.6]);P = gm([1.000000], [99], [99]);F = uniform([5.900000, 13.900000], 2);T = gm([1.000000], [15], [4.1]);Genotype:
[97, 418, 54, 51, 330, 111, 455, 296, 469, 183, 54, 214, 269, 424, 498, 353, 360, 308, 334, 493, 363, 148, 371, 159, 150, 100, 24, 392, 117, 222, 429, 390, 386, 322, 161, 368, 233, 384, 404, 389, 290, 416, 0, 282, 424, 231, 101, 394, 188, 335, 223, 34, 373, 487, 172, 364, 99, 448, 167, 81, 226, 252, 82, 343, 332, 295, 161, 454, 267, 28, 420, 429, 229, 323, 406, 149, 29, 247, 41, 369, 69, 356, 35, 19, 346, 311, 60, 228, 77, 122, 41, 8, 30, 438, 308, 435, 282, 236, 41, 35]
Tree:
None
Fitness on 5000 data:
-161.93061603156508

Fitness:
-161.93061603156508