Generation:
398

Phenotype:
59
V1 = gm([8.5e0, +4.9e0, 3.0e0]);
V2 = gm([9.4e0, +6.4e0, 0.7e0], [2.1e0, +8.3e0, 5.2e0], [9.9e1, +4.5e0, 1.8e0]);
V3 = gm([2.4e1, +9.9e1, 9.9e1]);
V4 = uniform([+5.9e0, 0.7e1], 2);
V5 = gm([3.9e1, +1.5e1, 4.8e0]);

Pre-processed Program
:W = gm([1.000000], [4.9], [3]);C = gm([0.085068, 0.019005, 0.895928], [6.4, 8.3, 4.5], [0.7, 5.2, 1.8]);P = gm([1.000000], [99], [99]);F = uniform([5.900000, 12.900000], 2);T = gm([1.000000], [15], [4.8]);Genotype:
[201, 418, 54, 478, 90, 225, 178, 325, 150, 61, 234, 284, 439, 158, 500, 493, 250, 104, 268, 433, 291, 204, 59, 134, 150, 395, 398, 396, 354, 222, 172, 420, 467, 468, 25, 348, 262, 481, 52, 102, 464, 48, 443, 272, 96, 395, 52, 190, 248, 171, 459, 429, 29, 331, 286, 284, 145, 96, 418, 171, 388, 252, 148, 123, 334, 469, 142, 284, 37, 420, 366, 429, 229, 61, 105, 149, 99, 133, 451, 465, 317, 186, 35, 359, 146, 250, 380, 157, 121, 18, 346, 32, 195, 463, 219, 449, 391, 142, 41, 335]
Tree:
None
Fitness on 5000 data:
-162.65212256554378

Fitness:
-162.65212256554378