Generation:
798

Phenotype:
59
V1 = gm([2.1e1, +4.9e0, 3.0e0]);
V2 = gm([1.1e0, +2.2e0, 0.6e0], [4.1e0, +4.8e0, 1.4e0], [4.0e1, +4.9e0, 1.6e0]);
V3 = gm([1.7e1, +9.9e1, 9.9e1]);
V4 = uniform([+5.9e0, 0.8e1], 2);
V5 = gm([6.8e1, +1.5e1, 4.3e0]);

Pre-processed Program
:W = gm([1.000000], [4.9], [3]);C = gm([0.024336, 0.090708, 0.884956], [2.2, 4.8, 4.9], [0.6, 1.4, 1.6]);P = gm([1.000000], [99], [99]);F = uniform([5.900000, 13.900000], 2);T = gm([1.000000], [15], [4.3]);Genotype:
[97, 418, 54, 163, 330, 225, 252, 71, 263, 483, 54, 4, 269, 424, 498, 353, 250, 308, 334, 462, 363, 134, 371, 421, 150, 383, 298, 392, 302, 222, 429, 190, 386, 488, 421, 176, 74, 21, 52, 382, 104, 314, 218, 268, 424, 191, 284, 352, 96, 335, 254, 400, 373, 152, 172, 364, 99, 190, 371, 81, 226, 252, 82, 337, 242, 370, 161, 287, 389, 494, 420, 429, 229, 323, 362, 149, 29, 247, 35, 369, 446, 356, 35, 359, 346, 311, 380, 228, 443, 200, 41, 8, 314, 276, 308, 449, 282, 236, 41, 265]
Tree:
None
Fitness on 5000 data:
-161.9770244447934

Fitness:
-161.9770244447934