Generation:
798

Phenotype:
4
V1 = gm([0.4e1, +5.0e0, 3.0e0]);
V2 = +V1 - -V1;
V2 = V2 + uniform([-1.9e0, 1.4e1], 2);
V3 = +6.9e0;
V3 = V3 + gm([4.9e1, +3.1e0, 2.0e0]);

Pre-processed Program
:W = gm([1.000000], [5], [3]);T = W;T = T + W;T = T + uniform([-1.900000, 12.100000], 2);F = 6.9;F = F + gm([1.000000], [3.1], [2]);Genotype:
[144, 357, 449, 122, 219, 30, 446, 330, 234, 351, 378, 262, 415, 330, 356, 110, 453, 440, 346, 27, 171, 64, 346, 412, 134, 347, 195, 478, 466, 27, 359, 477, 128, 490, 133, 1, 239, 86, 343, 131, 154, 429, 181, 62, 294, 361, 146, 410, 156, 389, 44, 278, 264, 336, 467, 254, 469, 177, 272, 482, 393, 471, 44, 168, 22, 310, 164, 136, 80, 466, 391, 215, 459, 475, 459, 31, 46, 250, 312, 317, 324, 421, 482, 300, 412, 46, 187, 311, 397, 467, 144, 97, 18, 418, 128, 451, 351, 470, 68, 322, 481, 486]
Tree:
None
Fitness on 5000 data:
-7.388338690243885

Fitness:
-7.388338690243885