Generation:
798

Phenotype:
1
V1 = gm([0.9e0, +9.9e0, 0.2e1]);
V2 = +V1;
V2 = V2 + gm([0.3e0, -3.5e0, 7.6e0], [9.9e0, +3.9e0, 1.1e0], [6.0e1, +0.0e0, 1.1e0], [9.1e1, +9.2e0, 2.3e0]);
V3 = +V2 * +V2;
V3 = V3 + gm([9.9e1, +0.2e0, 1.0e1], [4.9e1, +0.2e1, 6.6e0]);

Pre-processed Program
:F = gm([1.000000], [9.9], [2]);T = F;T = T + gm([0.001861, 0.061414, 0.372208, 0.564516], [-3.5, 3.9, 0, 9.2], [7.6, 1.1, 1.1, 2.3]);TEMP0 = T * T;P = TEMP0;P = P + gm([0.668919, 0.331081], [0.2, 2], [10, 6.6]);Genotype:
[436, 480, 50, 172, 458, 48, 191, 440, 429, 466, 105, 444, 39, 499, 464, 238, 250, 312, 463, 422, 336, 16, 74, 484, 82, 254, 180, 345, 13, 390, 393, 26, 120, 205, 413, 445, 176, 492, 17, 296, 226, 267, 456, 79, 19, 350, 94, 296, 263, 459, 282, 79, 121, 451, 342, 469, 262, 46, 270, 79, 262, 296, 90, 440, 192, 160, 451, 21, 54, 474, 278, 109, 431, 443, 354, 334, 109, 92, 96, 260, 382, 213, 232, 396, 384, 277, 202, 484, 402, 3, 160, 184, 249, 456, 277, 145, 274, 169, 119, 283]
Tree:
None
Fitness on 5000 data:
-66.61014251090411

Fitness:
-66.61014251090411