Generation:
1500

Phenotype:
1
V1 = gm([0.7e1, +9.8e0, 0.2e1]);
V2 = +V1;
V2 = V2 + gm([8.5e0, +3.6e0, 2.4e0], [9.7e0, +4.9e0, 1.0e0], [5.1e1, +0.0e0, 1.0e0], [8.0e1, +9.6e0, 2.0e0]);
V3 = +V2 * +V2;
V3 = V3 + gm([2.9e1, +0.0e0, 1.0e1]);

Pre-processed Program
:F = gm([1.000000], [9.8], [2]);T = F;T = T + gm([0.056971, 0.065013, 0.341823, 0.536193], [3.6, 4.9, 0, 9.6], [2.4, 1, 1, 2]);TEMP0 = T * T;P = TEMP0;P = P + gm([1.000000], [0], [10]);Genotype:
[450, 480, 50, 450, 426, 108, 191, 90, 177, 403, 472, 264, 39, 418, 464, 432, 250, 312, 207, 15, 230, 132, 56, 322, 48, 298, 223, 487, 212, 468, 405, 86, 423, 200, 173, 366, 134, 457, 192, 54, 448, 41, 448, 79, 437, 298, 357, 482, 404, 119, 282, 23, 421, 240, 70, 447, 323, 255, 391, 279, 457, 296, 90, 440, 130, 361, 451, 130, 316, 106, 354, 8, 430, 129, 170, 58, 269, 346, 120, 465, 72, 380, 318, 31, 106, 299, 58, 230, 402, 325, 160, 240, 249, 456, 92, 468, 146, 182, 119, 305]
Tree:
None
Fitness on 5000 data:
-66.23397692516754

Fitness:
-66.23397692516754