Generation:
1198

Phenotype:
1
V1 = gm([0.9e1, +9.8e0, 0.2e1]);
V2 = +V1;
V2 = V2 + gm([0.4e0, +3.5e0, 3.5e0], [9.9e0, +4.7e0, 1.0e0], [6.1e1, +0.0e0, 1.0e0], [8.0e1, +9.5e0, 2.0e0]);
V3 = +V2 * +V2;
V3 = V3 + gm([4.9e0, +0.0e0, 1.0e1]);

Pre-processed Program
:F = gm([1.000000], [9.8], [2]);T = F;T = T + gm([0.002644, 0.065433, 0.403173, 0.528751], [3.5, 4.7, 0, 9.5], [3.5, 1, 1, 2]);TEMP0 = T * T;P = TEMP0;P = P + gm([1.000000], [0], [10]);Genotype:
[436, 480, 50, 440, 458, 330, 191, 440, 429, 259, 401, 264, 39, 148, 464, 167, 250, 312, 463, 373, 336, 16, 220, 398, 58, 298, 180, 345, 140, 100, 254, 86, 178, 200, 413, 445, 134, 194, 203, 145, 226, 41, 246, 79, 19, 350, 357, 464, 404, 327, 282, 8, 121, 240, 342, 155, 262, 46, 391, 279, 34, 296, 90, 440, 432, 103, 451, 130, 316, 474, 486, 8, 430, 129, 53, 334, 109, 265, 120, 264, 72, 380, 318, 356, 24, 371, 58, 484, 402, 325, 160, 184, 249, 456, 62, 468, 146, 344, 119, 286]
Tree:
None
Fitness on 5000 data:
-66.31901573489475

Fitness:
-66.31901573489475