Generation:
2498

Phenotype:
35
V1 = gm([3.9e0, +4.8e0, 1.6e0]);
V2 = gm([9.9e0, +1.5e0, 1.0e0], [3.3e1, +0.6e1, 2.5e0]);
V3 = gm([9.3e0, +9.9e1, 9.9e1]);
V4 = gm([9.1e1, +9.9e0, 2.0e0]);
V5 = uniform([+6.8e0, 1.6e1], 2);

Pre-processed Program
:C = gm([1.000000], [4.8], [1.6]);W = gm([0.230769, 0.769231], [1.5, 6], [1, 2.5]);P = gm([1.000000], [99], [99]);F = gm([1.000000], [9.9], [2]);T = uniform([6.800000, 22.800000], 2);Genotype:
[454, 274, 338, 231, 390, 452, 223, 79, 306, 225, 380, 84, 278, 304, 208, 171, 336, 358, 222, 27, 47, 44, 259, 39, 314, 240, 386, 81, 145, 240, 243, 291, 270, 42, 430, 371, 163, 103, 465, 367, 78, 140, 396, 495, 364, 2, 45, 416, 314, 468, 260, 92, 469, 233, 38, 231, 354, 229, 9, 409, 97, 489, 49, 59, 248, 26, 142, 313, 339, 11, 181, 345, 290, 309, 359, 360, 70, 142, 30, 238, 395, 61, 182, 164, 176, 448, 86, 394, 221, 156, 471, 72, 200, 1, 341, 288, 446, 127, 37, 398]
Tree:
None
Fitness on 5000 data:
-161.10497386613457

Fitness:
-161.10497386613457