Generation:
1998

Phenotype:
35
V1 = gm([0.5e1, +4.9e0, 1.6e0]);
V2 = gm([9.6e0, +1.6e0, 1.0e0], [3.0e1, +0.6e1, 2.4e0]);
V3 = gm([5.3e1, +9.9e1, 9.9e1]);
V4 = gm([6.3e1, +9.9e0, 2.0e0]);
V5 = uniform([+5.0e0, 2.0e1], 2);

Pre-processed Program
:C = gm([1.000000], [4.9], [1.6]);W = gm([0.242424, 0.757576], [1.6, 6], [1, 2.4]);P = gm([1.000000], [99], [99]);F = gm([1.000000], [9.9], [2]);T = uniform([5.000000, 25.000000], 2);Genotype:
[438, 274, 338, 100, 390, 328, 40, 205, 77, 319, 162, 84, 189, 316, 145, 171, 336, 422, 204, 346, 47, 60, 129, 6, 458, 16, 386, 81, 336, 240, 25, 291, 270, 26, 430, 20, 83, 310, 465, 436, 302, 140, 396, 495, 321, 2, 374, 348, 482, 201, 408, 242, 265, 283, 429, 157, 240, 229, 9, 175, 488, 489, 49, 59, 62, 157, 386, 152, 206, 463, 181, 59, 290, 309, 359, 90, 93, 142, 30, 108, 395, 173, 152, 52, 105, 0, 28, 409, 342, 430, 471, 72, 200, 1, 341, 288, 446, 127, 37, 398]
Tree:
None
Fitness on 5000 data:
-162.24160848082346

Fitness:
-162.24160848082346