Generation:
398

Phenotype:
6
V1 = gm([6.8e+0, +2.0e+1, 6.7e-1], [8.2e-1, +2.2e-0, 9.3e+0], [2.0e-1, -9.1e+1, 0.4e+1], [3.2e+0, +1.2e+1, 1.2e+1]);
V2 = +4.5e+0;
V2 = V2 + gm([9.2e+1, +3.4e-1, 2.2e+0]);
V3 = +V2 - +0.2e-0 * +2.9e-1;
V3 = V3 + uniform([+9.2e-2, 8.2e+0], 2);

Pre-processed Program
:T = gm([0.617060, 0.074410, 0.018149, 0.290381], [20, 2.2, -91, 12], [0.67, 9.3, 4, 12]);C = 4.5;C = C + gm([1.000000], [0.34], [2.2]);F = C;F = F - 0.058;F = F + uniform([0.092000, 8.292000], 2);Genotype:
[105, 155, 224, 350, 179, 395, 186, 456, 168, 278, 381, 47, 424, 232, 70, 236, 196, 342, 36, 97, 343, 433, 75, 188, 38, 392, 27, 16, 97, 142, 202, 302, 483, 159, 271, 309, 423, 256, 174, 141, 239, 212, 20, 497, 412, 277, 321, 489, 71, 192, 190, 67, 290, 84, 374, 460, 194, 6, 353, 252, 424, 279, 486, 350, 331, 282, 168, 142, 103, 101, 352, 406, 343, 32, 88, 316, 279, 42, 336, 334, 435, 78, 477, 392, 256, 48, 285, 439, 172, 384, 142, 419, 266, 393, 174, 41, 106, 90, 402, 62, 272, 435, 270, 83, 106, 334, 48, 262, 251, 367, 405, 170, 349, 231, 128, 410, 462, 321, 126, 101, 159, 410, 172, 49, 167, 13, 129, 84, 457, 164, 99, 452, 49, 131, 110, 438, 322, 402, 231, 81, 46, 17, 316, 198, 225, 426, 404, 480, 172, 498, 71, 430, 414, 34, 304, 299, 157, 206, 394, 139, 76, 275, 267, 174, 165, 454, 274]
Tree:
None
Fitness on 5000 data:
-54.9597894278576

Fitness:
-54.9597894278576