Generation:
1198

Phenotype:
6
V1 = gm([8.3e+0, +2.0e+1, 9.9e-1], [8.2e-1, +4.8e-0, 6.3e-0], [2.0e-2, -9.8e-0, 5.5e+2], [2.2e+0, +1.2e+1, 7.1e+0]);
V2 = +4.6e-0;
V2 = V2 + gm([9.1e+1, +3.9e-2, 2.0e-0]);
V3 = +V2 + +0.1e+0 * +3.5e-0;
V3 = V3 + uniform([+0.7e-2, 8.7e+0], 2);

Pre-processed Program
:T = gm([0.731922, 0.072310, 0.001764, 0.194004], [20, 4.8, -9.8, 12], [0.99, 6.3, 550, 7.1]);C = 4.6;C = C + gm([1.000000], [0.039], [2]);F = C;F = F + 0.35;F = F + uniform([0.007000, 8.707000], 2);Genotype:
[296, 155, 140, 38, 197, 105, 302, 208, 103, 278, 210, 135, 424, 152, 70, 474, 196, 437, 359, 399, 325, 196, 315, 403, 408, 392, 27, 403, 276, 398, 424, 388, 483, 159, 271, 216, 313, 149, 156, 407, 383, 212, 20, 213, 44, 194, 321, 489, 138, 351, 474, 113, 15, 205, 188, 479, 152, 285, 162, 252, 424, 279, 407, 202, 331, 342, 30, 235, 1, 247, 321, 406, 450, 80, 88, 316, 385, 496, 336, 444, 286, 275, 477, 294, 256, 378, 128, 349, 11, 232, 142, 419, 304, 393, 279, 41, 452, 272, 402, 390, 347, 435, 204, 481, 106, 334, 48, 214, 65, 64, 405, 148, 483, 254, 128, 410, 211, 324, 126, 139, 27, 410, 203, 275, 457, 489, 129, 86, 148, 188, 80, 267, 317, 338, 214, 498, 57, 450, 231, 81, 46, 17, 316, 198, 225, 426, 404, 480, 172, 498, 71, 430, 414, 34, 304, 299, 157, 206, 394, 139, 76, 275, 267, 174, 165, 454, 274]
Tree:
None
Fitness on 5000 data:
-52.70604970931178

Fitness:
-52.70604970931178