Generation:
2498

Phenotype:
49
V1 = gm([7.7e0, +1.2e0, 0.8e0], [3.0e1, +6.0e0, 2.4e0]);
V2 = gm([7.1e1, +9.9e0, 2.0e0]);
V3 = uniform([+1.8e0, 6.0e0], 2);
V4 = uniform([+7.4e0, 1.5e1], 2);
V5 = gm([7.7e0, +9.9e1, 9.9e1]);

Pre-processed Program
:W = gm([0.204244, 0.795756], [1.2, 6], [0.8, 2.4]);F = gm([1.000000], [9.9], [2]);C = uniform([1.800000, 7.800000], 2);T = uniform([7.400000, 22.400000], 2);P = gm([1.000000], [99], [99]);Genotype:
[110, 408, 406, 243, 291, 51, 397, 447, 236, 113, 92, 31, 72, 432, 74, 40, 458, 106, 92, 317, 183, 10, 37, 334, 230, 256, 0, 388, 49, 242, 194, 382, 374, 39, 264, 318, 57, 421, 337, 48, 476, 109, 129, 206, 204, 282, 460, 324, 373, 491, 93, 180, 371, 258, 90, 347, 216, 20, 240, 369, 440, 427, 464, 187, 184, 150, 183, 301, 205, 277, 10, 265, 422, 75, 317, 257, 396, 414, 404, 429, 169, 369, 228, 319, 439, 63, 66, 215, 138, 450, 167, 447, 230, 137, 314, 404, 264, 77, 293, 470, 415, 47]
Tree:
None
Fitness on 5000 data:
-161.78288969944083

Fitness:
-161.78288969944083