Generation:
1998

Phenotype:
49
V1 = gm([9.8e0, +1.2e0, 0.7e0], [5.0e1, +5.9e0, 2.6e0]);
V2 = gm([6.0e0, +9.9e0, 2.0e0]);
V3 = uniform([+1.8e0, 6.0e0], 2);
V4 = uniform([+7.4e0, 1.5e1], 2);
V5 = gm([2.1e1, +9.9e1, 9.9e1]);

Pre-processed Program
:W = gm([0.163880, 0.836120], [1.2, 5.9], [0.7, 2.6]);F = gm([1.000000], [9.9], [2]);C = uniform([1.800000, 7.800000], 2);T = uniform([7.400000, 22.400000], 2);P = gm([1.000000], [99], [99]);Genotype:
[265, 408, 406, 324, 291, 388, 219, 148, 232, 184, 362, 31, 442, 330, 473, 40, 397, 42, 16, 39, 405, 10, 57, 301, 230, 225, 409, 484, 81, 492, 396, 164, 464, 39, 232, 64, 276, 240, 156, 242, 476, 259, 129, 330, 412, 282, 460, 324, 373, 429, 361, 408, 371, 258, 414, 347, 216, 20, 404, 421, 406, 86, 480, 187, 184, 16, 325, 301, 205, 109, 10, 108, 434, 75, 332, 251, 35, 206, 306, 429, 389, 165, 404, 319, 399, 63, 66, 215, 138, 450, 167, 447, 230, 137, 314, 404, 264, 77, 293, 470, 415, 47]
Tree:
None
Fitness on 5000 data:
-161.82020015782146

Fitness:
-161.82020015782146