Generation:
300

Phenotype:
2
V1 = gm([45.5, 9.8, 2], [0.1, 27.5, 6]);
V2 = 5.3;
V2 = V2 + gm([50, 14.4, 8.4]);
V3 = 5.1;
V3 = V3 + gm([28.1, 0, 3]);

Pre-processed Program
:F = gm([0.997807, 0.002193], [9.8, 27.5], [2, 6]);T = 5.3;T = T;T = T + gm([1.000000], [14.4], [8.4]);W = 5.1;W = W;W = W + gm([1.000000], [0], [3]);Genotype:
[486, 403, 120, 460, 437, 168, 210, 433, 191, 300, 373, 127, 468, 376, 286, 104, 206, 373, 255, 279, 147, 180, 346, 54, 57, 264, 276, 354, 25, 339, 464, 182, 170, 15, 472, 352, 94, 40, 152, 171, 473, 183, 27, 365, 174, 414, 196, 226, 371, 349, 5, 333, 170, 273, 312, 381, 2, 357, 436, 423, 284, 153, 150, 3, 395, 346, 189, 127, 348, 208, 110, 379, 380, 278, 285, 366, 256, 406, 50, 395, 86, 390, 458, 81, 211, 310, 13, 311, 24, 375, 490, 224, 79, 133, 109, 39, 352, 252, 102, 380]
Tree:
None
Fitness on 5000 data:
-63.064096464778494

Fitness:
[-62.95449679493408, 0]