Generation:
1798

Phenotype:
110
V1 = gm([5.6e1, +9.9e1, 9.9e1], [0.0e0, -7.8e0, 0.2e1]);
V2 = gm([5.9e0, +5.1e0, 3.0e0]);
V3 = gm([9.8e1, +9.9e0, 1.9e0], [0.0e0, +1.9e1, 4.7e1]);
V4 = gm([0.4e1, +9.9e0, 1.4e0], [0.0e1, +3.9e1, 6.4e1], [9.9e1, +1.5e1, 4.1e0]);
V5 = gm([7.8e0, +4.9e0, 0.2e1]);

Pre-processed Program
:P = gm([1.000000, 0.000000], [99, -7.8], [99, 2]);W = gm([1.000000], [5.1], [3]);F = gm([1.000000, 0.000000], [9.9, 19], [1.9, 47]);T = gm([0.038835, 0.000000, 0.961165], [9.9, 39, 15], [1.4, 64, 4.1]);C = gm([1.000000], [4.9], [2]);Genotype:
[332, 349, 266, 349, 373, 207, 25, 86, 243, 472, 364, 79, 459, 17, 286, 209, 59, 183, 222, 11, 180, 150, 38, 320, 181, 387, 78, 494, 235, 330, 112, 173, 342, 97, 22, 338, 235, 349, 340, 427, 456, 175, 21, 262, 491, 233, 490, 242, 158, 130, 151, 275, 369, 318, 51, 192, 220, 409, 89, 162, 156, 231, 139, 78, 488, 180, 200, 480, 384, 205, 210, 1, 299, 59, 493, 384, 47, 281, 190, 128, 347, 41, 270, 454, 265, 230, 32, 229, 399, 168, 2, 191, 444, 486, 95, 109, 460, 270, 127, 211, 256, 463, 209, 481, 316, 136, 94, 87, 412, 83, 19, 449, 303, 487, 88, 151, 155, 85, 225, 264, 81, 484, 356, 358, 152, 220, 417, 18, 394, 324, 162, 414, 19, 20, 478, 450, 492, 117, 114, 12, 267, 444, 354, 406, 26, 470, 432, 421, 336, 271, 461, 4, 133, 253, 471, 285, 443, 377, 339, 231, 367]
Tree:
None
Fitness on 5000 data:
-161.29016915878847

Fitness:
-161.29016915878847