Generation:
2498

Phenotype:
110
V1 = gm([7.2e1, +9.9e1, 9.9e1], [0.0e0, +1.5e1, 5.5e0]);
V2 = gm([6.2e1, +5.1e0, 3.4e0]);
V3 = gm([0.0e1, +9.9e0, 1.9e0], [0.0e0, +9.9e0, 2.1e0]);
V4 = gm([0.6e0, -8.9e1, 1.7e1], [0.1e0, +3.1e1, 4.2e1], [9.0e1, +1.5e1, 4.1e0]);
V5 = gm([7.9e0, +4.9e0, 0.2e1]);

Pre-processed Program
:P = gm([1.000000, 0.000000], [99, 15], [99, 5.5]);W = gm([1.000000], [5.1], [3.4]);F = gm([1.000000, 1.000000], [9.9, 9.9], [1.9, 2.1]);T = gm([0.006615, 0.001103, 0.992282], [-89, 31, 15], [17, 42, 4.1]);C = gm([1.000000], [4.9], [2]);Genotype:
[151, 349, 278, 150, 373, 132, 47, 252, 45, 328, 264, 79, 459, 245, 469, 209, 59, 281, 222, 142, 180, 80, 436, 296, 378, 431, 345, 299, 245, 385, 165, 130, 352, 71, 268, 357, 36, 462, 353, 244, 456, 175, 21, 158, 283, 233, 444, 452, 138, 212, 345, 275, 390, 200, 95, 464, 434, 59, 89, 162, 426, 231, 59, 58, 488, 472, 200, 480, 248, 205, 358, 379, 299, 32, 493, 202, 111, 116, 296, 36, 347, 43, 270, 266, 52, 67, 125, 158, 79, 231, 494, 191, 407, 369, 95, 222, 460, 491, 356, 64, 274, 463, 421, 87, 43, 84, 252, 439, 154, 456, 19, 70, 303, 176, 434, 151, 155, 85, 11, 104, 81, 142, 56, 251, 152, 115, 417, 279, 210, 296, 66, 414, 339, 414, 377, 450, 492, 63, 114, 12, 267, 444, 354, 406, 26, 470, 432, 421, 336, 271, 461, 4, 133, 253, 471, 285, 443, 377, 339, 231, 367]
Tree:
None
Fitness on 5000 data:
-155.33172869614305

Fitness:
-155.33172869614305