Generation:
398

Phenotype:
26
V1 = gm([1.6e+2, +5.4e-0, 1.3e+0]);
V2 = +V1;
V2 = V2 + gm([2.6e+2, +4.8e-0, 1.1e-0], [2.5e-1, +2.5e-2, 4.0e-0]);
V3 = +V1;
V3 = V3 + gm([1.3e+2, -2.4e-1, 3.1e+0], [8.8e-2, +2.0e-0, 9.9e-0], [1.7e-2, +6.0e-1, 5.5e-1]);
V4 = +5.2e+0;
V4 = V4 + uniform([+1.3e-0, 4.5e+2], 2);
V5 = +V1;
V5 = V5 + uniform([+8.9e-2, 2.0e+1], 2);

Pre-processed Program
:C = gm([1.000000], [5.4], [1.3]);F = C;F = F + gm([0.999039, 0.000961], [4.8, 0.025], [1.1, 4]);W = C;W = W + gm([0.999193, 0.000676, 0.000131], [-0.24, 2, 0.6], [3.1, 9.9, 0.55]);P = 5.2;P = P + uniform([1.300000, 451.300000], 2);T = C;T = T + uniform([0.089000, 20.089000], 2);Genotype:
[158, 265, 337, 242, 456, 166, 487, 221, 166, 116, 401, 275, 318, 405, 254, 159, 12, 126, 61, 43, 436, 180, 126, 148, 318, 468, 406, 455, 408, 410, 191, 190, 132, 286, 428, 14, 13, 88, 484, 78, 87, 216, 220, 31, 351, 355, 12, 38, 238, 252, 25, 255, 301, 165, 334, 42, 65, 207, 2, 264, 174, 270, 17, 234, 301, 392, 30, 466, 310, 108, 238, 126, 295, 452, 491, 263, 266, 380, 41, 383, 252, 434, 275, 208, 372, 33, 201, 452, 198, 457, 31, 178, 378, 427, 443, 326, 342, 412, 140, 179, 147, 114, 349, 479, 35, 402, 8, 122, 181, 107, 457, 50, 145, 428, 416, 430, 259, 463, 209, 425, 275, 211, 88, 83, 362, 192, 169, 253, 324, 265, 482, 84, 138, 279, 111, 93, 350, 491, 453, 79, 90, 165, 404, 285, 40, 215, 474, 48, 10, 250, 50, 296, 451, 420, 154, 192, 408, 299, 363, 47, 388, 352, 260, 218, 295, 206, 56, 192, 452, 296, 304, 120, 345, 149, 318, 248, 46, 411, 224, 336, 186, 225, 307, 413, 195, 327, 349, 366, 237, 480, 487, 127, 10, 266, 47, 370, 416, 432]
Tree:
None
Fitness on 5000 data:
-15.05488137845946

Fitness:
-15.05488137845946