Generation:
798

Phenotype:
26
V1 = gm([2.6e+0, +5.0e+0, 1.3e+0]);
V2 = +V1;
V2 = V2 + gm([5.0e-1, +4.8e-0, 1.2e+0], [2.4e-2, +8.2e-0, 4.9e-0]);
V3 = +V1;
V3 = V3 + gm([6.9e+2, -4.4e-2, 3.1e-0], [1.8e-2, -4.0e-0, 3.9e-1], [1.9e-2, +6.0e+1, 5.0e-0]);
V4 = +3.2e+1;
V4 = V4 + uniform([+6.0e-0, 4.5e+2], 2);
V5 = +V3 + +V1;
V5 = V5 + uniform([+0.2e+1, 1.0e+1], 2);

Pre-processed Program
:C = gm([1.000000], [5], [1.3]);F = C;F = F + gm([0.954198, 0.045802], [4.8, 8.2], [1.2, 4.9]);W = C;W = W + gm([0.999946, 0.000026, 0.000028], [-0.044, -4, 60], [3.1, 0.39, 5]);P = 32;P = P + uniform([6.000000, 456.000000], 2);T = W;T = T + C;T = T + uniform([2.000000, 12.000000], 2);Genotype:
[338, 265, 27, 348, 456, 236, 80, 422, 16, 232, 393, 497, 492, 405, 0, 78, 12, 91, 91, 483, 56, 180, 0, 398, 206, 258, 378, 197, 186, 461, 191, 448, 195, 0, 281, 193, 385, 88, 414, 78, 87, 105, 154, 31, 212, 18, 162, 364, 240, 362, 254, 255, 11, 498, 336, 208, 72, 81, 240, 58, 194, 89, 291, 345, 218, 92, 130, 154, 8, 108, 238, 362, 83, 325, 406, 9, 400, 32, 80, 77, 114, 434, 433, 5, 259, 423, 391, 491, 264, 457, 310, 271, 408, 9, 173, 131, 77, 14, 110, 323, 354, 187, 13, 479, 107, 55, 440, 42, 181, 229, 353, 50, 145, 76, 416, 440, 474, 13, 70, 425, 30, 279, 165, 5, 362, 74, 223, 144, 84, 13, 72, 84, 391, 45, 111, 477, 112, 296, 170, 95, 267, 498, 404, 445, 44, 215, 173, 151, 408, 250, 50, 386, 138, 420, 62, 246, 408, 132, 473, 118, 468, 402, 220, 172, 198, 268, 490, 81, 360, 420, 304, 120, 345, 149, 318, 248, 46, 411, 224, 336, 186, 225, 307, 413, 195, 327, 349, 366, 237, 480, 487, 127, 10, 266, 47, 370, 416, 432]
Tree:
None
Fitness on 5000 data:
-14.305242656804392

Fitness:
-14.305242656804392