Generation:
1500

Phenotype:
26
V1 = gm([4.7e+1, +5.0e-0, 1.2e-0]);
V2 = +V1;
V2 = V2 + gm([5.7e+0, +4.9e-0, 1.2e+0], [1.6e-2, -3.2e-1, 7.6e-0]);
V3 = +V1;
V3 = V3 + gm([6.8e+2, +4.9e-2, 3.1e+0], [6.8e-2, -7.0e-2, 9.3e+1], [8.0e-2, +7.4e-2, 3.4e-2]);
V4 = +3.7e+1;
V4 = V4 + uniform([+8.7e-0, 4.3e+2], 2);
V5 = +V3 + +V1;
V5 = V5 + uniform([+0.2e+1, 9.2e+0], 2);

Pre-processed Program
:C = gm([1.000000], [5], [1.2]);F = C;F = F + gm([0.997201, 0.002799], [4.9, -0.32], [1.2, 7.6]);W = C;W = W + gm([0.999782, 0.000100, 0.000118], [0.049, -0.07, 0.074], [3.1, 93, 0.034]);P = 37;P = P + uniform([8.700000, 438.700000], 2);T = W;T = T + C;T = T + uniform([2.000000, 11.200000], 2);Genotype:
[338, 265, 57, 348, 44, 236, 84, 374, 287, 276, 16, 497, 492, 405, 330, 21, 12, 341, 91, 242, 471, 180, 83, 48, 314, 40, 268, 28, 186, 143, 147, 422, 195, 257, 12, 69, 5, 160, 414, 399, 373, 159, 327, 31, 212, 472, 171, 456, 468, 161, 276, 255, 230, 292, 33, 493, 252, 81, 268, 439, 427, 336, 473, 105, 472, 92, 130, 484, 134, 108, 238, 259, 83, 440, 406, 418, 486, 125, 89, 468, 64, 199, 351, 5, 66, 423, 391, 500, 111, 497, 461, 56, 228, 273, 491, 161, 81, 167, 110, 325, 380, 187, 119, 293, 168, 55, 440, 337, 308, 360, 353, 50, 425, 78, 87, 64, 255, 86, 272, 363, 394, 117, 164, 394, 172, 258, 223, 241, 162, 13, 407, 84, 391, 45, 321, 38, 44, 98, 7, 95, 498, 498, 474, 123, 308, 215, 335, 313, 408, 38, 50, 386, 310, 420, 62, 436, 490, 132, 447, 337, 246, 402, 220, 172, 100, 97, 327, 89, 182, 420, 216, 120, 345, 149, 318, 248, 46, 411, 224, 336, 186, 225, 307, 413, 195, 327, 349, 366, 237, 480, 487, 127, 10, 266, 47, 370, 416, 432]
Tree:
None
Fitness on 5000 data:
-14.188596127241139

Fitness:
-14.188596127241139