Generation:
1198

Phenotype:
26
V1 = gm([2.2e+1, +5.0e+0, 1.2e-0]);
V2 = +V1;
V2 = V2 + gm([5.6e+1, +4.9e-0, 1.2e+0], [2.4e-2, +4.2e-1, 0.0e-0]);
V3 = +V1;
V3 = V3 + gm([2.7e+2, -4.1e-2, 3.1e-0], [0.8e-1, -1.0e-2, 5.9e-1], [4.0e-2, +0.0e-2, 5.0e-0]);
V4 = +3.6e+1;
V4 = V4 + uniform([+6.7e-0, 4.3e+2], 2);
V5 = +V3 + +V1;
V5 = V5 + uniform([+0.2e+1, 1.0e+1], 2);

Pre-processed Program
:C = gm([1.000000], [5], [1.2]);F = C;F = F + gm([0.999572, 0.000428], [4.9, 0.42], [1.2, 0]);W = C;W = W + gm([0.999556, 0.000296, 0.000148], [-0.041, -0.01, 0], [3.1, 0.59, 5]);P = 36;P = P + uniform([6.700000, 436.700000], 2);T = W;T = T + C;T = T + uniform([2.000000, 12.000000], 2);Genotype:
[338, 265, 27, 362, 44, 236, 80, 422, 72, 352, 16, 414, 492, 405, 0, 78, 12, 398, 91, 152, 457, 180, 83, 48, 206, 40, 212, 424, 186, 143, 191, 400, 195, 476, 288, 28, 2, 160, 414, 399, 373, 105, 327, 31, 212, 18, 171, 456, 468, 402, 74, 255, 41, 292, 336, 394, 72, 81, 268, 439, 0, 90, 473, 105, 59, 92, 130, 484, 8, 108, 238, 362, 83, 325, 372, 347, 400, 125, 80, 93, 64, 481, 433, 5, 259, 423, 391, 491, 111, 497, 335, 380, 228, 371, 436, 131, 81, 481, 110, 147, 380, 187, 415, 479, 221, 55, 440, 72, 394, 360, 353, 50, 180, 76, 360, 440, 305, 44, 272, 425, 30, 117, 48, 5, 172, 30, 223, 241, 84, 13, 66, 84, 391, 45, 111, 332, 44, 296, 7, 95, 498, 498, 404, 133, 308, 215, 335, 151, 408, 250, 50, 252, 310, 420, 62, 436, 338, 132, 447, 129, 468, 402, 220, 172, 100, 268, 408, 81, 360, 420, 304, 120, 345, 149, 318, 248, 46, 411, 224, 336, 186, 225, 307, 413, 195, 327, 349, 366, 237, 480, 487, 127, 10, 266, 47, 370, 416, 432]
Tree:
None
Fitness on 5000 data:
-14.24694795249595

Fitness:
-14.24694795249595