Generation:
300
Phenotype:
1
V1 = gm([2, 47.9, 42.1], [46, 0.8, 2.4]) + gm([0, 9.6, 0], [0, 11, 5]);
V2 = 0;
V2 = V2 + uniform([4, 21.7], 2);
V3 = V2 * V2;
V3 = V3 + gm([36.3, 3.5, 11], [12.3, 50, 47], [16.9, 23, 25.8], [40.4, 15.5, 18.1]);
Pre-processed Program
:F = gm([0.041667, 0.958333], [47.9, 0.8], [42.1, 2.4]);F = F + gm([1.000000, 1.000000], [9.6, 11], [0, 5]);T = 0;T = T;T = T + uniform([4.000000, 25.700000], 2);TEMP0 = T * T;P = TEMP0;P = P;P = P + gm([0.342776, 0.116147, 0.159585, 0.381492], [3.5, 50, 23, 15.5], [11, 47, 25.8, 18.1]);Genotype:
[91, 408, 301, 321, 418, 235, 18, 90, 133, 216, 2, 443, 302, 53, 415, 348, 99, 428, 294, 403, 93, 51, 178, 71, 308, 165, 228, 329, 10, 308, 107, 96, 0, 203, 111, 338, 32, 306, 206, 402, 51, 346, 266, 246, 362, 306, 154, 316, 191, 366, 204, 272, 435, 225, 183, 361, 435, 276, 114, 163, 340, 496, 223, 296, 396, 387, 176, 307, 344, 477, 228, 443, 437, 423, 393, 182, 421, 309, 40, 350, 266, 389, 131, 12, 443, 452, 203, 64, 251, 381, 361, 373, 8, 240, 125, 421, 127, 178, 224, 113]
Tree:
None
Fitness on 5000 data:
-75.80657361768876
Fitness:
[-75.79132899753081, -1]