Generation:
1198

Phenotype:
4
V1 = gm([9.0e-0, +4.5e-0, 3.5e+0]);
V2 = -5.1e-2;
V2 = V2 + uniform([+8.1e-1, 2.9e+1], 2);
if V1 <= -6.0e-2 { 
   V3 = -9.8e-0 * +V2 - -V1; 
 } else { 
   if V2 < -0.0e-2 { 
     V3 = -V1 - +V2 * -V2; 
   } else { 
     if V1 >= -4.4e+0 { 
       V3 = +8.3e-2 * +V2; 
     } else { 
       V3 = +4.8e+1 - -V2 + +3.8e-2 - +V2; 
     } end if; 
   } end if; 
 } end if;
V3 = V3 + uniform([+5.6e-0, 6.3e+0], 2);

Pre-processed Program
:W = gm([1.000000], [4.5], [3.5]);T = 0;T = T - 0.051;T = T + uniform([0.810000, 29.810000], 2);if W <= -0.06 {   TEMP0 = -9.8 * T;   F = TEMP0;   F = F + W; } else {   if T < 0 {     TEMP1 = T * T;     TEMP1 = 0 - TEMP1;     F = 0;     F = F - W;     F = F - TEMP1;   } else {     if W >= -4.4 {       TEMP2 = 0.083 * T;       F = TEMP2;     } else {       F = 48;       F = F + T;       F = F + 0.038;       F = F - T;     } end if;   } end if; } end if;F = F + uniform([5.600000, 11.900000], 2);Genotype:
[58, 123, 65, 74, 284, 60, 21, 149, 350, 251, 399, 328, 450, 14, 235, 217, 294, 376, 303, 375, 136, 21, 144, 144, 142, 85, 421, 225, 175, 31, 33, 170, 431, 144, 369, 108, 468, 221, 333, 412, 15, 372, 19, 216, 472, 343, 382, 120, 441, 309, 137, 56, 30, 445, 98, 436, 463, 360, 293, 82, 399, 438, 203, 239, 108, 389, 150, 82, 40, 301, 107, 132, 174, 141, 56, 143, 439, 235, 96, 273, 261, 450, 140, 61, 62, 364, 1, 350, 134, 266, 77, 238, 69, 243, 74, 196, 60, 315, 336, 293, 453, 43, 276, 204, 31, 245, 293, 354, 24, 484, 477, 272, 188, 395, 170, 215, 324, 200, 78, 393, 195, 260, 254, 440, 205, 314, 157, 189, 163, 302, 388, 25, 457, 58, 234, 458, 296, 286, 7, 448, 272, 43, 159, 482, 24, 165, 150, 266, 183, 238, 3, 122, 367, 218, 200, 140, 47, 33, 65, 391, 388, 5, 326, 275, 66, 124, 146, 233, 334, 213, 311, 333, 491, 486, 280, 388, 369, 271, 241, 493, 495, 497, 66, 41, 283, 261, 136, 218, 438, 328, 477, 457, 421, 382, 451, 31, 33, 149, 191, 13, 7, 447, 406, 248, 265, 412, 63, 54, 228, 230, 70, 493, 322, 418, 469, 348, 384, 378, 223, 190, 15, 180, 101, 92, 268, 103, 246, 174, 184, 143, 377, 439, 145, 56, 6, 235, 304, 140, 109, 72, 161, 172, 374, 9, 160, 411, 41, 283, 136, 82, 138, 322, 116, 146, 157, 163, 15, 67, 45, 74, 389, 350, 287, 445, 5, 442, 202, 32, 246, 414, 137, 116, 71, 68, 64, 362, 183, 237, 336, 237, 429, 223, 255, 302, 486, 83, 78, 467, 395, 90, 33, 30, 210, 200, 56, 159, 163, 93, 388, 255, 382, 261, 448, 164, 320, 411, 500, 294, 452, 174, 204, 453, 171, 118, 151, 266, 352, 479, 5, 342, 171, 39, 141, 74, 320, 44, 401, 309, 255, 141, 127, 230, 413, 448, 26, 388, 432, 231, 482, 249, 380, 45, 49, 137, 328, 237, 152, 101, 397, 229, 292, 192, 134, 20, 265, 149, 62, 144, 4, 211, 446, 41, 283, 468, 238, 288, 170, 423, 470, 143, 15, 181, 30, 387, 440, 379, 465, 145, 65, 264, 253, 314, 277, 312, 255, 443, 177, 383, 413, 270, 2, 243, 2, 64, 151, 142, 66, 127, 265, 281, 47, 246, 34, 158, 370, 329, 274, 29, 206, 347, 74, 100, 62, 18, 442, 174, 402, 372, 68, 346, 97, 10, 170, 57, 188, 283, 48, 463, 288, 289, 279, 253, 12, 405, 6, 30, 345, 79, 389, 78, 6, 116, 143, 317, 202, 380, 226, 339, 320, 238, 405, 265, 340, 178, 285, 237, 70, 233, 366, 223, 4, 457, 486, 200, 78, 323, 195, 94, 264, 434, 210, 314, 56, 282, 163, 93, 388, 157, 382, 468, 298, 458, 137, 78, 111, 243, 272, 174, 204, 453, 24, 118, 360, 266, 85, 479, 5, 191, 305, 39, 141, 327, 320, 38, 401, 309, 255, 141, 127, 42, 413, 270, 26, 388, 40, 231, 482, 249, 130, 45, 49, 277, 490, 493, 152, 101, 397, 29, 274, 192, 406, 178, 265, 149, 62, 250, 4, 211, 411, 41, 283, 468, 238, 288, 170, 200, 470, 143, 15, 181, 30, 387, 5, 191, 284, 179, 141, 264, 320, 38, 496, 133, 255, 443, 127, 42, 413, 270, 2, 388, 157, 231, 29, 142, 66, 127, 265, 277, 490, 234, 152, 158, 370, 329, 274, 29, 406, 268, 265, 100, 62, 18, 4, 324, 352, 372, 439, 468, 238, 395, 170, 211]
Tree:
None
Fitness on 5000 data:
-63.99511061607396

Fitness:
-63.99511061607396