Generation:
398

Phenotype:
2
V1 = gm([1.3e0, +0.4e0, 7.8e0], [7.8e1, +9.9e0, 2.0e0], [0.1e0, +0.8e1, 0.6e0]);
V2 = +V1;
V2 = V2 + gm([5.1e0, +0.5e1, 1.6e1], [8.0e0, +8.7e1, 9.9e1]);
V3 = +V1;
V3 = V3 + uniform([-2.1e0, 4.1e0], 2);

Pre-processed Program
:F = gm([0.016373, 0.982368, 0.001259], [0.4, 9.9, 8], [7.8, 2, 0.6]);P = F;P = P + gm([0.389313, 0.610687], [5, 87], [16, 99]);T = F;T = T + uniform([-2.100000, 2.000000], 2);Genotype:
[6, 421, 257, 498, 231, 45, 401, 481, 213, 416, 137, 266, 460, 234, 344, 312, 17, 28, 436, 237, 50, 97, 18, 135, 211, 390, 189, 89, 4, 272, 392, 270, 60, 170, 472, 160, 21, 220, 100, 498, 240, 418, 309, 158, 70, 226, 242, 259, 494, 408, 100, 178, 76, 186, 250, 403, 175, 265, 301, 10, 72, 208, 260, 75, 429, 281, 51, 216, 317, 192, 189, 428, 130, 424, 480, 322, 298, 147, 209, 468, 229, 489, 475, 33, 232, 334, 312, 250, 208, 103, 295, 180, 133, 252, 141, 382, 231, 484, 71, 72]
Tree:
None
Fitness on 5000 data:
-76.51817303053649

Fitness:
-76.51817303053649