Generation:
1198

Phenotype:
22
V1 = gm([5.7e1, +1.0e1, 2.0e0], [3.5e1, +9.6e0, 2.0e0], [2.6e1, +9.5e0, 1.8e0]);
V2 = gm([1.9e0, +9.9e1, 9.9e1]);
V3 = uniform([-0.4e0, 1.1e1], 2);
V4 = uniform([+4.9e0, 2.0e1], 2);
V5 = uniform([+0.2e1, 0.6e1], 2);

Pre-processed Program
:F = gm([0.483051, 0.296610, 0.220339], [10, 9.6, 9.5], [2, 2, 1.8]);P = gm([1.000000], [99], [99]);W = uniform([-0.400000, 10.600000], 2);T = uniform([4.900000, 24.900000], 2);C = uniform([2.000000, 8.000000], 2);Genotype:
[364, 21, 246, 389, 321, 448, 395, 347, 113, 362, 386, 1, 300, 119, 310, 422, 280, 88, 345, 409, 213, 145, 381, 67, 228, 229, 436, 264, 384, 272, 370, 470, 342, 372, 442, 416, 333, 487, 356, 169, 485, 130, 297, 261, 398, 362, 144, 220, 438, 3, 331, 459, 168, 154, 450, 439, 99, 27, 426, 469, 499, 481, 345, 402, 270, 13, 380, 34, 360, 19, 191, 141, 49, 435, 451, 305, 50, 244, 349, 248, 398, 252, 400, 371, 401, 337, 422, 298, 290, 262, 339, 297, 270, 106, 343, 339, 91, 299, 320, 249]
Tree:
None
Fitness on 5000 data:
-163.00125916071752

Fitness:
-163.00125916071752