Generation:
798

Phenotype:
22
V1 = gm([5.7e1, +1.0e1, 2.0e0], [6.9e0, +9.7e0, 2.1e0], [2.6e1, +9.7e0, 1.8e0]);
V2 = gm([1.9e0, +9.9e1, 9.9e1]);
V3 = uniform([-0.4e0, 1.1e1], 2);
V4 = uniform([+4.8e0, 2.0e1], 2);
V5 = uniform([+0.1e1, 0.7e1], 2);

Pre-processed Program
:F = gm([0.634038, 0.076752, 0.289210], [10, 9.7, 9.7], [2, 2.1, 1.8]);P = gm([1.000000], [99], [99]);W = uniform([-0.400000, 10.600000], 2);T = uniform([4.800000, 24.800000], 2);C = uniform([1.000000, 8.000000], 2);Genotype:
[364, 21, 246, 47, 215, 426, 395, 347, 113, 495, 386, 1, 300, 119, 310, 422, 280, 88, 141, 16, 436, 209, 304, 96, 228, 229, 107, 264, 384, 272, 111, 470, 266, 326, 92, 416, 125, 251, 356, 469, 297, 130, 65, 321, 398, 362, 144, 249, 178, 478, 331, 459, 272, 60, 342, 439, 419, 299, 464, 469, 499, 481, 77, 103, 132, 9, 300, 24, 498, 126, 311, 141, 285, 435, 341, 66, 50, 244, 398, 248, 38, 252, 300, 51, 63, 450, 86, 298, 500, 91, 439, 297, 270, 467, 343, 339, 91, 299, 320, 249]
Tree:
None
Fitness on 5000 data:
-163.58900514307757

Fitness:
-163.58900514307757