Generation:
398

Phenotype:
22
V1 = gm([4.3e0, +1.2e1, 2.0e0], [0.0e1, +8.3e1, 2.2e0], [3.6e1, +9.7e0, 1.7e0]);
V2 = gm([1.3e0, +9.9e1, 9.9e1]);
V3 = uniform([-0.4e0, 1.1e1], 2);
V4 = uniform([+4.6e0, 2.0e1], 2);
V5 = uniform([+0.1e1, 0.7e1], 2);

Pre-processed Program
:F = gm([0.106700, 0.000000, 0.893300], [12, 83, 9.7], [2, 2.2, 1.7]);P = gm([1.000000], [99], [99]);W = uniform([-0.400000, 10.600000], 2);T = uniform([4.600000, 24.600000], 2);C = uniform([1.000000, 8.000000], 2);Genotype:
[308, 21, 246, 44, 27, 246, 34, 23, 396, 168, 398, 31, 72, 219, 53, 422, 280, 244, 141, 16, 360, 490, 371, 447, 482, 438, 13, 281, 240, 272, 372, 470, 94, 401, 303, 416, 371, 251, 404, 469, 187, 130, 302, 321, 177, 284, 144, 29, 26, 156, 331, 283, 266, 495, 414, 39, 419, 299, 407, 469, 499, 481, 373, 103, 95, 9, 300, 24, 498, 368, 311, 141, 359, 435, 399, 66, 368, 244, 156, 110, 415, 252, 300, 51, 461, 396, 86, 298, 500, 91, 167, 297, 20, 467, 257, 339, 91, 299, 320, 249]
Tree:
None
Fitness on 5000 data:
-163.68042393168156

Fitness:
-163.68042393168156