Generation:
1500

Phenotype:
22
V1 = gm([8.9e1, +1.0e1, 2.0e0], [2.3e1, +9.8e0, 2.0e0], [2.9e1, +9.6e0, 1.8e0]);
V2 = gm([1.9e1, +9.9e1, 9.9e1]);
V3 = uniform([-0.4e0, 1.1e1], 2);
V4 = uniform([+4.9e0, 2.0e1], 2);
V5 = uniform([+0.2e1, 0.6e1], 2);

Pre-processed Program
:F = gm([0.631206, 0.163121, 0.205674], [10, 9.8, 9.6], [2, 2, 1.8]);P = gm([1.000000], [99], [99]);W = uniform([-0.400000, 10.600000], 2);T = uniform([4.900000, 24.900000], 2);C = uniform([2.000000, 8.000000], 2);Genotype:
[126, 21, 58, 30, 449, 448, 158, 149, 9, 362, 386, 1, 300, 119, 477, 422, 280, 368, 345, 77, 162, 293, 381, 67, 6, 229, 258, 264, 209, 272, 370, 236, 342, 394, 442, 269, 333, 487, 356, 169, 86, 130, 65, 261, 398, 358, 270, 325, 438, 3, 331, 459, 221, 494, 450, 439, 99, 61, 163, 469, 499, 481, 385, 327, 169, 13, 380, 34, 360, 429, 191, 141, 57, 435, 451, 319, 50, 244, 349, 146, 103, 352, 400, 371, 401, 217, 468, 146, 500, 42, 249, 47, 270, 206, 389, 339, 91, 299, 320, 249]
Tree:
None
Fitness on 5000 data:
-162.9870887546087

Fitness:
-162.9870887546087