Generation:
798

Phenotype:
8
V1 = uniform([-0.1e0, 8.0e0], 2);
V2 = uniform([+5.7e0, 9.0e0], 2);
V3 = gm([0.0e1, -9.1e1, 5.6e0], [0.0e0, +4.2e1, 8.3e1], [0.0e0, +5.9e0, 5.8e1], [6.2e0, +9.9e1, 9.9e1]);
V4 = gm([3.1e0, +4.8e0, 1.1e0], [3.9e1, +1.0e1, 2.8e0]);

Pre-processed Program
:C = uniform([-0.100000, 7.900000], 2);F = uniform([5.700000, 14.700000], 2);E = gm([0.000000, 0.000000, 0.000000, 1.000000], [-91, 42, 5.9, 99], [5.6, 83, 58, 99]);T = gm([0.073634, 0.926366], [4.8, 10], [1.1, 2.8]);Genotype:
[163, 199, 315, 291, 120, 351, 200, 351, 180, 222, 458, 40, 496, 457, 179, 56, 396, 245, 337, 356, 225, 499, 40, 200, 224, 477, 53, 271, 230, 320, 377, 429, 121, 489, 231, 441, 313, 345, 336, 416, 71, 274, 500, 90, 194, 497, 462, 234, 402, 109, 491, 258, 423, 465, 423, 350, 500, 340, 404, 14, 14, 395, 239, 366, 420, 255, 278, 279, 66, 110, 286, 2, 166, 291, 348, 189, 289, 353, 393, 249, 99, 477, 38, 150, 123, 110, 313, 111, 344, 397, 148, 74, 8, 446, 266, 251, 161, 468, 202, 476]
Tree:
None
Fitness on 5000 data:
-152.6588681522905

Fitness:
-152.6588681522905