Generation:
1500

Phenotype:
8
V1 = uniform([-0.1e0, 8.0e0], 2);
V2 = uniform([+5.9e0, 8.0e0], 2);
V3 = gm([0.0e0, +6.7e0, 6.0e0], [0.0e1, +1.3e1, 8.1e1], [0.0e0, +7.2e1, 0.1e1], [6.1e0, +9.9e1, 9.9e1]);
V4 = gm([3.4e0, +4.7e0, 0.7e0], [4.9e1, +1.0e1, 2.8e0]);

Pre-processed Program
:C = uniform([-0.100000, 7.900000], 2);F = uniform([5.900000, 13.900000], 2);E = gm([0.000000, 0.000000, 0.000000, 1.000000], [6.7, 13, 72, 99], [6, 81, 1, 99]);T = gm([0.064885, 0.935115], [4.7, 10], [0.7, 2.8]);Genotype:
[84, 199, 467, 291, 488, 411, 200, 351, 380, 222, 458, 40, 108, 375, 459, 203, 412, 245, 319, 66, 402, 318, 390, 464, 46, 14, 359, 100, 230, 320, 270, 408, 38, 156, 337, 230, 35, 226, 200, 176, 71, 228, 500, 90, 199, 31, 156, 81, 473, 399, 80, 258, 291, 181, 95, 373, 500, 340, 468, 339, 442, 197, 182, 163, 258, 60, 211, 159, 418, 340, 286, 31, 166, 472, 458, 469, 289, 353, 314, 249, 99, 481, 212, 276, 93, 374, 313, 284, 372, 269, 390, 74, 357, 446, 68, 210, 367, 370, 202, 157]
Tree:
None
Fitness on 5000 data:
-152.29650977994652

Fitness:
-152.29650977994652