Generation:
398

Phenotype:
8
V1 = uniform([-0.1e0, 8.0e0], 2);
V2 = uniform([+5.2e0, 1.0e1], 2);
V3 = gm([0.2e0, +2.1e1, 4.2e0], [0.0e0, +7.9e1, 5.5e1], [0.1e0, +7.7e0, 4.2e1], [9.3e1, +9.9e1, 9.9e1]);
V4 = gm([0.0e0, +0.5e0, 3.9e1], [9.9e1, +1.0e1, 2.8e0]);

Pre-processed Program
:C = uniform([-0.100000, 7.900000], 2);F = uniform([5.200000, 15.200000], 2);E = gm([0.002144, 0.000000, 0.001072, 0.996785], [21, 79, 7.7, 99], [4.2, 55, 42, 99]);T = gm([0.000000, 1.000000], [0.5, 10], [39, 2.8]);Genotype:
[439, 199, 275, 333, 120, 351, 200, 351, 180, 222, 458, 40, 496, 275, 122, 295, 410, 245, 452, 100, 225, 71, 40, 295, 224, 174, 253, 20, 230, 12, 46, 330, 92, 312, 231, 227, 285, 164, 132, 0, 71, 40, 500, 90, 140, 289, 224, 297, 269, 131, 491, 165, 195, 235, 423, 128, 500, 291, 132, 355, 14, 347, 47, 312, 420, 274, 392, 279, 66, 348, 199, 213, 131, 485, 352, 219, 289, 269, 19, 219, 99, 499, 38, 19, 123, 317, 360, 260, 344, 423, 16, 120, 155, 88, 31, 243, 239, 375, 296, 159]
Tree:
None
Fitness on 5000 data:
-153.41488223679897

Fitness:
-153.41488223679897