0	[-991.0522320511436, 0]
0	[-189.95574548792493, -2]
1	[-243.959258829245, 0]
1	[-170.70565178087668, -2]
2	[-164.35592106368503, 0]
2	[-131.38289518354296, -2]
3	[-148.80667061983385, 0]
3	[-131.38289518354296, -2]
4	[-136.66805015919812, 0]
4	[-126.21684470470889, -1]
4	[-125.60674831102058, -2]
5	[-136.66805015919812, 0]
5	[-118.4817979433283, -1]
5	[-115.54005263824196, -3]
6	[-116.68204569945055, 0]
6	[-114.98521730298498, -1]
6	[-114.34039320665353, -2]
7	[-116.68204569945055, 0]
7	[-114.98521730298498, -1]
7	[-106.32302667846088, -2]
8	[-116.68204569945055, 0]
8	[-112.85976066636272, -1]
8	[-106.29482008033001, -2]
9	[-116.68204569945055, 0]
9	[-110.66435166222907, -1]
9	[-106.29482008033001, -2]
10	[-116.68204569945055, 0]
10	[-105.49923749189404, -1]
10	[-103.44713158734069, -2]
11	[-116.68204569945055, 0]
11	[-98.62065018903282, -1]
12	[-116.68204569945055, 0]
12	[-98.62065018903282, -1]
12	[-98.24655292477225, -2]
13	[-116.68204569945055, 0]
13	[-95.67437422354897, -1]
14	[-116.68204569945055, 0]
14	[-95.67437422354897, -1]
15	[-116.68204569945055, 0]
15	[-95.67437422354897, -1]
15	[-94.78629793910079, -2]
16	[-116.68204569945055, 0]
16	[-87.18173195894033, -1]
17	[-116.68204569945055, 0]
17	[-83.06873606318362, -1]
18	[-116.68126480706829, 0]
18	[-83.06873606318362, -1]
19	[-116.68126480706829, 0]
19	[-83.06873606318362, -1]
20	[-116.68126480706829, 0]
20	[-83.06873606318362, -1]
21	[-116.68126480706829, 0]
21	[-83.06873606318362, -1]
22	[-116.68126480706829, 0]
22	[-83.06873606318362, -1]
22	[-83.06873606318362, -1]
23	[-116.68126480706829, 0]
23	[-83.06873606318362, -1]
23	[-83.06873606318362, -1]
24	[-116.68126480706829, 0]
24	[-82.1089364168929, -1]
25	[-116.68126480706829, 0]
25	[-82.1089364168929, -1]
25	[-82.1089364168929, -1]
25	[-82.1089364168929, -1]
26	[-116.68126480706829, 0]
26	[-80.49589701631167, -1]
26	[-79.05548138403095, -2]
27	[-116.68126480706829, 0]
27	[-80.49589701631167, -1]
27	[-78.50073864199021, -2]
28	[-116.68126480706829, 0]
28	[-80.49589701631167, -1]
28	[-80.49589701631167, -1]
28	[-78.50073864199021, -2]
29	[-116.68126480706829, 0]
29	[-80.44886292056205, -1]
29	[-78.50073864199021, -2]
30	[-116.68126480706829, 0]
30	[-80.44886292056205, -1]
30	[-78.12764150756463, -2]
31	[-116.68126480706829, 0]
31	[-79.06302348205438, -1]
31	[-78.12764150756463, -2]
32	[-116.68126480706829, 0]
32	[-79.06302348205438, -1]
32	[-78.12764150756463, -2]
33	[-116.68126480706829, 0]
33	[-73.36909480111264, -1]
34	[-116.68126480706829, 0]
34	[-73.36909480111264, -1]
35	[-116.68126480706829, 0]
35	[-71.449422411353, -1]
36	[-116.68126480706829, 0]
36	[-71.449422411353, -1]
37	[-116.68126480706829, 0]
37	[-71.449422411353, -1]
38	[-116.68126480706829, 0]
38	[-71.449422411353, -1]
39	[-115.88239317681631, 0]
39	[-71.449422411353, -1]
40	[-107.99325680256723, 0]
40	[-71.44294492625565, -1]
41	[-107.99325680256723, 0]
41	[-71.44294492625565, -1]
42	[-107.99325680256723, 0]
42	[-71.44294492625565, -1]
43	[-106.47048834530051, 0]
43	[-71.34704191561245, -1]
44	[-106.47048834530051, 0]
44	[-71.14170254461855, -1]
45	[-106.47048834530051, 0]
45	[-71.14170254461855, -1]
46	[-106.47048834530051, 0]
46	[-71.14170254461855, -1]
47	[-106.47048834530051, 0]
47	[-70.41469056821471, -1]
48	[-104.96196927066592, 0]
48	[-70.41469056821471, -1]
49	[-104.25434524716154, 0]
49	[-70.41469056821471, -1]
50	[-104.25434524716154, 0]
50	[-70.41469056821471, -1]
51	[-104.25434524716154, 0]
51	[-69.77305323617442, -1]
52	[-104.25434524716154, 0]
52	[-69.77305323617442, -1]
53	[-104.25434524716154, 0]
53	[-69.77305323617442, -1]
54	[-104.25434524716154, 0]
54	[-69.75093456219055, -1]
55	[-104.25434524716154, 0]
55	[-69.75093456219055, -1]
56	[-104.25434524716154, 0]
56	[-69.75093456219055, -1]
57	[-104.25434524716154, 0]
57	[-69.75093456219055, -1]
58	[-104.2496930321034, 0]
58	[-69.7143465646584, -1]
59	[-104.2496930321034, 0]
59	[-69.52643749391127, -1]
60	[-104.07049852703305, 0]
60	[-69.50963833764625, -1]
61	[-104.07049852703305, 0]
61	[-69.48545302391491, -1]
62	[-104.07049852703305, 0]
62	[-65.39029033677666, -1]
63	[-103.72461125726014, 0]
63	[-65.39029033677666, -1]
64	[-103.72461125726014, 0]
64	[-65.39029033677666, -1]
65	[-103.72461125726014, 0]
65	[-65.39029033677666, -1]
66	[-103.72461125726014, 0]
66	[-65.39029033677666, -1]
67	[-103.72461125726014, 0]
67	[-65.39029033677666, -1]
68	[-102.13184407675082, 0]
68	[-64.1817268892051, -1]
69	[-102.13184407675082, 0]
69	[-64.1817268892051, -1]
70	[-102.13184407675082, 0]
70	[-64.1817268892051, -1]
71	[-102.13184407675082, 0]
71	[-64.1817268892051, -1]
72	[-102.13184407675082, 0]
72	[-64.1817268892051, -1]
72	[-64.1817268892051, -1]
73	[-102.13184407675082, 0]
73	[-64.1817268892051, -1]
73	[-64.1817268892051, -1]
73	[-64.1817268892051, -1]
74	[-102.13184407675082, 0]
74	[-64.1817268892051, -1]
74	[-64.1817268892051, -1]
74	[-64.1817268892051, -1]
74	[-64.1817268892051, -1]
75	[-102.13184407675082, 0]
75	[-64.1817268892051, -1]
75	[-64.1817268892051, -1]
75	[-64.1817268892051, -1]
75	[-64.1817268892051, -1]
75	[-64.1817268892051, -1]
76	[-102.13184407675082, 0]
76	[-64.17426585210896, -1]
77	[-102.13184407675082, 0]
77	[-64.17426585210896, -1]
78	[-102.12207036689551, 0]
78	[-64.17426585210896, -1]
79	[-102.12207036689551, 0]
79	[-64.17426585210896, -1]
80	[-102.02013695953582, 0]
80	[-63.83485168751705, -1]
81	[-102.02013695953582, 0]
81	[-63.83485168751705, -1]
82	[-102.02013695953582, 0]
82	[-63.83485168751705, -1]
83	[-102.02013695953582, 0]
83	[-63.83485168751705, -1]
84	[-102.02013695953582, 0]
84	[-63.83485168751705, -1]
85	[-102.02013695953582, 0]
85	[-63.83485168751705, -1]
86	[-102.02013695953582, 0]
86	[-63.83485168751705, -1]
87	[-102.02013695953582, 0]
87	[-63.66744179838809, -1]
88	[-102.02013695953582, 0]
88	[-63.66744179838809, -1]
89	[-102.02013695953582, 0]
89	[-63.66744179838809, -1]
90	[-102.02013695953582, 0]
90	[-63.66744179838809, -1]
91	[-102.02013695953582, 0]
91	[-63.66744179838809, -1]
92	[-102.02013695953582, 0]
92	[-63.649453005859826, -1]
93	[-99.72569931357815, 0]
93	[-63.649453005859826, -1]
93	[-63.649453005859826, -1]
93	[-63.649453005859826, -1]
94	[-99.27383334435987, 0]
94	[-63.649453005859826, -1]
94	[-63.649453005859826, -1]
94	[-63.649453005859826, -1]
95	[-99.27383334435987, 0]
95	[-63.649453005859826, -1]
95	[-63.649453005859826, -1]
95	[-63.649453005859826, -1]
95	[-63.649453005859826, -1]
96	[-94.40494885428917, 0]
96	[-63.649453005859826, -1]
96	[-63.649453005859826, -1]
96	[-63.649453005859826, -1]
96	[-63.649453005859826, -1]
96	[-63.649453005859826, -1]
97	[-88.60596029409271, 0]
97	[-63.649453005859826, -1]
97	[-63.649453005859826, -1]
97	[-63.649453005859826, -1]
97	[-63.649453005859826, -1]
97	[-63.649453005859826, -1]
98	[-88.60596029409271, 0]
98	[-63.649453005859826, -1]
98	[-63.649453005859826, -1]
98	[-63.649453005859826, -1]
98	[-63.649453005859826, -1]
98	[-63.649453005859826, -1]
99	[-88.60596029409271, 0]
99	[-63.649453005859826, -1]
99	[-63.649453005859826, -1]
99	[-63.649453005859826, -1]
99	[-63.649453005859826, -1]
99	[-63.649453005859826, -1]
99	[-63.649453005859826, -1]
100	[-88.60596029409271, 0]
100	[-63.649453005859826, -1]
100	[-63.649453005859826, -1]
100	[-63.649453005859826, -1]
100	[-63.649453005859826, -1]
100	[-63.649453005859826, -1]
100	[-63.649453005859826, -1]
101	[-88.60596029409271, 0]
101	[-63.63124281793236, -1]
102	[-88.60596029409271, 0]
102	[-63.63124281793236, -1]
103	[-88.60596029409271, 0]
103	[-63.61213289152575, -1]
104	[-88.60596029409271, 0]
104	[-63.61213289152575, -1]
105	[-88.60596029409271, 0]
105	[-63.61213289152575, -1]
106	[-88.60596029409271, 0]
106	[-63.61213289152575, -1]
107	[-88.60596029409271, 0]
107	[-63.61213289152575, -1]
108	[-87.35637619739535, 0]
108	[-63.61213289152575, -1]
109	[-87.35637619739535, 0]
109	[-63.61213289152575, -1]
110	[-87.35637619739535, 0]
110	[-63.61213289152575, -1]
111	[-87.35637619739535, 0]
111	[-63.61213289152575, -1]
111	[-63.61213289152575, -1]
112	[-87.35637619739535, 0]
112	[-63.61213289152575, -1]
112	[-63.61213289152575, -1]
112	[-63.61213289152575, -1]
113	[-87.35637619739535, 0]
113	[-63.61213289152575, -1]
113	[-63.61213289152575, -1]
113	[-63.61213289152575, -1]
114	[-87.35637619739535, 0]
114	[-63.61213289152575, -1]
114	[-63.61213289152575, -1]
114	[-63.61213289152575, -1]
115	[-87.18242221585052, 0]
115	[-63.61213289152575, -1]
115	[-63.61213289152575, -1]
115	[-63.61213289152575, -1]
116	[-87.18242221585052, 0]
116	[-63.603622641906966, -1]
117	[-73.55943091365194, 0]
117	[-63.603622641906966, -1]
118	[-73.20347274477437, 0]
118	[-63.603622641906966, -1]
119	[-73.20347274477437, 0]
119	[-63.6021204510939, -1]
120	[-68.09137217390087, 0]
120	[-63.6021204510939, -1]
121	[-68.09137217390087, 0]
121	[-63.6021204510939, -1]
122	[-68.09137217390087, 0]
122	[-63.59917537580608, -1]
123	[-68.09137217390087, 0]
123	[-63.59917537580608, -1]
124	[-68.09137217390087, 0]
124	[-63.59917537580608, -1]
125	[-68.09137217390087, 0]
125	[-63.59917537580608, -1]
126	[-67.84492873484245, 0]
126	[-63.59917537580608, -1]
127	[-67.84492873484245, 0]
127	[-67.84492873484245, 0]
127	[-63.59917537580608, -1]
128	[-67.84492873484245, 0]
128	[-67.84492873484245, 0]
128	[-63.59917537580608, -1]
129	[-67.84492873484245, 0]
129	[-67.84492873484245, 0]
129	[-67.84492873484245, 0]
129	[-63.58417532582017, -1]
130	[-67.84492873484245, 0]
130	[-67.84492873484245, 0]
130	[-67.84492873484245, 0]
130	[-67.84492873484245, 0]
130	[-67.84492873484245, 0]
130	[-63.58417532582017, -1]
131	[-67.84492873484245, 0]
131	[-67.84492873484245, 0]
131	[-67.84492873484245, 0]
131	[-67.84492873484245, 0]
131	[-67.84492873484245, 0]
131	[-67.84492873484245, 0]
131	[-67.84492873484245, 0]
131	[-63.58417532582017, -1]
132	[-67.80329500298276, 0]
132	[-63.58417532582017, -1]
133	[-67.80329500298276, 0]
133	[-63.58417532582017, -1]
134	[-67.71713939543419, 0]
134	[-63.58417532582017, -1]
135	[-67.71713939543419, 0]
135	[-63.56931608086155, -1]
136	[-67.69629699251502, 0]
136	[-63.56240912506723, -1]
137	[-67.69629699251502, 0]
137	[-63.56240912506723, -1]
138	[-67.69627625571634, 0]
138	[-63.56240912506723, -1]
139	[-67.69627625571634, 0]
139	[-63.56240912506723, -1]
140	[-64.13097880113385, 0]
140	[-63.56240912506723, -1]
141	[-64.08371357421686, 0]
141	[-63.56240912506723, -1]
142	[-64.08371357421686, 0]
142	[-63.56240912506723, -1]
143	[-64.0304310433624, 0]
143	[-63.56240912506723, -1]
144	[-64.0304310433624, 0]
144	[-63.56240912506723, -1]
145	[-64.0304310433624, 0]
145	[-63.529033317760856, -1]
146	[-64.0304310433624, 0]
146	[-64.0304310433624, 0]
146	[-63.529033317760856, -1]
146	[-63.529033317760856, -1]
147	[-64.0304310433624, 0]
147	[-64.0304310433624, 0]
147	[-63.529033317760856, -1]
147	[-63.529033317760856, -1]
148	[-64.0304310433624, 0]
148	[-64.0304310433624, 0]
148	[-63.50249584711989, -1]
149	[-64.0304310433624, 0]
149	[-64.0304310433624, 0]
149	[-63.50249584711989, -1]
150	[-64.0304310433624, 0]
150	[-64.0304310433624, 0]
150	[-63.50249584711989, -1]
151	[-64.0304310433624, 0]
151	[-64.0304310433624, 0]
151	[-63.50249584711989, -1]
152	[-64.0304310433624, 0]
152	[-64.0304310433624, 0]
152	[-63.50249584711989, -1]
153	[-64.0304310433624, 0]
153	[-64.0304310433624, 0]
153	[-63.50249584711989, -1]
154	[-64.0304310433624, 0]
154	[-64.0304310433624, 0]
154	[-63.50249584711989, -1]
155	[-64.0304310433624, 0]
155	[-64.0304310433624, 0]
155	[-64.0304310433624, 0]
155	[-63.50249584711989, -1]
156	[-64.0304310433624, 0]
156	[-64.0304310433624, 0]
156	[-64.0304310433624, 0]
156	[-64.0304310433624, 0]
156	[-63.48850122942004, -1]
157	[-64.0304310433624, 0]
157	[-64.0304310433624, 0]
157	[-64.0304310433624, 0]
157	[-64.0304310433624, 0]
157	[-63.48850122942004, -1]
158	[-64.0304310433624, 0]
158	[-64.0304310433624, 0]
158	[-64.0304310433624, 0]
158	[-64.0304310433624, 0]
158	[-63.48850122942004, -1]
159	[-64.0304310433624, 0]
159	[-64.0304310433624, 0]
159	[-64.0304310433624, 0]
159	[-64.0304310433624, 0]
159	[-64.0304310433624, 0]
159	[-63.48850122942004, -1]
160	[-64.0304310433624, 0]
160	[-64.0304310433624, 0]
160	[-64.0304310433624, 0]
160	[-64.0304310433624, 0]
160	[-64.0304310433624, 0]
160	[-64.0304310433624, 0]
160	[-63.48850122942004, -1]
161	[-64.0304310433624, 0]
161	[-64.0304310433624, 0]
161	[-64.0304310433624, 0]
161	[-64.0304310433624, 0]
161	[-64.0304310433624, 0]
161	[-64.0304310433624, 0]
161	[-63.48850122942004, -1]
162	[-64.0304310433624, 0]
162	[-64.0304310433624, 0]
162	[-64.0304310433624, 0]
162	[-64.0304310433624, 0]
162	[-64.0304310433624, 0]
162	[-64.0304310433624, 0]
162	[-64.0304310433624, 0]
162	[-63.48850122942004, -1]
163	[-64.0304310433624, 0]
163	[-64.0304310433624, 0]
163	[-64.0304310433624, 0]
163	[-64.0304310433624, 0]
163	[-64.0304310433624, 0]
163	[-64.0304310433624, 0]
163	[-64.0304310433624, 0]
163	[-64.0304310433624, 0]
163	[-63.48850122942004, -1]
164	[-64.0304310433624, 0]
164	[-64.0304310433624, 0]
164	[-64.0304310433624, 0]
164	[-64.0304310433624, 0]
164	[-64.0304310433624, 0]
164	[-64.0304310433624, 0]
164	[-64.0304310433624, 0]
164	[-64.0304310433624, 0]
164	[-63.48850122942004, -1]
165	[-64.0304310433624, 0]
165	[-64.0304310433624, 0]
165	[-64.0304310433624, 0]
165	[-64.0304310433624, 0]
165	[-64.0304310433624, 0]
165	[-64.0304310433624, 0]
165	[-64.0304310433624, 0]
165	[-64.0304310433624, 0]
165	[-64.0304310433624, 0]
165	[-64.0304310433624, 0]
165	[-63.48850122942004, -1]
166	[-64.0304310433624, 0]
166	[-64.0304310433624, 0]
166	[-64.0304310433624, 0]
166	[-64.0304310433624, 0]
166	[-64.0304310433624, 0]
166	[-64.0304310433624, 0]
166	[-64.0304310433624, 0]
166	[-64.0304310433624, 0]
166	[-64.0304310433624, 0]
166	[-64.0304310433624, 0]
166	[-63.48850122942004, -1]
166	[-63.48850122942004, -1]
167	[-64.0304310433624, 0]
167	[-64.0304310433624, 0]
167	[-64.0304310433624, 0]
167	[-64.0304310433624, 0]
167	[-64.0304310433624, 0]
167	[-64.0304310433624, 0]
167	[-64.0304310433624, 0]
167	[-64.0304310433624, 0]
167	[-64.0304310433624, 0]
167	[-64.0304310433624, 0]
167	[-63.48850122942004, -1]
167	[-63.48850122942004, -1]
168	[-64.0304310433624, 0]
168	[-64.0304310433624, 0]
168	[-64.0304310433624, 0]
168	[-64.0304310433624, 0]
168	[-64.0304310433624, 0]
168	[-64.0304310433624, 0]
168	[-64.0304310433624, 0]
168	[-64.0304310433624, 0]
168	[-64.0304310433624, 0]
168	[-64.0304310433624, 0]
168	[-64.0304310433624, 0]
168	[-64.0304310433624, 0]
168	[-63.48850122942004, -1]
168	[-63.48850122942004, -1]
168	[-63.48850122942004, -1]
169	[-64.0304310433624, 0]
169	[-64.0304310433624, 0]
169	[-64.0304310433624, 0]
169	[-64.0304310433624, 0]
169	[-64.0304310433624, 0]
169	[-64.0304310433624, 0]
169	[-64.0304310433624, 0]
169	[-64.0304310433624, 0]
169	[-64.0304310433624, 0]
169	[-64.0304310433624, 0]
169	[-64.0304310433624, 0]
169	[-64.0304310433624, 0]
169	[-64.0304310433624, 0]
169	[-63.48850122942004, -1]
169	[-63.48850122942004, -1]
169	[-63.48850122942004, -1]
169	[-63.48850122942004, -1]
170	[-64.0304310433624, 0]
170	[-64.0304310433624, 0]
170	[-64.0304310433624, 0]
170	[-64.0304310433624, 0]
170	[-64.0304310433624, 0]
170	[-64.0304310433624, 0]
170	[-64.0304310433624, 0]
170	[-64.0304310433624, 0]
170	[-64.0304310433624, 0]
170	[-64.0304310433624, 0]
170	[-64.0304310433624, 0]
170	[-64.0304310433624, 0]
170	[-64.0304310433624, 0]
170	[-64.0304310433624, 0]
170	[-64.0304310433624, 0]
170	[-63.48850122942004, -1]
170	[-63.48850122942004, -1]
170	[-63.48850122942004, -1]
170	[-63.48850122942004, -1]
170	[-63.48850122942004, -1]
170	[-63.48850122942004, -1]
171	[-64.0304310433624, 0]
171	[-64.0304310433624, 0]
171	[-64.0304310433624, 0]
171	[-64.0304310433624, 0]
171	[-64.0304310433624, 0]
171	[-64.0304310433624, 0]
171	[-64.0304310433624, 0]
171	[-64.0304310433624, 0]
171	[-64.0304310433624, 0]
171	[-64.0304310433624, 0]
171	[-64.0304310433624, 0]
171	[-64.0304310433624, 0]
171	[-64.0304310433624, 0]
171	[-64.0304310433624, 0]
171	[-64.0304310433624, 0]
171	[-64.0304310433624, 0]
171	[-64.0304310433624, 0]
171	[-64.0304310433624, 0]
171	[-64.0304310433624, 0]
171	[-63.48850122942004, -1]
171	[-63.48850122942004, -1]
171	[-63.48850122942004, -1]
171	[-63.48850122942004, -1]
171	[-63.48850122942004, -1]
171	[-63.48850122942004, -1]
172	[-64.0304310433624, 0]
172	[-64.0304310433624, 0]
172	[-64.0304310433624, 0]
172	[-64.0304310433624, 0]
172	[-64.0304310433624, 0]
172	[-64.0304310433624, 0]
172	[-64.0304310433624, 0]
172	[-64.0304310433624, 0]
172	[-64.0304310433624, 0]
172	[-64.0304310433624, 0]
172	[-64.0304310433624, 0]
172	[-64.0304310433624, 0]
172	[-64.0304310433624, 0]
172	[-64.0304310433624, 0]
172	[-64.0304310433624, 0]
172	[-64.0304310433624, 0]
172	[-64.0304310433624, 0]
172	[-64.0304310433624, 0]
172	[-64.0304310433624, 0]
172	[-63.48850122942004, -1]
172	[-63.48850122942004, -1]
172	[-63.48850122942004, -1]
172	[-63.48850122942004, -1]
172	[-63.48850122942004, -1]
172	[-63.48850122942004, -1]
173	[-64.0304310433624, 0]
173	[-64.0304310433624, 0]
173	[-64.0304310433624, 0]
173	[-64.0304310433624, 0]
173	[-64.0304310433624, 0]
173	[-64.0304310433624, 0]
173	[-64.0304310433624, 0]
173	[-64.0304310433624, 0]
173	[-64.0304310433624, 0]
173	[-64.0304310433624, 0]
173	[-64.0304310433624, 0]
173	[-64.0304310433624, 0]
173	[-64.0304310433624, 0]
173	[-64.0304310433624, 0]
173	[-64.0304310433624, 0]
173	[-64.0304310433624, 0]
173	[-64.0304310433624, 0]
173	[-64.0304310433624, 0]
173	[-64.0304310433624, 0]
173	[-64.0304310433624, 0]
173	[-63.48850122942004, -1]
173	[-63.48850122942004, -1]
173	[-63.48850122942004, -1]
173	[-63.48850122942004, -1]
173	[-63.48850122942004, -1]
173	[-63.48850122942004, -1]
173	[-63.48850122942004, -1]
174	[-64.0304310433624, 0]
174	[-64.0304310433624, 0]
174	[-64.0304310433624, 0]
174	[-64.0304310433624, 0]
174	[-64.0304310433624, 0]
174	[-64.0304310433624, 0]
174	[-64.0304310433624, 0]
174	[-64.0304310433624, 0]
174	[-64.0304310433624, 0]
174	[-64.0304310433624, 0]
174	[-64.0304310433624, 0]
174	[-64.0304310433624, 0]
174	[-64.0304310433624, 0]
174	[-64.0304310433624, 0]
174	[-64.0304310433624, 0]
174	[-64.0304310433624, 0]
174	[-64.0304310433624, 0]
174	[-64.0304310433624, 0]
174	[-64.0304310433624, 0]
174	[-64.0304310433624, 0]
174	[-64.0304310433624, 0]
174	[-63.48850122942004, -1]
174	[-63.48850122942004, -1]
174	[-63.48850122942004, -1]
174	[-63.48850122942004, -1]
174	[-63.48850122942004, -1]
174	[-63.48850122942004, -1]
174	[-63.48850122942004, -1]
174	[-63.48850122942004, -1]
175	[-64.0304310433624, 0]
175	[-64.0304310433624, 0]
175	[-64.0304310433624, 0]
175	[-64.0304310433624, 0]
175	[-64.0304310433624, 0]
175	[-64.0304310433624, 0]
175	[-64.0304310433624, 0]
175	[-64.0304310433624, 0]
175	[-64.0304310433624, 0]
175	[-64.0304310433624, 0]
175	[-64.0304310433624, 0]
175	[-64.0304310433624, 0]
175	[-64.0304310433624, 0]
175	[-64.0304310433624, 0]
175	[-64.0304310433624, 0]
175	[-64.0304310433624, 0]
175	[-64.0304310433624, 0]
175	[-64.0304310433624, 0]
175	[-64.0304310433624, 0]
175	[-64.0304310433624, 0]
175	[-64.0304310433624, 0]
175	[-64.0304310433624, 0]
175	[-63.48850122942004, -1]
175	[-63.48850122942004, -1]
175	[-63.48850122942004, -1]
175	[-63.48850122942004, -1]
175	[-63.48850122942004, -1]
175	[-63.48850122942004, -1]
175	[-63.48850122942004, -1]
175	[-63.48850122942004, -1]
176	[-64.0304310433624, 0]
176	[-64.0304310433624, 0]
176	[-64.0304310433624, 0]
176	[-64.0304310433624, 0]
176	[-64.0304310433624, 0]
176	[-64.0304310433624, 0]
176	[-64.0304310433624, 0]
176	[-64.0304310433624, 0]
176	[-64.0304310433624, 0]
176	[-64.0304310433624, 0]
176	[-64.0304310433624, 0]
176	[-64.0304310433624, 0]
176	[-64.0304310433624, 0]
176	[-64.0304310433624, 0]
176	[-64.0304310433624, 0]
176	[-64.0304310433624, 0]
176	[-64.0304310433624, 0]
176	[-64.0304310433624, 0]
176	[-64.0304310433624, 0]
176	[-64.0304310433624, 0]
176	[-64.0304310433624, 0]
176	[-64.0304310433624, 0]
176	[-64.0304310433624, 0]
176	[-64.0304310433624, 0]
176	[-64.0304310433624, 0]
176	[-63.48850122942004, -1]
176	[-63.48850122942004, -1]
176	[-63.48850122942004, -1]
176	[-63.48850122942004, -1]
176	[-63.48850122942004, -1]
176	[-63.48850122942004, -1]
176	[-63.48850122942004, -1]
176	[-63.48850122942004, -1]
176	[-63.48850122942004, -1]
177	[-64.0304310433624, 0]
177	[-64.0304310433624, 0]
177	[-64.0304310433624, 0]
177	[-64.0304310433624, 0]
177	[-64.0304310433624, 0]
177	[-64.0304310433624, 0]
177	[-64.0304310433624, 0]
177	[-64.0304310433624, 0]
177	[-64.0304310433624, 0]
177	[-64.0304310433624, 0]
177	[-64.0304310433624, 0]
177	[-64.0304310433624, 0]
177	[-64.0304310433624, 0]
177	[-64.0304310433624, 0]
177	[-64.0304310433624, 0]
177	[-64.0304310433624, 0]
177	[-64.0304310433624, 0]
177	[-64.0304310433624, 0]
177	[-64.0304310433624, 0]
177	[-64.0304310433624, 0]
177	[-64.0304310433624, 0]
177	[-64.0304310433624, 0]
177	[-64.0304310433624, 0]
177	[-64.0304310433624, 0]
177	[-64.0304310433624, 0]
177	[-64.0304310433624, 0]
177	[-64.0304310433624, 0]
177	[-64.0304310433624, 0]
177	[-64.0304310433624, 0]
177	[-64.0304310433624, 0]
177	[-63.48850122942004, -1]
177	[-63.48850122942004, -1]
177	[-63.48850122942004, -1]
177	[-63.48850122942004, -1]
177	[-63.48850122942004, -1]
177	[-63.48850122942004, -1]
177	[-63.48850122942004, -1]
177	[-63.48850122942004, -1]
177	[-63.48850122942004, -1]
178	[-64.0304310433624, 0]
178	[-64.0304310433624, 0]
178	[-64.0304310433624, 0]
178	[-64.0304310433624, 0]
178	[-64.0304310433624, 0]
178	[-64.0304310433624, 0]
178	[-64.0304310433624, 0]
178	[-64.0304310433624, 0]
178	[-64.0304310433624, 0]
178	[-64.0304310433624, 0]
178	[-64.0304310433624, 0]
178	[-64.0304310433624, 0]
178	[-64.0304310433624, 0]
178	[-64.0304310433624, 0]
178	[-64.0304310433624, 0]
178	[-64.0304310433624, 0]
178	[-64.0304310433624, 0]
178	[-64.0304310433624, 0]
178	[-64.0304310433624, 0]
178	[-64.0304310433624, 0]
178	[-64.0304310433624, 0]
178	[-64.0304310433624, 0]
178	[-64.0304310433624, 0]
178	[-64.0304310433624, 0]
178	[-64.0304310433624, 0]
178	[-64.0304310433624, 0]
178	[-64.0304310433624, 0]
178	[-64.0304310433624, 0]
178	[-64.0304310433624, 0]
178	[-64.0304310433624, 0]
178	[-64.0304310433624, 0]
178	[-64.0304310433624, 0]
178	[-64.0304310433624, 0]
178	[-64.0304310433624, 0]
178	[-63.48850122942004, -1]
178	[-63.48850122942004, -1]
178	[-63.48850122942004, -1]
178	[-63.48850122942004, -1]
178	[-63.48850122942004, -1]
178	[-63.48850122942004, -1]
178	[-63.48850122942004, -1]
178	[-63.48850122942004, -1]
178	[-63.48850122942004, -1]
178	[-63.48850122942004, -1]
179	[-64.0304310433624, 0]
179	[-64.0304310433624, 0]
179	[-64.0304310433624, 0]
179	[-64.0304310433624, 0]
179	[-64.0304310433624, 0]
179	[-64.0304310433624, 0]
179	[-64.0304310433624, 0]
179	[-64.0304310433624, 0]
179	[-64.0304310433624, 0]
179	[-64.0304310433624, 0]
179	[-64.0304310433624, 0]
179	[-64.0304310433624, 0]
179	[-64.0304310433624, 0]
179	[-64.0304310433624, 0]
179	[-64.0304310433624, 0]
179	[-64.0304310433624, 0]
179	[-64.0304310433624, 0]
179	[-64.0304310433624, 0]
179	[-64.0304310433624, 0]
179	[-64.0304310433624, 0]
179	[-64.0304310433624, 0]
179	[-64.0304310433624, 0]
179	[-64.0304310433624, 0]
179	[-64.0304310433624, 0]
179	[-64.0304310433624, 0]
179	[-64.0304310433624, 0]
179	[-64.0304310433624, 0]
179	[-64.0304310433624, 0]
179	[-64.0304310433624, 0]
179	[-64.0304310433624, 0]
179	[-64.0304310433624, 0]
179	[-64.0304310433624, 0]
179	[-64.0304310433624, 0]
179	[-64.0304310433624, 0]
179	[-64.0304310433624, 0]
179	[-64.0304310433624, 0]
179	[-64.0304310433624, 0]
179	[-63.48850122942004, -1]
179	[-63.48850122942004, -1]
179	[-63.48850122942004, -1]
179	[-63.48850122942004, -1]
179	[-63.48850122942004, -1]
179	[-63.48850122942004, -1]
179	[-63.48850122942004, -1]
179	[-63.48850122942004, -1]
179	[-63.48850122942004, -1]
179	[-63.48850122942004, -1]
179	[-63.48850122942004, -1]
180	[-64.0304310433624, 0]
180	[-64.0304310433624, 0]
180	[-64.0304310433624, 0]
180	[-64.0304310433624, 0]
180	[-64.0304310433624, 0]
180	[-64.0304310433624, 0]
180	[-64.0304310433624, 0]
180	[-64.0304310433624, 0]
180	[-64.0304310433624, 0]
180	[-64.0304310433624, 0]
180	[-64.0304310433624, 0]
180	[-64.0304310433624, 0]
180	[-64.0304310433624, 0]
180	[-64.0304310433624, 0]
180	[-64.0304310433624, 0]
180	[-64.0304310433624, 0]
180	[-64.0304310433624, 0]
180	[-64.0304310433624, 0]
180	[-64.0304310433624, 0]
180	[-64.0304310433624, 0]
180	[-64.0304310433624, 0]
180	[-64.0304310433624, 0]
180	[-64.0304310433624, 0]
180	[-64.0304310433624, 0]
180	[-64.0304310433624, 0]
180	[-64.0304310433624, 0]
180	[-64.0304310433624, 0]
180	[-64.0304310433624, 0]
180	[-64.0304310433624, 0]
180	[-64.0304310433624, 0]
180	[-64.0304310433624, 0]
180	[-64.0304310433624, 0]
180	[-64.0304310433624, 0]
180	[-64.0304310433624, 0]
180	[-64.0304310433624, 0]
180	[-64.0304310433624, 0]
180	[-64.0304310433624, 0]
180	[-64.0304310433624, 0]
180	[-64.0304310433624, 0]
180	[-63.48850122942004, -1]
180	[-63.48850122942004, -1]
180	[-63.48850122942004, -1]
180	[-63.48850122942004, -1]
180	[-63.48850122942004, -1]
180	[-63.48850122942004, -1]
180	[-63.48850122942004, -1]
180	[-63.48850122942004, -1]
180	[-63.48850122942004, -1]
180	[-63.48850122942004, -1]
180	[-63.48850122942004, -1]
180	[-63.48850122942004, -1]
181	[-64.0272264479377, 0]
181	[-63.48850122942004, -1]
181	[-63.48850122942004, -1]
181	[-63.48850122942004, -1]
181	[-63.48850122942004, -1]
181	[-63.48850122942004, -1]
181	[-63.48850122942004, -1]
181	[-63.48850122942004, -1]
181	[-63.48850122942004, -1]
181	[-63.48850122942004, -1]
181	[-63.48850122942004, -1]
181	[-63.48850122942004, -1]
181	[-63.48850122942004, -1]
182	[-64.0272264479377, 0]
182	[-63.48850122942004, -1]
182	[-63.48850122942004, -1]
182	[-63.48850122942004, -1]
182	[-63.48850122942004, -1]
182	[-63.48850122942004, -1]
182	[-63.48850122942004, -1]
182	[-63.48850122942004, -1]
182	[-63.48850122942004, -1]
182	[-63.48850122942004, -1]
182	[-63.48850122942004, -1]
182	[-63.48850122942004, -1]
182	[-63.48850122942004, -1]
182	[-63.48850122942004, -1]
183	[-64.0272264479377, 0]
183	[-63.48850122942004, -1]
183	[-63.48850122942004, -1]
183	[-63.48850122942004, -1]
183	[-63.48850122942004, -1]
183	[-63.48850122942004, -1]
183	[-63.48850122942004, -1]
183	[-63.48850122942004, -1]
183	[-63.48850122942004, -1]
183	[-63.48850122942004, -1]
183	[-63.48850122942004, -1]
183	[-63.48850122942004, -1]
183	[-63.48850122942004, -1]
183	[-63.48850122942004, -1]
184	[-64.0272264479377, 0]
184	[-63.48850122942004, -1]
184	[-63.48850122942004, -1]
184	[-63.48850122942004, -1]
184	[-63.48850122942004, -1]
184	[-63.48850122942004, -1]
184	[-63.48850122942004, -1]
184	[-63.48850122942004, -1]
184	[-63.48850122942004, -1]
184	[-63.48850122942004, -1]
184	[-63.48850122942004, -1]
184	[-63.48850122942004, -1]
184	[-63.48850122942004, -1]
184	[-63.48850122942004, -1]
184	[-63.48850122942004, -1]
184	[-63.48850122942004, -1]
185	[-64.0272264479377, 0]
185	[-64.0272264479377, 0]
185	[-63.354573956319015, -1]
186	[-64.0272264479377, 0]
186	[-64.0272264479377, 0]
186	[-63.32950461168172, -1]
187	[-64.0272264479377, 0]
187	[-64.0272264479377, 0]
187	[-63.32950461168172, -1]
188	[-64.0272264479377, 0]
188	[-64.0272264479377, 0]
188	[-64.0272264479377, 0]
188	[-63.32950461168172, -1]
189	[-64.0272264479377, 0]
189	[-64.0272264479377, 0]
189	[-64.0272264479377, 0]
189	[-64.0272264479377, 0]
189	[-64.0272264479377, 0]
189	[-63.32950461168172, -1]
190	[-64.02574389241263, 0]
190	[-63.3201409626811, -1]
191	[-64.02574389241263, 0]
191	[-63.3201409626811, -1]
192	[-64.02069677466898, 0]
192	[-63.3201409626811, -1]
193	[-64.02069677466898, 0]
193	[-63.3201409626811, -1]
194	[-64.02069677466898, 0]
194	[-63.3201409626811, -1]
195	[-64.02069677466898, 0]
195	[-63.3201409626811, -1]
195	[-63.3201409626811, -1]
196	[-64.0134303339154, 0]
196	[-63.3201409626811, -1]
196	[-63.3201409626811, -1]
196	[-63.3201409626811, -1]
197	[-64.0134303339154, 0]
197	[-63.3201409626811, -1]
197	[-63.3201409626811, -1]
197	[-63.3201409626811, -1]
197	[-63.3201409626811, -1]
197	[-63.3201409626811, -1]
198	[-64.0134303339154, 0]
198	[-63.3201409626811, -1]
198	[-63.3201409626811, -1]
198	[-63.3201409626811, -1]
198	[-63.3201409626811, -1]
198	[-63.3201409626811, -1]
199	[-64.0134303339154, 0]
199	[-63.3201409626811, -1]
199	[-63.3201409626811, -1]
199	[-63.3201409626811, -1]
199	[-63.3201409626811, -1]
199	[-63.3201409626811, -1]
199	[-63.3201409626811, -1]
200	[-64.0134303339154, 0]
200	[-63.3201409626811, -1]
200	[-63.3201409626811, -1]
200	[-63.3201409626811, -1]
200	[-63.3201409626811, -1]
200	[-63.3201409626811, -1]
200	[-63.3201409626811, -1]
201	[-64.0134303339154, 0]
201	[-63.3201409626811, -1]
201	[-63.3201409626811, -1]
201	[-63.3201409626811, -1]
201	[-63.3201409626811, -1]
201	[-63.3201409626811, -1]
201	[-63.3201409626811, -1]
202	[-64.0134303339154, 0]
202	[-63.3201409626811, -1]
202	[-63.3201409626811, -1]
202	[-63.3201409626811, -1]
202	[-63.3201409626811, -1]
202	[-63.3201409626811, -1]
202	[-63.3201409626811, -1]
202	[-63.3201409626811, -1]
202	[-63.3201409626811, -1]
202	[-63.3201409626811, -1]
203	[-64.0134303339154, 0]
203	[-63.3201409626811, -1]
203	[-63.3201409626811, -1]
203	[-63.3201409626811, -1]
203	[-63.3201409626811, -1]
203	[-63.3201409626811, -1]
203	[-63.3201409626811, -1]
203	[-63.3201409626811, -1]
203	[-63.3201409626811, -1]
203	[-63.3201409626811, -1]
203	[-63.3201409626811, -1]
203	[-63.3201409626811, -1]
203	[-63.3201409626811, -1]
204	[-64.0134303339154, 0]
204	[-63.3201409626811, -1]
204	[-63.3201409626811, -1]
204	[-63.3201409626811, -1]
204	[-63.3201409626811, -1]
204	[-63.3201409626811, -1]
204	[-63.3201409626811, -1]
204	[-63.3201409626811, -1]
204	[-63.3201409626811, -1]
204	[-63.3201409626811, -1]
204	[-63.3201409626811, -1]
204	[-63.3201409626811, -1]
204	[-63.3201409626811, -1]
204	[-63.3201409626811, -1]
205	[-64.0134303339154, 0]
205	[-63.3201409626811, -1]
205	[-63.3201409626811, -1]
205	[-63.3201409626811, -1]
205	[-63.3201409626811, -1]
205	[-63.3201409626811, -1]
205	[-63.3201409626811, -1]
205	[-63.3201409626811, -1]
205	[-63.3201409626811, -1]
205	[-63.3201409626811, -1]
205	[-63.3201409626811, -1]
205	[-63.3201409626811, -1]
205	[-63.3201409626811, -1]
205	[-63.3201409626811, -1]
205	[-63.3201409626811, -1]
205	[-63.3201409626811, -1]
206	[-64.0134303339154, 0]
206	[-63.3201409626811, -1]
206	[-63.3201409626811, -1]
206	[-63.3201409626811, -1]
206	[-63.3201409626811, -1]
206	[-63.3201409626811, -1]
206	[-63.3201409626811, -1]
206	[-63.3201409626811, -1]
206	[-63.3201409626811, -1]
206	[-63.3201409626811, -1]
206	[-63.3201409626811, -1]
206	[-63.3201409626811, -1]
206	[-63.3201409626811, -1]
206	[-63.3201409626811, -1]
206	[-63.3201409626811, -1]
206	[-63.3201409626811, -1]
207	[-64.0134303339154, 0]
207	[-63.3201409626811, -1]
207	[-63.3201409626811, -1]
207	[-63.3201409626811, -1]
207	[-63.3201409626811, -1]
207	[-63.3201409626811, -1]
207	[-63.3201409626811, -1]
207	[-63.3201409626811, -1]
207	[-63.3201409626811, -1]
207	[-63.3201409626811, -1]
207	[-63.3201409626811, -1]
207	[-63.3201409626811, -1]
207	[-63.3201409626811, -1]
207	[-63.3201409626811, -1]
207	[-63.3201409626811, -1]
207	[-63.3201409626811, -1]
208	[-64.0134303339154, 0]
208	[-63.3201409626811, -1]
208	[-63.3201409626811, -1]
208	[-63.3201409626811, -1]
208	[-63.3201409626811, -1]
208	[-63.3201409626811, -1]
208	[-63.3201409626811, -1]
208	[-63.3201409626811, -1]
208	[-63.3201409626811, -1]
208	[-63.3201409626811, -1]
208	[-63.3201409626811, -1]
208	[-63.3201409626811, -1]
208	[-63.3201409626811, -1]
208	[-63.3201409626811, -1]
208	[-63.3201409626811, -1]
208	[-63.3201409626811, -1]
209	[-64.0134303339154, 0]
209	[-63.3201409626811, -1]
209	[-63.3201409626811, -1]
209	[-63.3201409626811, -1]
209	[-63.3201409626811, -1]
209	[-63.3201409626811, -1]
209	[-63.3201409626811, -1]
209	[-63.3201409626811, -1]
209	[-63.3201409626811, -1]
209	[-63.3201409626811, -1]
209	[-63.3201409626811, -1]
209	[-63.3201409626811, -1]
209	[-63.3201409626811, -1]
209	[-63.3201409626811, -1]
209	[-63.3201409626811, -1]
209	[-63.3201409626811, -1]
209	[-63.3201409626811, -1]
209	[-63.3201409626811, -1]
210	[-64.0134303339154, 0]
210	[-63.3201409626811, -1]
210	[-63.3201409626811, -1]
210	[-63.3201409626811, -1]
210	[-63.3201409626811, -1]
210	[-63.3201409626811, -1]
210	[-63.3201409626811, -1]
210	[-63.3201409626811, -1]
210	[-63.3201409626811, -1]
210	[-63.3201409626811, -1]
210	[-63.3201409626811, -1]
210	[-63.3201409626811, -1]
210	[-63.3201409626811, -1]
210	[-63.3201409626811, -1]
210	[-63.3201409626811, -1]
210	[-63.3201409626811, -1]
210	[-63.3201409626811, -1]
210	[-63.3201409626811, -1]
210	[-63.3201409626811, -1]
211	[-64.0134303339154, 0]
211	[-63.3201409626811, -1]
211	[-63.3201409626811, -1]
211	[-63.3201409626811, -1]
211	[-63.3201409626811, -1]
211	[-63.3201409626811, -1]
211	[-63.3201409626811, -1]
211	[-63.3201409626811, -1]
211	[-63.3201409626811, -1]
211	[-63.3201409626811, -1]
211	[-63.3201409626811, -1]
211	[-63.3201409626811, -1]
211	[-63.3201409626811, -1]
211	[-63.3201409626811, -1]
211	[-63.3201409626811, -1]
211	[-63.3201409626811, -1]
211	[-63.3201409626811, -1]
211	[-63.3201409626811, -1]
211	[-63.3201409626811, -1]
211	[-63.3201409626811, -1]
211	[-63.3201409626811, -1]
211	[-63.3201409626811, -1]
212	[-64.0134303339154, 0]
212	[-63.31367437439955, -1]
213	[-64.0134303339154, 0]
213	[-63.31367437439955, -1]
214	[-64.0134303339154, 0]
214	[-63.31367437439955, -1]
215	[-64.0134303339154, 0]
215	[-63.31367437439955, -1]
216	[-63.995234113738285, 0]
216	[-63.31367437439955, -1]
217	[-63.995234113738285, 0]
217	[-63.31367437439955, -1]
217	[-63.31367437439955, -1]
218	[-63.995234113738285, 0]
218	[-63.31367437439955, -1]
218	[-63.31367437439955, -1]
219	[-63.995234113738285, 0]
219	[-63.31367437439955, -1]
219	[-63.31367437439955, -1]
220	[-63.995234113738285, 0]
220	[-63.31367437439955, -1]
220	[-63.31367437439955, -1]
220	[-63.31367437439955, -1]
221	[-63.995234113738285, 0]
221	[-63.995234113738285, 0]
221	[-63.31367437439955, -1]
221	[-63.31367437439955, -1]
221	[-63.31367437439955, -1]
222	[-63.995234113738285, 0]
222	[-63.995234113738285, 0]
222	[-63.31367437439955, -1]
222	[-63.31367437439955, -1]
222	[-63.31367437439955, -1]
223	[-63.995234113738285, 0]
223	[-63.995234113738285, 0]
223	[-63.31367437439955, -1]
223	[-63.31367437439955, -1]
223	[-63.31367437439955, -1]
224	[-63.995234113738285, 0]
224	[-63.995234113738285, 0]
224	[-63.995234113738285, 0]
224	[-63.31367437439955, -1]
224	[-63.31367437439955, -1]
224	[-63.31367437439955, -1]
225	[-63.995234113738285, 0]
225	[-63.995234113738285, 0]
225	[-63.995234113738285, 0]
225	[-63.995234113738285, 0]
225	[-63.31367437439955, -1]
225	[-63.31367437439955, -1]
225	[-63.31367437439955, -1]
225	[-63.31367437439955, -1]
226	[-63.995234113738285, 0]
226	[-63.995234113738285, 0]
226	[-63.995234113738285, 0]
226	[-63.995234113738285, 0]
226	[-63.995234113738285, 0]
226	[-63.995234113738285, 0]
226	[-63.31367437439955, -1]
226	[-63.31367437439955, -1]
226	[-63.31367437439955, -1]
226	[-63.31367437439955, -1]
227	[-63.995234113738285, 0]
227	[-63.995234113738285, 0]
227	[-63.995234113738285, 0]
227	[-63.995234113738285, 0]
227	[-63.995234113738285, 0]
227	[-63.995234113738285, 0]
227	[-63.31367437439955, -1]
227	[-63.31367437439955, -1]
227	[-63.31367437439955, -1]
227	[-63.31367437439955, -1]
227	[-63.31367437439955, -1]
228	[-63.995234113738285, 0]
228	[-63.995234113738285, 0]
228	[-63.995234113738285, 0]
228	[-63.995234113738285, 0]
228	[-63.995234113738285, 0]
228	[-63.995234113738285, 0]
228	[-63.31367437439955, -1]
228	[-63.31367437439955, -1]
228	[-63.31367437439955, -1]
228	[-63.31367437439955, -1]
228	[-63.31367437439955, -1]
228	[-63.31367437439955, -1]
229	[-63.995234113738285, 0]
229	[-63.995234113738285, 0]
229	[-63.995234113738285, 0]
229	[-63.995234113738285, 0]
229	[-63.995234113738285, 0]
229	[-63.995234113738285, 0]
229	[-63.995234113738285, 0]
229	[-63.995234113738285, 0]
229	[-63.31367437439955, -1]
229	[-63.31367437439955, -1]
229	[-63.31367437439955, -1]
229	[-63.31367437439955, -1]
229	[-63.31367437439955, -1]
229	[-63.31367437439955, -1]
230	[-63.995234113738285, 0]
230	[-63.995234113738285, 0]
230	[-63.995234113738285, 0]
230	[-63.995234113738285, 0]
230	[-63.995234113738285, 0]
230	[-63.995234113738285, 0]
230	[-63.995234113738285, 0]
230	[-63.995234113738285, 0]
230	[-63.995234113738285, 0]
230	[-63.31367437439955, -1]
230	[-63.31367437439955, -1]
230	[-63.31367437439955, -1]
230	[-63.31367437439955, -1]
230	[-63.31367437439955, -1]
230	[-63.31367437439955, -1]
230	[-63.31367437439955, -1]
230	[-63.31367437439955, -1]
230	[-63.31367437439955, -1]
231	[-63.995234113738285, 0]
231	[-63.995234113738285, 0]
231	[-63.995234113738285, 0]
231	[-63.995234113738285, 0]
231	[-63.995234113738285, 0]
231	[-63.995234113738285, 0]
231	[-63.995234113738285, 0]
231	[-63.995234113738285, 0]
231	[-63.995234113738285, 0]
231	[-63.31367437439955, -1]
231	[-63.31367437439955, -1]
231	[-63.31367437439955, -1]
231	[-63.31367437439955, -1]
231	[-63.31367437439955, -1]
231	[-63.31367437439955, -1]
231	[-63.31367437439955, -1]
231	[-63.31367437439955, -1]
231	[-63.31367437439955, -1]
231	[-63.31367437439955, -1]
231	[-63.31367437439955, -1]
232	[-63.995234113738285, 0]
232	[-63.995234113738285, 0]
232	[-63.995234113738285, 0]
232	[-63.995234113738285, 0]
232	[-63.995234113738285, 0]
232	[-63.995234113738285, 0]
232	[-63.995234113738285, 0]
232	[-63.995234113738285, 0]
232	[-63.995234113738285, 0]
232	[-63.995234113738285, 0]
232	[-63.995234113738285, 0]
232	[-63.31367437439955, -1]
232	[-63.31367437439955, -1]
232	[-63.31367437439955, -1]
232	[-63.31367437439955, -1]
232	[-63.31367437439955, -1]
232	[-63.31367437439955, -1]
232	[-63.31367437439955, -1]
232	[-63.31367437439955, -1]
232	[-63.31367437439955, -1]
232	[-63.31367437439955, -1]
232	[-63.31367437439955, -1]
232	[-63.31367437439955, -1]
232	[-63.31367437439955, -1]
233	[-63.995234113738285, 0]
233	[-63.995234113738285, 0]
233	[-63.995234113738285, 0]
233	[-63.995234113738285, 0]
233	[-63.995234113738285, 0]
233	[-63.995234113738285, 0]
233	[-63.995234113738285, 0]
233	[-63.995234113738285, 0]
233	[-63.995234113738285, 0]
233	[-63.995234113738285, 0]
233	[-63.995234113738285, 0]
233	[-63.995234113738285, 0]
233	[-63.31367437439955, -1]
233	[-63.31367437439955, -1]
233	[-63.31367437439955, -1]
233	[-63.31367437439955, -1]
233	[-63.31367437439955, -1]
233	[-63.31367437439955, -1]
233	[-63.31367437439955, -1]
233	[-63.31367437439955, -1]
233	[-63.31367437439955, -1]
233	[-63.31367437439955, -1]
233	[-63.31367437439955, -1]
233	[-63.31367437439955, -1]
233	[-63.31367437439955, -1]
233	[-63.31367437439955, -1]
234	[-63.995234113738285, 0]
234	[-63.995234113738285, 0]
234	[-63.995234113738285, 0]
234	[-63.995234113738285, 0]
234	[-63.995234113738285, 0]
234	[-63.995234113738285, 0]
234	[-63.995234113738285, 0]
234	[-63.995234113738285, 0]
234	[-63.995234113738285, 0]
234	[-63.995234113738285, 0]
234	[-63.995234113738285, 0]
234	[-63.995234113738285, 0]
234	[-63.995234113738285, 0]
234	[-63.31367437439955, -1]
234	[-63.31367437439955, -1]
234	[-63.31367437439955, -1]
234	[-63.31367437439955, -1]
234	[-63.31367437439955, -1]
234	[-63.31367437439955, -1]
234	[-63.31367437439955, -1]
234	[-63.31367437439955, -1]
234	[-63.31367437439955, -1]
234	[-63.31367437439955, -1]
234	[-63.31367437439955, -1]
234	[-63.31367437439955, -1]
234	[-63.31367437439955, -1]
234	[-63.31367437439955, -1]
235	[-63.995234113738285, 0]
235	[-63.995234113738285, 0]
235	[-63.995234113738285, 0]
235	[-63.995234113738285, 0]
235	[-63.995234113738285, 0]
235	[-63.995234113738285, 0]
235	[-63.995234113738285, 0]
235	[-63.995234113738285, 0]
235	[-63.995234113738285, 0]
235	[-63.995234113738285, 0]
235	[-63.995234113738285, 0]
235	[-63.995234113738285, 0]
235	[-63.995234113738285, 0]
235	[-63.31367437439955, -1]
235	[-63.31367437439955, -1]
235	[-63.31367437439955, -1]
235	[-63.31367437439955, -1]
235	[-63.31367437439955, -1]
235	[-63.31367437439955, -1]
235	[-63.31367437439955, -1]
235	[-63.31367437439955, -1]
235	[-63.31367437439955, -1]
235	[-63.31367437439955, -1]
235	[-63.31367437439955, -1]
235	[-63.31367437439955, -1]
235	[-63.31367437439955, -1]
235	[-63.31367437439955, -1]
235	[-63.31367437439955, -1]
236	[-63.995234113738285, 0]
236	[-63.995234113738285, 0]
236	[-63.995234113738285, 0]
236	[-63.995234113738285, 0]
236	[-63.995234113738285, 0]
236	[-63.995234113738285, 0]
236	[-63.995234113738285, 0]
236	[-63.995234113738285, 0]
236	[-63.995234113738285, 0]
236	[-63.995234113738285, 0]
236	[-63.995234113738285, 0]
236	[-63.995234113738285, 0]
236	[-63.995234113738285, 0]
236	[-63.31367437439955, -1]
236	[-63.31367437439955, -1]
236	[-63.31367437439955, -1]
236	[-63.31367437439955, -1]
236	[-63.31367437439955, -1]
236	[-63.31367437439955, -1]
236	[-63.31367437439955, -1]
236	[-63.31367437439955, -1]
236	[-63.31367437439955, -1]
236	[-63.31367437439955, -1]
236	[-63.31367437439955, -1]
236	[-63.31367437439955, -1]
236	[-63.31367437439955, -1]
236	[-63.31367437439955, -1]
236	[-63.31367437439955, -1]
236	[-63.31367437439955, -1]
236	[-63.31367437439955, -1]
237	[-63.995234113738285, 0]
237	[-63.995234113738285, 0]
237	[-63.995234113738285, 0]
237	[-63.995234113738285, 0]
237	[-63.995234113738285, 0]
237	[-63.995234113738285, 0]
237	[-63.995234113738285, 0]
237	[-63.995234113738285, 0]
237	[-63.995234113738285, 0]
237	[-63.995234113738285, 0]
237	[-63.995234113738285, 0]
237	[-63.995234113738285, 0]
237	[-63.995234113738285, 0]
237	[-63.31367437439955, -1]
237	[-63.31367437439955, -1]
237	[-63.31367437439955, -1]
237	[-63.31367437439955, -1]
237	[-63.31367437439955, -1]
237	[-63.31367437439955, -1]
237	[-63.31367437439955, -1]
237	[-63.31367437439955, -1]
237	[-63.31367437439955, -1]
237	[-63.31367437439955, -1]
237	[-63.31367437439955, -1]
237	[-63.31367437439955, -1]
237	[-63.31367437439955, -1]
237	[-63.31367437439955, -1]
237	[-63.31367437439955, -1]
237	[-63.31367437439955, -1]
237	[-63.31367437439955, -1]
238	[-63.98188208011959, 0]
238	[-63.31367437439955, -1]
238	[-63.31367437439955, -1]
238	[-63.31367437439955, -1]
238	[-63.31367437439955, -1]
238	[-63.31367437439955, -1]
238	[-63.31367437439955, -1]
238	[-63.31367437439955, -1]
238	[-63.31367437439955, -1]
238	[-63.31367437439955, -1]
238	[-63.31367437439955, -1]
238	[-63.31367437439955, -1]
238	[-63.31367437439955, -1]
238	[-63.31367437439955, -1]
238	[-63.31367437439955, -1]
238	[-63.31367437439955, -1]
238	[-63.31367437439955, -1]
238	[-63.31367437439955, -1]
239	[-63.98188208011959, 0]
239	[-63.31367437439955, -1]
239	[-63.31367437439955, -1]
239	[-63.31367437439955, -1]
239	[-63.31367437439955, -1]
239	[-63.31367437439955, -1]
239	[-63.31367437439955, -1]
239	[-63.31367437439955, -1]
239	[-63.31367437439955, -1]
239	[-63.31367437439955, -1]
239	[-63.31367437439955, -1]
239	[-63.31367437439955, -1]
239	[-63.31367437439955, -1]
239	[-63.31367437439955, -1]
239	[-63.31367437439955, -1]
239	[-63.31367437439955, -1]
239	[-63.31367437439955, -1]
239	[-63.31367437439955, -1]
239	[-63.31367437439955, -1]
240	[-63.98188208011959, 0]
240	[-62.52203451487308, -1]
241	[-63.98188208011959, 0]
241	[-62.52203451487308, -1]
242	[-63.98188208011959, 0]
242	[-62.52203451487308, -1]
243	[-63.98188208011959, 0]
243	[-62.52203451487308, -1]
243	[-62.52203451487308, -1]
244	[-63.98188208011959, 0]
244	[-62.52203451487308, -1]
244	[-62.52203451487308, -1]
244	[-62.52203451487308, -1]
245	[-63.98188208011959, 0]
245	[-62.52203451487308, -1]
245	[-62.52203451487308, -1]
245	[-62.52203451487308, -1]
245	[-62.52203451487308, -1]
245	[-62.52203451487308, -1]
246	[-63.98188208011959, 0]
246	[-62.52203451487308, -1]
246	[-62.52203451487308, -1]
246	[-62.52203451487308, -1]
246	[-62.52203451487308, -1]
246	[-62.52203451487308, -1]
246	[-62.52203451487308, -1]
247	[-63.98188208011959, 0]
247	[-62.41190056499085, -1]
248	[-63.98188208011959, 0]
248	[-62.41190056499085, -1]
249	[-63.98188208011959, 0]
249	[-63.98188208011959, 0]
249	[-63.98188208011959, 0]
249	[-62.41190056499085, -1]
250	[-63.96221991965768, 0]
250	[-62.41190056499085, -1]
251	[-63.96221991965768, 0]
251	[-62.41190056499085, -1]
251	[-62.41190056499085, -1]
252	[-63.96221991965768, 0]
252	[-62.41190056499085, -1]
252	[-62.41190056499085, -1]
252	[-62.41190056499085, -1]
253	[-63.96221991965768, 0]
253	[-62.41190056499085, -1]
253	[-62.41190056499085, -1]
253	[-62.41190056499085, -1]
254	[-63.96221991965768, 0]
254	[-63.96221991965768, 0]
254	[-62.41190056499085, -1]
254	[-62.41190056499085, -1]
254	[-62.41190056499085, -1]
254	[-62.41190056499085, -1]
254	[-62.41190056499085, -1]
255	[-63.96221991965768, 0]
255	[-63.96221991965768, 0]
255	[-62.41190056499085, -1]
255	[-62.41190056499085, -1]
255	[-62.41190056499085, -1]
255	[-62.41190056499085, -1]
255	[-62.41190056499085, -1]
255	[-62.41190056499085, -1]
256	[-63.96221991965768, 0]
256	[-63.96221991965768, 0]
256	[-63.96221991965768, 0]
256	[-62.37942204622136, -1]
257	[-63.96221991965768, 0]
257	[-63.96221991965768, 0]
257	[-63.96221991965768, 0]
257	[-62.37942204622136, -1]
258	[-63.96221991965768, 0]
258	[-63.96221991965768, 0]
258	[-63.96221991965768, 0]
258	[-62.37942204622136, -1]
259	[-63.96221991965768, 0]
259	[-63.96221991965768, 0]
259	[-63.96221991965768, 0]
259	[-62.37942204622136, -1]
260	[-63.96221991965768, 0]
260	[-63.96221991965768, 0]
260	[-63.96221991965768, 0]
260	[-63.96221991965768, 0]
260	[-62.37942204622136, -1]
261	[-63.96221991965768, 0]
261	[-63.96221991965768, 0]
261	[-63.96221991965768, 0]
261	[-63.96221991965768, 0]
261	[-63.96221991965768, 0]
261	[-62.37942204622136, -1]
262	[-63.96221991965768, 0]
262	[-63.96221991965768, 0]
262	[-63.96221991965768, 0]
262	[-63.96221991965768, 0]
262	[-63.96221991965768, 0]
262	[-63.96221991965768, 0]
262	[-62.37942204622136, -1]
263	[-63.96221991965768, 0]
263	[-63.96221991965768, 0]
263	[-63.96221991965768, 0]
263	[-63.96221991965768, 0]
263	[-63.96221991965768, 0]
263	[-63.96221991965768, 0]
263	[-63.96221991965768, 0]
263	[-62.37942204622136, -1]
264	[-63.96221991965768, 0]
264	[-63.96221991965768, 0]
264	[-63.96221991965768, 0]
264	[-63.96221991965768, 0]
264	[-63.96221991965768, 0]
264	[-63.96221991965768, 0]
264	[-63.96221991965768, 0]
264	[-62.37942204622136, -1]
265	[-63.96221991965768, 0]
265	[-63.96221991965768, 0]
265	[-63.96221991965768, 0]
265	[-63.96221991965768, 0]
265	[-63.96221991965768, 0]
265	[-63.96221991965768, 0]
265	[-63.96221991965768, 0]
265	[-63.96221991965768, 0]
265	[-62.37942204622136, -1]
266	[-63.96221991965768, 0]
266	[-63.96221991965768, 0]
266	[-63.96221991965768, 0]
266	[-63.96221991965768, 0]
266	[-63.96221991965768, 0]
266	[-63.96221991965768, 0]
266	[-63.96221991965768, 0]
266	[-63.96221991965768, 0]
266	[-63.96221991965768, 0]
266	[-63.96221991965768, 0]
266	[-63.96221991965768, 0]
266	[-63.96221991965768, 0]
266	[-62.37942204622136, -1]
267	[-63.96221991965768, 0]
267	[-63.96221991965768, 0]
267	[-63.96221991965768, 0]
267	[-63.96221991965768, 0]
267	[-63.96221991965768, 0]
267	[-63.96221991965768, 0]
267	[-63.96221991965768, 0]
267	[-63.96221991965768, 0]
267	[-63.96221991965768, 0]
267	[-63.96221991965768, 0]
267	[-63.96221991965768, 0]
267	[-63.96221991965768, 0]
267	[-63.96221991965768, 0]
267	[-62.37942204622136, -1]
268	[-63.96221991965768, 0]
268	[-63.96221991965768, 0]
268	[-63.96221991965768, 0]
268	[-63.96221991965768, 0]
268	[-63.96221991965768, 0]
268	[-63.96221991965768, 0]
268	[-63.96221991965768, 0]
268	[-63.96221991965768, 0]
268	[-63.96221991965768, 0]
268	[-63.96221991965768, 0]
268	[-63.96221991965768, 0]
268	[-63.96221991965768, 0]
268	[-63.96221991965768, 0]
268	[-63.96221991965768, 0]
268	[-63.96221991965768, 0]
268	[-63.96221991965768, 0]
268	[-63.96221991965768, 0]
268	[-62.37942204622136, -1]
269	[-63.96221991965768, 0]
269	[-63.96221991965768, 0]
269	[-63.96221991965768, 0]
269	[-63.96221991965768, 0]
269	[-63.96221991965768, 0]
269	[-63.96221991965768, 0]
269	[-63.96221991965768, 0]
269	[-63.96221991965768, 0]
269	[-63.96221991965768, 0]
269	[-63.96221991965768, 0]
269	[-63.96221991965768, 0]
269	[-63.96221991965768, 0]
269	[-63.96221991965768, 0]
269	[-63.96221991965768, 0]
269	[-63.96221991965768, 0]
269	[-63.96221991965768, 0]
269	[-63.96221991965768, 0]
269	[-62.37942204622136, -1]
270	[-63.96221991965768, 0]
270	[-63.96221991965768, 0]
270	[-63.96221991965768, 0]
270	[-63.96221991965768, 0]
270	[-63.96221991965768, 0]
270	[-63.96221991965768, 0]
270	[-63.96221991965768, 0]
270	[-63.96221991965768, 0]
270	[-63.96221991965768, 0]
270	[-63.96221991965768, 0]
270	[-63.96221991965768, 0]
270	[-63.96221991965768, 0]
270	[-63.96221991965768, 0]
270	[-63.96221991965768, 0]
270	[-63.96221991965768, 0]
270	[-63.96221991965768, 0]
270	[-63.96221991965768, 0]
270	[-63.96221991965768, 0]
270	[-62.37942204622136, -1]
271	[-63.96221991965768, 0]
271	[-63.96221991965768, 0]
271	[-63.96221991965768, 0]
271	[-63.96221991965768, 0]
271	[-63.96221991965768, 0]
271	[-63.96221991965768, 0]
271	[-63.96221991965768, 0]
271	[-63.96221991965768, 0]
271	[-63.96221991965768, 0]
271	[-63.96221991965768, 0]
271	[-63.96221991965768, 0]
271	[-63.96221991965768, 0]
271	[-63.96221991965768, 0]
271	[-63.96221991965768, 0]
271	[-63.96221991965768, 0]
271	[-63.96221991965768, 0]
271	[-63.96221991965768, 0]
271	[-63.96221991965768, 0]
271	[-63.96221991965768, 0]
271	[-63.96221991965768, 0]
271	[-63.96221991965768, 0]
271	[-62.37942204622136, -1]
272	[-63.96221991965768, 0]
272	[-63.96221991965768, 0]
272	[-63.96221991965768, 0]
272	[-63.96221991965768, 0]
272	[-63.96221991965768, 0]
272	[-63.96221991965768, 0]
272	[-63.96221991965768, 0]
272	[-63.96221991965768, 0]
272	[-63.96221991965768, 0]
272	[-63.96221991965768, 0]
272	[-63.96221991965768, 0]
272	[-63.96221991965768, 0]
272	[-63.96221991965768, 0]
272	[-63.96221991965768, 0]
272	[-63.96221991965768, 0]
272	[-63.96221991965768, 0]
272	[-63.96221991965768, 0]
272	[-63.96221991965768, 0]
272	[-63.96221991965768, 0]
272	[-63.96221991965768, 0]
272	[-63.96221991965768, 0]
272	[-62.37942204622136, -1]
273	[-63.96221991965768, 0]
273	[-63.96221991965768, 0]
273	[-63.96221991965768, 0]
273	[-63.96221991965768, 0]
273	[-63.96221991965768, 0]
273	[-63.96221991965768, 0]
273	[-63.96221991965768, 0]
273	[-63.96221991965768, 0]
273	[-63.96221991965768, 0]
273	[-63.96221991965768, 0]
273	[-63.96221991965768, 0]
273	[-63.96221991965768, 0]
273	[-63.96221991965768, 0]
273	[-63.96221991965768, 0]
273	[-63.96221991965768, 0]
273	[-63.96221991965768, 0]
273	[-63.96221991965768, 0]
273	[-63.96221991965768, 0]
273	[-63.96221991965768, 0]
273	[-63.96221991965768, 0]
273	[-63.96221991965768, 0]
273	[-63.96221991965768, 0]
273	[-63.96221991965768, 0]
273	[-62.37942204622136, -1]
274	[-63.96221991965768, 0]
274	[-63.96221991965768, 0]
274	[-63.96221991965768, 0]
274	[-63.96221991965768, 0]
274	[-63.96221991965768, 0]
274	[-63.96221991965768, 0]
274	[-63.96221991965768, 0]
274	[-63.96221991965768, 0]
274	[-63.96221991965768, 0]
274	[-63.96221991965768, 0]
274	[-63.96221991965768, 0]
274	[-63.96221991965768, 0]
274	[-63.96221991965768, 0]
274	[-63.96221991965768, 0]
274	[-63.96221991965768, 0]
274	[-63.96221991965768, 0]
274	[-63.96221991965768, 0]
274	[-63.96221991965768, 0]
274	[-63.96221991965768, 0]
274	[-63.96221991965768, 0]
274	[-63.96221991965768, 0]
274	[-63.96221991965768, 0]
274	[-63.96221991965768, 0]
274	[-63.96221991965768, 0]
274	[-62.37942204622136, -1]
275	[-63.96221991965768, 0]
275	[-63.96221991965768, 0]
275	[-63.96221991965768, 0]
275	[-63.96221991965768, 0]
275	[-63.96221991965768, 0]
275	[-63.96221991965768, 0]
275	[-63.96221991965768, 0]
275	[-63.96221991965768, 0]
275	[-63.96221991965768, 0]
275	[-63.96221991965768, 0]
275	[-63.96221991965768, 0]
275	[-63.96221991965768, 0]
275	[-63.96221991965768, 0]
275	[-63.96221991965768, 0]
275	[-63.96221991965768, 0]
275	[-63.96221991965768, 0]
275	[-63.96221991965768, 0]
275	[-63.96221991965768, 0]
275	[-63.96221991965768, 0]
275	[-63.96221991965768, 0]
275	[-63.96221991965768, 0]
275	[-63.96221991965768, 0]
275	[-63.96221991965768, 0]
275	[-63.96221991965768, 0]
275	[-63.96221991965768, 0]
275	[-63.96221991965768, 0]
275	[-63.96221991965768, 0]
275	[-63.96221991965768, 0]
275	[-63.96221991965768, 0]
275	[-62.37942204622136, -1]
276	[-63.96221991965768, 0]
276	[-63.96221991965768, 0]
276	[-63.96221991965768, 0]
276	[-63.96221991965768, 0]
276	[-63.96221991965768, 0]
276	[-63.96221991965768, 0]
276	[-63.96221991965768, 0]
276	[-63.96221991965768, 0]
276	[-63.96221991965768, 0]
276	[-63.96221991965768, 0]
276	[-63.96221991965768, 0]
276	[-63.96221991965768, 0]
276	[-63.96221991965768, 0]
276	[-63.96221991965768, 0]
276	[-63.96221991965768, 0]
276	[-63.96221991965768, 0]
276	[-63.96221991965768, 0]
276	[-63.96221991965768, 0]
276	[-63.96221991965768, 0]
276	[-63.96221991965768, 0]
276	[-63.96221991965768, 0]
276	[-63.96221991965768, 0]
276	[-63.96221991965768, 0]
276	[-63.96221991965768, 0]
276	[-63.96221991965768, 0]
276	[-63.96221991965768, 0]
276	[-63.96221991965768, 0]
276	[-63.96221991965768, 0]
276	[-63.96221991965768, 0]
276	[-63.96221991965768, 0]
276	[-63.96221991965768, 0]
276	[-63.96221991965768, 0]
276	[-63.96221991965768, 0]
276	[-63.96221991965768, 0]
276	[-63.96221991965768, 0]
276	[-62.37942204622136, -1]
277	[-63.96221991965768, 0]
277	[-63.96221991965768, 0]
277	[-63.96221991965768, 0]
277	[-63.96221991965768, 0]
277	[-63.96221991965768, 0]
277	[-63.96221991965768, 0]
277	[-63.96221991965768, 0]
277	[-63.96221991965768, 0]
277	[-63.96221991965768, 0]
277	[-63.96221991965768, 0]
277	[-63.96221991965768, 0]
277	[-63.96221991965768, 0]
277	[-63.96221991965768, 0]
277	[-63.96221991965768, 0]
277	[-63.96221991965768, 0]
277	[-63.96221991965768, 0]
277	[-63.96221991965768, 0]
277	[-63.96221991965768, 0]
277	[-63.96221991965768, 0]
277	[-63.96221991965768, 0]
277	[-63.96221991965768, 0]
277	[-63.96221991965768, 0]
277	[-63.96221991965768, 0]
277	[-63.96221991965768, 0]
277	[-63.96221991965768, 0]
277	[-63.96221991965768, 0]
277	[-63.96221991965768, 0]
277	[-63.96221991965768, 0]
277	[-63.96221991965768, 0]
277	[-63.96221991965768, 0]
277	[-63.96221991965768, 0]
277	[-63.96221991965768, 0]
277	[-63.96221991965768, 0]
277	[-63.96221991965768, 0]
277	[-63.96221991965768, 0]
277	[-63.96221991965768, 0]
277	[-63.96221991965768, 0]
277	[-63.96221991965768, 0]
277	[-62.37942204622136, -1]
278	[-63.96221991965768, 0]
278	[-63.96221991965768, 0]
278	[-63.96221991965768, 0]
278	[-63.96221991965768, 0]
278	[-63.96221991965768, 0]
278	[-63.96221991965768, 0]
278	[-63.96221991965768, 0]
278	[-63.96221991965768, 0]
278	[-63.96221991965768, 0]
278	[-63.96221991965768, 0]
278	[-63.96221991965768, 0]
278	[-63.96221991965768, 0]
278	[-63.96221991965768, 0]
278	[-63.96221991965768, 0]
278	[-63.96221991965768, 0]
278	[-63.96221991965768, 0]
278	[-63.96221991965768, 0]
278	[-63.96221991965768, 0]
278	[-63.96221991965768, 0]
278	[-63.96221991965768, 0]
278	[-63.96221991965768, 0]
278	[-63.96221991965768, 0]
278	[-63.96221991965768, 0]
278	[-63.96221991965768, 0]
278	[-63.96221991965768, 0]
278	[-63.96221991965768, 0]
278	[-63.96221991965768, 0]
278	[-63.96221991965768, 0]
278	[-63.96221991965768, 0]
278	[-63.96221991965768, 0]
278	[-63.96221991965768, 0]
278	[-63.96221991965768, 0]
278	[-63.96221991965768, 0]
278	[-63.96221991965768, 0]
278	[-63.96221991965768, 0]
278	[-63.96221991965768, 0]
278	[-63.96221991965768, 0]
278	[-63.96221991965768, 0]
278	[-63.96221991965768, 0]
278	[-62.37942204622136, -1]
278	[-62.37942204622136, -1]
279	[-63.96221991965768, 0]
279	[-63.96221991965768, 0]
279	[-63.96221991965768, 0]
279	[-63.96221991965768, 0]
279	[-63.96221991965768, 0]
279	[-63.96221991965768, 0]
279	[-63.96221991965768, 0]
279	[-63.96221991965768, 0]
279	[-63.96221991965768, 0]
279	[-63.96221991965768, 0]
279	[-63.96221991965768, 0]
279	[-63.96221991965768, 0]
279	[-63.96221991965768, 0]
279	[-63.96221991965768, 0]
279	[-63.96221991965768, 0]
279	[-63.96221991965768, 0]
279	[-63.96221991965768, 0]
279	[-63.96221991965768, 0]
279	[-63.96221991965768, 0]
279	[-63.96221991965768, 0]
279	[-63.96221991965768, 0]
279	[-63.96221991965768, 0]
279	[-63.96221991965768, 0]
279	[-63.96221991965768, 0]
279	[-63.96221991965768, 0]
279	[-63.96221991965768, 0]
279	[-63.96221991965768, 0]
279	[-63.96221991965768, 0]
279	[-63.96221991965768, 0]
279	[-63.96221991965768, 0]
279	[-63.96221991965768, 0]
279	[-63.96221991965768, 0]
279	[-63.96221991965768, 0]
279	[-63.96221991965768, 0]
279	[-63.96221991965768, 0]
279	[-63.96221991965768, 0]
279	[-63.96221991965768, 0]
279	[-63.96221991965768, 0]
279	[-63.96221991965768, 0]
279	[-63.96221991965768, 0]
279	[-63.96221991965768, 0]
279	[-63.96221991965768, 0]
279	[-62.37942204622136, -1]
279	[-62.37942204622136, -1]
279	[-62.37942204622136, -1]
280	[-63.96221991965768, 0]
280	[-63.96221991965768, 0]
280	[-63.96221991965768, 0]
280	[-63.96221991965768, 0]
280	[-63.96221991965768, 0]
280	[-63.96221991965768, 0]
280	[-63.96221991965768, 0]
280	[-63.96221991965768, 0]
280	[-63.96221991965768, 0]
280	[-63.96221991965768, 0]
280	[-63.96221991965768, 0]
280	[-63.96221991965768, 0]
280	[-63.96221991965768, 0]
280	[-63.96221991965768, 0]
280	[-63.96221991965768, 0]
280	[-63.96221991965768, 0]
280	[-63.96221991965768, 0]
280	[-63.96221991965768, 0]
280	[-63.96221991965768, 0]
280	[-63.96221991965768, 0]
280	[-63.96221991965768, 0]
280	[-63.96221991965768, 0]
280	[-63.96221991965768, 0]
280	[-63.96221991965768, 0]
280	[-63.96221991965768, 0]
280	[-63.96221991965768, 0]
280	[-63.96221991965768, 0]
280	[-63.96221991965768, 0]
280	[-63.96221991965768, 0]
280	[-63.96221991965768, 0]
280	[-63.96221991965768, 0]
280	[-63.96221991965768, 0]
280	[-63.96221991965768, 0]
280	[-63.96221991965768, 0]
280	[-63.96221991965768, 0]
280	[-63.96221991965768, 0]
280	[-63.96221991965768, 0]
280	[-63.96221991965768, 0]
280	[-63.96221991965768, 0]
280	[-63.96221991965768, 0]
280	[-63.96221991965768, 0]
280	[-63.96221991965768, 0]
280	[-63.96221991965768, 0]
280	[-63.96221991965768, 0]
280	[-62.37942204622136, -1]
280	[-62.37942204622136, -1]
280	[-62.37942204622136, -1]
280	[-62.37942204622136, -1]
281	[-63.96221991965768, 0]
281	[-63.96221991965768, 0]
281	[-63.96221991965768, 0]
281	[-63.96221991965768, 0]
281	[-63.96221991965768, 0]
281	[-63.96221991965768, 0]
281	[-63.96221991965768, 0]
281	[-63.96221991965768, 0]
281	[-63.96221991965768, 0]
281	[-63.96221991965768, 0]
281	[-63.96221991965768, 0]
281	[-63.96221991965768, 0]
281	[-63.96221991965768, 0]
281	[-63.96221991965768, 0]
281	[-63.96221991965768, 0]
281	[-63.96221991965768, 0]
281	[-63.96221991965768, 0]
281	[-63.96221991965768, 0]
281	[-63.96221991965768, 0]
281	[-63.96221991965768, 0]
281	[-63.96221991965768, 0]
281	[-63.96221991965768, 0]
281	[-63.96221991965768, 0]
281	[-63.96221991965768, 0]
281	[-63.96221991965768, 0]
281	[-63.96221991965768, 0]
281	[-63.96221991965768, 0]
281	[-63.96221991965768, 0]
281	[-63.96221991965768, 0]
281	[-63.96221991965768, 0]
281	[-63.96221991965768, 0]
281	[-63.96221991965768, 0]
281	[-63.96221991965768, 0]
281	[-63.96221991965768, 0]
281	[-63.96221991965768, 0]
281	[-63.96221991965768, 0]
281	[-63.96221991965768, 0]
281	[-63.96221991965768, 0]
281	[-63.96221991965768, 0]
281	[-63.96221991965768, 0]
281	[-63.96221991965768, 0]
281	[-63.96221991965768, 0]
281	[-63.96221991965768, 0]
281	[-63.96221991965768, 0]
281	[-63.96221991965768, 0]
281	[-62.37942204622136, -1]
281	[-62.37942204622136, -1]
281	[-62.37942204622136, -1]
281	[-62.37942204622136, -1]
282	[-63.96221991965768, 0]
282	[-63.96221991965768, 0]
282	[-63.96221991965768, 0]
282	[-63.96221991965768, 0]
282	[-63.96221991965768, 0]
282	[-63.96221991965768, 0]
282	[-63.96221991965768, 0]
282	[-63.96221991965768, 0]
282	[-63.96221991965768, 0]
282	[-63.96221991965768, 0]
282	[-63.96221991965768, 0]
282	[-63.96221991965768, 0]
282	[-63.96221991965768, 0]
282	[-63.96221991965768, 0]
282	[-63.96221991965768, 0]
282	[-63.96221991965768, 0]
282	[-63.96221991965768, 0]
282	[-63.96221991965768, 0]
282	[-63.96221991965768, 0]
282	[-63.96221991965768, 0]
282	[-63.96221991965768, 0]
282	[-63.96221991965768, 0]
282	[-63.96221991965768, 0]
282	[-63.96221991965768, 0]
282	[-63.96221991965768, 0]
282	[-63.96221991965768, 0]
282	[-63.96221991965768, 0]
282	[-63.96221991965768, 0]
282	[-63.96221991965768, 0]
282	[-63.96221991965768, 0]
282	[-63.96221991965768, 0]
282	[-63.96221991965768, 0]
282	[-63.96221991965768, 0]
282	[-63.96221991965768, 0]
282	[-63.96221991965768, 0]
282	[-63.96221991965768, 0]
282	[-63.96221991965768, 0]
282	[-63.96221991965768, 0]
282	[-63.96221991965768, 0]
282	[-63.96221991965768, 0]
282	[-63.96221991965768, 0]
282	[-63.96221991965768, 0]
282	[-63.96221991965768, 0]
282	[-63.96221991965768, 0]
282	[-63.96221991965768, 0]
282	[-63.96221991965768, 0]
282	[-63.96221991965768, 0]
282	[-63.96221991965768, 0]
282	[-62.37942204622136, -1]
282	[-62.37942204622136, -1]
282	[-62.37942204622136, -1]
282	[-62.37942204622136, -1]
283	[-63.192972745123924, 0]
283	[-62.37942204622136, -1]
283	[-62.37942204622136, -1]
283	[-62.37942204622136, -1]
283	[-62.37942204622136, -1]
284	[-63.192972745123924, 0]
284	[-63.192972745123924, 0]
284	[-62.37942204622136, -1]
284	[-62.37942204622136, -1]
284	[-62.37942204622136, -1]
284	[-62.37942204622136, -1]
285	[-63.18747368374005, 0]
285	[-62.37942204622136, -1]
285	[-62.37942204622136, -1]
285	[-62.37942204622136, -1]
285	[-62.37942204622136, -1]
286	[-63.18747368374005, 0]
286	[-62.37942204622136, -1]
286	[-62.37942204622136, -1]
286	[-62.37942204622136, -1]
286	[-62.37942204622136, -1]
287	[-63.18747368374005, 0]
287	[-62.37942204622136, -1]
287	[-62.37942204622136, -1]
287	[-62.37942204622136, -1]
287	[-62.37942204622136, -1]
287	[-62.37942204622136, -1]
288	[-63.18747368374005, 0]
288	[-62.37942204622136, -1]
288	[-62.37942204622136, -1]
288	[-62.37942204622136, -1]
288	[-62.37942204622136, -1]
288	[-62.37942204622136, -1]
289	[-63.18747368374005, 0]
289	[-62.37942204622136, -1]
289	[-62.37942204622136, -1]
289	[-62.37942204622136, -1]
289	[-62.37942204622136, -1]
289	[-62.37942204622136, -1]
290	[-63.18747368374005, 0]
290	[-62.37942204622136, -1]
290	[-62.37942204622136, -1]
290	[-62.37942204622136, -1]
290	[-62.37942204622136, -1]
290	[-62.37942204622136, -1]
290	[-62.37942204622136, -1]
291	[-63.18747368374005, 0]
291	[-62.37942204622136, -1]
291	[-62.37942204622136, -1]
291	[-62.37942204622136, -1]
291	[-62.37942204622136, -1]
291	[-62.37942204622136, -1]
291	[-62.37942204622136, -1]
291	[-62.37942204622136, -1]
292	[-63.18747368374005, 0]
292	[-62.37942204622136, -1]
292	[-62.37942204622136, -1]
292	[-62.37942204622136, -1]
292	[-62.37942204622136, -1]
292	[-62.37942204622136, -1]
292	[-62.37942204622136, -1]
292	[-62.37942204622136, -1]
293	[-63.18747368374005, 0]
293	[-62.37942204622136, -1]
293	[-62.37942204622136, -1]
293	[-62.37942204622136, -1]
293	[-62.37942204622136, -1]
293	[-62.37942204622136, -1]
293	[-62.37942204622136, -1]
293	[-62.37942204622136, -1]
294	[-63.18747368374005, 0]
294	[-62.37942204622136, -1]
294	[-62.37942204622136, -1]
294	[-62.37942204622136, -1]
294	[-62.37942204622136, -1]
294	[-62.37942204622136, -1]
294	[-62.37942204622136, -1]
294	[-62.37942204622136, -1]
295	[-63.154614363909744, 0]
295	[-62.37942204622136, -1]
295	[-62.37942204622136, -1]
295	[-62.37942204622136, -1]
295	[-62.37942204622136, -1]
295	[-62.37942204622136, -1]
295	[-62.37942204622136, -1]
295	[-62.37942204622136, -1]
295	[-62.37942204622136, -1]
296	[-63.154614363909744, 0]
296	[-62.37942204622136, -1]
296	[-62.37942204622136, -1]
296	[-62.37942204622136, -1]
296	[-62.37942204622136, -1]
296	[-62.37942204622136, -1]
296	[-62.37942204622136, -1]
296	[-62.37942204622136, -1]
296	[-62.37942204622136, -1]
297	[-63.154614363909744, 0]
297	[-62.37942204622136, -1]
297	[-62.37942204622136, -1]
297	[-62.37942204622136, -1]
297	[-62.37942204622136, -1]
297	[-62.37942204622136, -1]
297	[-62.37942204622136, -1]
297	[-62.37942204622136, -1]
297	[-62.37942204622136, -1]
298	[-63.154614363909744, 0]
298	[-62.37942204622136, -1]
298	[-62.37942204622136, -1]
298	[-62.37942204622136, -1]
298	[-62.37942204622136, -1]
298	[-62.37942204622136, -1]
298	[-62.37942204622136, -1]
298	[-62.37942204622136, -1]
298	[-62.37942204622136, -1]
298	[-62.37942204622136, -1]
298	[-62.37942204622136, -1]
299	[-63.154614363909744, 0]
299	[-62.37942204622136, -1]
299	[-62.37942204622136, -1]
299	[-62.37942204622136, -1]
299	[-62.37942204622136, -1]
299	[-62.37942204622136, -1]
299	[-62.37942204622136, -1]
299	[-62.37942204622136, -1]
299	[-62.37942204622136, -1]
299	[-62.37942204622136, -1]
299	[-62.37942204622136, -1]
299	[-62.37942204622136, -1]
299	[-62.37942204622136, -1]
300	[-63.154614363909744, 0]
300	[-62.37942204622136, -1]
300	[-62.37942204622136, -1]
300	[-62.37942204622136, -1]
300	[-62.37942204622136, -1]
300	[-62.37942204622136, -1]
300	[-62.37942204622136, -1]
300	[-62.37942204622136, -1]
300	[-62.37942204622136, -1]
300	[-62.37942204622136, -1]
300	[-62.37942204622136, -1]
300	[-62.37942204622136, -1]
300	[-62.37942204622136, -1]
300	[-62.37942204622136, -1]
300	[-62.37942204622136, -1]
300	[-62.37942204622136, -1]
300	[-63.154614363909744, 0]
300	[-62.37942204622136, -1]
300	[-62.37942204622136, -1]
300	[-62.37942204622136, -1]
300	[-62.37942204622136, -1]
300	[-62.37942204622136, -1]
300	[-62.37942204622136, -1]
300	[-62.37942204622136, -1]
300	[-62.37942204622136, -1]
300	[-62.37942204622136, -1]
300	[-62.37942204622136, -1]
300	[-62.37942204622136, -1]
300	[-62.37942204622136, -1]
300	[-62.37942204622136, -1]
300	[-62.37942204622136, -1]
300	[-62.37942204622136, -1]
