Generation:
398

Phenotype:
10
V1 = gm([7.5e0, +9.0e1, 9.9e0], [2.8e1, +4.9e0, 1.2e0]);
V2 = +8.0e0;
V2 = V2 + gm([3.6e1, +1.0e0, 1.9e0], [1.2e0, -5.5e0, 4.2e0], [6.2e1, +6.4e0, 5.4e0]);
V3 = -0.6e1 * +V1 * -V2;
V3 = V3 + gm([7.5e0, +9.0e1, 9.9e0], [2.8e1, +4.9e0, 1.2e0]);
V4 = +8.0e0;
V4 = V4 + gm([3.6e1, +1.0e0, 1.9e0], [1.2e0, -5.5e0, 4.2e0], [6.2e1, +6.4e0, 5.4e0]);

Pre-processed Program
:C = gm([0.211268, 0.788732], [90, 4.9], [9.9, 1.2]);T = 8;T = T + gm([0.362903, 0.012097, 0.625000], [1, -5.5, 6.4], [1.9, 4.2, 5.4]);TEMP0 = 6 * C;TEMP0 = TEMP0 * T;E = TEMP0;E = E + gm([0.211268, 0.788732], [90, 4.9], [9.9, 1.2]);F = 8;F = F + gm([0.362903, 0.012097, 0.625000], [1, -5.5, 6.4], [1.9, 4.2, 5.4]);Genotype:
[444, 441, 11, 72, 432, 431, 128, 187, 175, 100, 197, 102, 289, 330, 77, 444, 439, 369, 146, 330, 395, 302, 308, 291, 373, 8, 224, 419, 490, 431, 61, 292, 262, 138, 66, 2, 165, 273, 318, 88, 70, 342, 36, 60, 109, 143, 143, 306, 267, 361, 450, 221, 310, 172, 337, 441, 309, 206, 259, 89, 341, 122, 268, 346, 407, 365, 145, 264, 148, 374, 112, 214, 456, 160, 326, 342, 65, 320, 306, 226, 144, 16, 310, 55, 454, 466, 411, 280, 393, 415, 370, 361, 375, 397, 490, 246, 411, 246, 196, 366]
Tree:
None
Fitness on 5000 data:
-13.252670862437673

Fitness:
-13.252670862437673