Generation:
798

Phenotype:
10
V1 = gm([7.2e0, +8.0e1, 9.5e0], [2.8e1, +4.9e0, 1.2e0]);
V2 = +8.1e0;
V2 = V2 + gm([3.6e1, +1.0e0, 1.6e0], [3.2e0, -5.5e0, 4.3e0], [6.3e1, +6.9e0, 5.0e0]);
V3 = -0.6e1 * +V1 * -V2;
V3 = V3 + gm([7.2e0, +8.0e1, 9.5e0], [2.8e1, +4.9e0, 1.2e0]);
V4 = +8.1e0;
V4 = V4 + gm([3.6e1, +1.0e0, 1.6e0], [3.2e0, -5.5e0, 4.3e0], [6.3e1, +6.9e0, 5.0e0]);

Pre-processed Program
:C = gm([0.204545, 0.795455], [80, 4.9], [9.5, 1.2]);T = 8.1;T = T + gm([0.352250, 0.031311, 0.616438], [1, -5.5, 6.9], [1.6, 4.3, 5]);TEMP0 = 6 * C;TEMP0 = TEMP0 * T;E = TEMP0;E = E + gm([0.204545, 0.795455], [80, 4.9], [9.5, 1.2]);F = 8.1;F = F + gm([0.352250, 0.031311, 0.616438], [1, -5.5, 6.9], [1.6, 4.3, 5]);Genotype:
[444, 441, 483, 72, 67, 431, 151, 187, 332, 134, 197, 12, 198, 330, 77, 87, 159, 235, 146, 28, 136, 302, 308, 201, 376, 8, 224, 259, 490, 431, 61, 292, 262, 481, 218, 2, 165, 416, 318, 88, 491, 444, 482, 376, 423, 466, 143, 306, 13, 165, 450, 221, 280, 172, 266, 441, 156, 206, 215, 319, 333, 122, 206, 175, 407, 415, 145, 264, 180, 374, 33, 108, 98, 57, 326, 423, 65, 320, 440, 226, 359, 46, 497, 55, 290, 466, 210, 280, 7, 415, 468, 361, 213, 397, 490, 256, 411, 232, 196, 366]
Tree:
None
Fitness on 5000 data:
-13.209867092126219

Fitness:
-13.209867092126219