0	[-183.3203352380262, -1]
1	[-150.08952423146093, -1]
2	[-243.74022454905497, 0]
2	[-150.08952423146093, -1]
2	[-126.59890686164798, -3]
3	[-243.28187992581323, 0]
3	[-150.08952423146093, -1]
3	[-142.58179269378513, -2]
3	[-93.21677289299971, -3]
4	[-243.19939324431658, 0]
4	[-124.13038924570836, -1]
4	[-93.21677289299971, -3]
5	[-127.19064748079538, 0]
5	[-122.71264879034, -1]
5	[-93.21677289299971, -3]
6	[-127.19064748079538, 0]
6	[-111.54779034625886, -1]
6	[-110.81429185842585, -2]
6	[-93.21677289299971, -3]
7	[-127.19064748079538, 0]
7	[-111.54779034625886, -1]
7	[-110.81429185842585, -2]
7	[-93.21677289299971, -3]
8	[-127.19064748079538, 0]
8	[-127.19064748079538, 0]
8	[-111.54779034625886, -1]
8	[-110.81429185842585, -2]
8	[-93.21677289299971, -3]
9	[-127.19064748079538, 0]
9	[-127.19064748079538, 0]
9	[-111.30381617845893, -1]
9	[-110.81429185842585, -2]
9	[-88.15013804643434, -3]
10	[-126.9644430942929, 0]
10	[-111.30381617845893, -1]
10	[-110.81429185842585, -2]
10	[-88.15013804643434, -3]
11	[-126.9644430942929, 0]
11	[-110.89546334986846, -1]
11	[-110.81429185842585, -2]
11	[-88.15013804643434, -3]
12	[-126.9644430942929, 0]
12	[-107.18248914123788, -1]
12	[-88.15013804643434, -3]
13	[-118.57236802648572, 0]
13	[-107.18248914123788, -1]
13	[-88.15013804643434, -3]
14	[-118.57236802648572, 0]
14	[-107.18248914123788, -1]
14	[-88.15013804643434, -3]
15	[-118.57236802648572, 0]
15	[-107.18248914123788, -1]
15	[-88.15013804643434, -3]
16	[-110.90066466618899, 0]
16	[-107.18248914123788, -1]
16	[-87.70438462815177, -3]
17	[-107.78312987041473, 0]
17	[-107.18248914123788, -1]
17	[-87.70438462815177, -3]
18	[-107.78312987041473, 0]
18	[-107.18248914123788, -1]
18	[-87.70438462815177, -3]
19	[-107.78312987041473, 0]
19	[-107.18248914123788, -1]
19	[-87.70438462815177, -3]
20	[-107.03440582770122, 0]
20	[-86.04463173382089, -3]
21	[-107.03440582770122, 0]
21	[-86.04463173382089, -3]
22	[-105.9273220272643, 0]
22	[-83.51620816033706, -3]
23	[-105.9273220272643, 0]
23	[-83.51620816033706, -3]
24	[-105.9273220272643, 0]
24	[-83.51620816033706, -3]
25	[-105.9273220272643, 0]
25	[-103.51801517888912, -1]
25	[-83.51620816033706, -3]
26	[-105.9273220272643, 0]
26	[-103.51801517888912, -1]
26	[-83.51620816033706, -3]
27	[-105.9273220272643, 0]
27	[-103.51801517888912, -1]
27	[-83.51620816033706, -3]
28	[-105.9273220272643, 0]
28	[-103.51801517888912, -1]
28	[-83.51620816033706, -3]
29	[-102.67934554226072, 0]
29	[-99.42369925351016, -1]
29	[-83.51620816033706, -3]
30	[-101.32147523599909, 0]
30	[-99.42369925351016, -1]
30	[-80.05620737361409, -3]
31	[-101.32147523599909, 0]
31	[-99.42369925351016, -1]
31	[-80.05620737361409, -3]
32	[-101.32147523599909, 0]
32	[-99.42369925351016, -1]
32	[-80.05620737361409, -3]
33	[-101.32147523599909, 0]
33	[-101.32147523599909, 0]
33	[-99.42369925351016, -1]
33	[-80.05620737361409, -3]
34	[-101.32147523599909, 0]
34	[-101.32147523599909, 0]
34	[-99.42369925351016, -1]
34	[-79.99158514076622, -3]
35	[-101.32147523599909, 0]
35	[-101.32147523599909, 0]
35	[-98.65274654795373, -1]
35	[-79.99158514076622, -3]
36	[-99.68305734248082, 0]
36	[-98.65274654795373, -1]
36	[-79.99158514076622, -3]
37	[-99.68305734248082, 0]
37	[-98.65274654795373, -1]
37	[-79.99158514076622, -3]
38	[-98.7432795822374, 0]
38	[-98.65274654795373, -1]
38	[-79.99158514076622, -3]
39	[-98.7432795822374, 0]
39	[-98.65274654795373, -1]
39	[-79.99158514076622, -3]
40	[-98.3359764120077, 0]
40	[-79.99158514076622, -3]
41	[-98.3359764120077, 0]
41	[-79.99158514076622, -3]
42	[-98.3359764120077, 0]
42	[-92.25097057822266, -2]
42	[-79.99158514076622, -3]
43	[-98.3359764120077, 0]
43	[-92.25097057822266, -2]
43	[-79.99158514076622, -3]
44	[-98.3359764120077, 0]
44	[-92.25097057822266, -2]
44	[-79.99158514076622, -3]
45	[-98.3359764120077, 0]
45	[-92.25097057822266, -2]
45	[-79.99158514076622, -3]
46	[-97.98169244959863, 0]
46	[-96.5970106435227, -1]
46	[-92.25097057822266, -2]
46	[-79.99158514076622, -3]
47	[-97.98169244959863, 0]
47	[-96.5970106435227, -1]
47	[-92.25097057822266, -2]
47	[-79.99158514076622, -3]
48	[-95.06448900290872, 0]
48	[-92.25097057822266, -2]
48	[-79.99158514076622, -3]
49	[-94.97073788175891, 0]
49	[-92.25097057822266, -2]
49	[-79.99158514076622, -3]
50	[-94.97073788175891, 0]
50	[-92.25097057822266, -2]
50	[-79.99158514076622, -3]
51	[-93.49269467999291, 0]
51	[-92.25097057822266, -2]
51	[-79.99158514076622, -3]
52	[-93.49269467999291, 0]
52	[-92.25097057822266, -2]
52	[-78.6246102930784, -3]
53	[-93.49269467999291, 0]
53	[-91.7881330574482, -2]
53	[-78.6246102930784, -3]
54	[-91.00016783003798, 0]
54	[-78.6246102930784, -3]
55	[-91.00016783003798, 0]
55	[-78.6246102930784, -3]
56	[-91.00016783003798, 0]
56	[-78.6246102930784, -3]
57	[-90.10157499132623, 0]
57	[-78.6246102930784, -3]
58	[-89.42033095647086, 0]
58	[-78.41791588505868, -2]
59	[-88.98672689460244, 0]
59	[-78.41791588505868, -2]
60	[-88.98672689460244, 0]
60	[-78.41791588505868, -2]
61	[-88.98672689460244, 0]
61	[-78.41791588505868, -2]
62	[-87.39451885319747, 0]
62	[-85.41082463354947, -1]
62	[-78.41791588505868, -2]
63	[-87.39451885319747, 0]
63	[-85.41082463354947, -1]
63	[-78.41791588505868, -2]
64	[-81.99446524374667, 0]
64	[-78.41791588505868, -2]
65	[-81.99446524374667, 0]
65	[-78.41791588505868, -2]
66	[-80.92372090859433, 0]
66	[-78.41791588505868, -2]
66	[-78.41791588505868, -2]
67	[-80.92372090859433, 0]
67	[-78.41791588505868, -2]
67	[-78.41791588505868, -2]
67	[-78.27021105854014, -3]
68	[-80.92372090859433, 0]
68	[-78.41791588505868, -2]
68	[-78.41791588505868, -2]
68	[-78.27021105854014, -3]
69	[-80.92372090859433, 0]
69	[-78.41791588505868, -2]
69	[-78.41791588505868, -2]
69	[-78.27021105854014, -3]
70	[-80.92372090859433, 0]
70	[-77.67553312179288, -2]
71	[-80.92372090859433, 0]
71	[-77.67553312179288, -2]
72	[-80.92372090859433, 0]
72	[-77.64393518642402, -2]
73	[-80.92372090859433, 0]
73	[-76.89715088962362, -2]
74	[-80.92372090859433, 0]
74	[-76.89715088962362, -2]
74	[-75.50677767698436, -3]
75	[-79.19047209708793, 0]
75	[-75.42423669388988, -2]
76	[-79.19047209708793, 0]
76	[-75.42423669388988, -2]
76	[-75.399360354627, -3]
77	[-79.19047209708793, 0]
77	[-75.42423669388988, -2]
77	[-75.399360354627, -3]
78	[-79.19047209708793, 0]
78	[-75.42423669388988, -2]
78	[-75.399360354627, -3]
78	[-75.399360354627, -3]
79	[-79.19047209708793, 0]
79	[-75.42423669388988, -2]
79	[-75.399360354627, -3]
79	[-75.399360354627, -3]
80	[-79.19047209708793, 0]
80	[-79.09448502844481, -1]
80	[-75.42423669388988, -2]
80	[-75.399360354627, -3]
80	[-75.399360354627, -3]
81	[-79.19047209708793, 0]
81	[-79.09448502844481, -1]
81	[-75.42423669388988, -2]
81	[-75.399360354627, -3]
81	[-75.399360354627, -3]
82	[-79.19047209708793, 0]
82	[-79.09448502844481, -1]
82	[-75.42423669388988, -2]
82	[-75.399360354627, -3]
82	[-75.399360354627, -3]
83	[-79.19047209708793, 0]
83	[-79.09448502844481, -1]
83	[-75.42423669388988, -2]
83	[-73.82066960841466, -3]
84	[-79.19047209708793, 0]
84	[-79.09448502844481, -1]
84	[-75.42423669388988, -2]
84	[-73.82066960841466, -3]
85	[-79.19047209708793, 0]
85	[-79.09448502844481, -1]
85	[-75.42423669388988, -2]
85	[-73.82066960841466, -3]
86	[-79.19047209708793, 0]
86	[-79.09448502844481, -1]
86	[-75.42423669388988, -2]
86	[-73.82066960841466, -3]
87	[-79.19047209708793, 0]
87	[-79.09448502844481, -1]
87	[-75.42423669388988, -2]
87	[-73.82066960841466, -3]
88	[-79.19047209708793, 0]
88	[-79.09448502844481, -1]
88	[-75.42423669388988, -2]
88	[-73.82066960841466, -3]
89	[-79.19047209708793, 0]
89	[-79.09448502844481, -1]
89	[-75.42423669388988, -2]
89	[-73.82066960841466, -3]
90	[-79.19047209708793, 0]
90	[-79.09448502844481, -1]
90	[-75.42423669388988, -2]
90	[-73.82066960841466, -3]
91	[-79.19047209708793, 0]
91	[-78.98402418428235, -1]
91	[-75.42423669388988, -2]
91	[-73.82066960841466, -3]
92	[-79.19047209708793, 0]
92	[-78.98402418428235, -1]
92	[-75.42423669388988, -2]
92	[-73.82066960841466, -3]
93	[-79.19047209708793, 0]
93	[-78.98402418428235, -1]
93	[-75.42423669388988, -2]
93	[-73.82066960841466, -3]
94	[-79.19047209708793, 0]
94	[-78.98402418428235, -1]
94	[-75.42423669388988, -2]
94	[-73.82066960841466, -3]
94	[-73.82066960841466, -3]
95	[-79.19047209708793, 0]
95	[-78.98402418428235, -1]
95	[-75.42423669388988, -2]
95	[-73.82066960841466, -3]
95	[-73.82066960841466, -3]
96	[-79.05888408950528, 0]
96	[-78.98402418428235, -1]
96	[-75.42423669388988, -2]
96	[-73.78093145420695, -3]
97	[-79.05888408950528, 0]
97	[-78.98402418428235, -1]
97	[-75.42423669388988, -2]
97	[-73.78093145420695, -3]
98	[-79.05888408950528, 0]
98	[-78.98402418428235, -1]
98	[-73.80073194464818, -2]
98	[-73.78093145420695, -3]
99	[-77.57116497833832, 0]
99	[-73.80073194464818, -2]
99	[-73.78093145420695, -3]
100	[-77.57116497833832, 0]
100	[-73.80073194464818, -2]
100	[-73.78093145420695, -3]
101	[-77.57116497833832, 0]
101	[-73.80073194464818, -2]
101	[-73.78093145420695, -3]
102	[-77.57116497833832, 0]
102	[-73.80073194464818, -2]
102	[-73.78093145420695, -3]
103	[-77.57116497833832, 0]
103	[-73.80073194464818, -2]
103	[-73.78093145420695, -3]
104	[-77.57116497833832, 0]
104	[-73.80073194464818, -2]
104	[-73.80073194464818, -2]
104	[-73.78093145420695, -3]
105	[-77.57116497833832, 0]
105	[-73.80073194464818, -2]
105	[-73.80073194464818, -2]
105	[-73.78093145420695, -3]
106	[-76.6844873285893, 0]
106	[-73.80073194464818, -2]
106	[-73.80073194464818, -2]
106	[-73.80073194464818, -2]
106	[-73.78093145420695, -3]
107	[-76.66450385517457, 0]
107	[-73.80073194464818, -2]
107	[-73.80073194464818, -2]
107	[-73.80073194464818, -2]
107	[-73.78093145420695, -3]
108	[-76.66450385517457, 0]
108	[-73.80073194464818, -2]
108	[-73.80073194464818, -2]
108	[-73.80073194464818, -2]
108	[-73.78093145420695, -3]
109	[-76.66450385517457, 0]
109	[-73.80073194464818, -2]
109	[-73.80073194464818, -2]
109	[-73.80073194464818, -2]
109	[-73.78093145420695, -3]
110	[-76.66450385517457, 0]
110	[-73.80073194464818, -2]
110	[-73.80073194464818, -2]
110	[-73.80073194464818, -2]
110	[-73.78093145420695, -3]
110	[-73.78093145420695, -3]
111	[-76.66450385517457, 0]
111	[-73.80073194464818, -2]
111	[-73.80073194464818, -2]
111	[-73.80073194464818, -2]
111	[-73.78093145420695, -3]
111	[-73.78093145420695, -3]
112	[-76.61482319189415, 0]
112	[-73.80073194464818, -2]
112	[-73.80073194464818, -2]
112	[-73.80073194464818, -2]
112	[-73.78093145420695, -3]
112	[-73.78093145420695, -3]
113	[-76.61482319189415, 0]
113	[-73.80073194464818, -2]
113	[-73.80073194464818, -2]
113	[-73.80073194464818, -2]
113	[-73.78093145420695, -3]
113	[-73.78093145420695, -3]
114	[-75.43678913421934, 0]
114	[-73.80073194464818, -2]
114	[-73.80073194464818, -2]
114	[-73.80073194464818, -2]
114	[-73.78093145420695, -3]
114	[-73.78093145420695, -3]
115	[-75.43678913421934, 0]
115	[-73.80073194464818, -2]
115	[-73.80073194464818, -2]
115	[-73.80073194464818, -2]
115	[-71.48309779217531, -3]
116	[-75.43678913421934, 0]
116	[-73.80073194464818, -2]
116	[-73.80073194464818, -2]
116	[-73.80073194464818, -2]
116	[-73.80073194464818, -2]
116	[-71.48309779217531, -3]
117	[-75.43678913421934, 0]
117	[-73.80073194464818, -2]
117	[-73.80073194464818, -2]
117	[-73.80073194464818, -2]
117	[-73.80073194464818, -2]
117	[-71.48309779217531, -3]
118	[-75.43678913421934, 0]
118	[-73.80073194464818, -2]
118	[-73.80073194464818, -2]
118	[-73.80073194464818, -2]
118	[-73.80073194464818, -2]
118	[-71.48309779217531, -3]
119	[-75.43678913421934, 0]
119	[-73.80073194464818, -2]
119	[-73.80073194464818, -2]
119	[-73.80073194464818, -2]
119	[-73.80073194464818, -2]
119	[-71.48309779217531, -3]
120	[-75.43678913421934, 0]
120	[-73.77793090167387, -2]
120	[-71.48309779217531, -3]
121	[-75.43678913421934, 0]
121	[-73.77793090167387, -2]
121	[-71.48309779217531, -3]
122	[-75.43678913421934, 0]
122	[-73.77793090167387, -2]
122	[-71.48309779217531, -3]
123	[-75.43678913421934, 0]
123	[-71.74791087580235, -2]
123	[-71.48309779217531, -3]
124	[-75.43678913421934, 0]
124	[-71.74791087580235, -2]
124	[-71.48309779217531, -3]
125	[-75.43678913421934, 0]
125	[-71.74791087580235, -2]
125	[-71.48309779217531, -3]
126	[-75.43678913421934, 0]
126	[-71.66370857149272, -2]
126	[-71.48309779217531, -3]
127	[-75.43678913421934, 0]
127	[-71.66370857149272, -2]
127	[-71.48309779217531, -3]
128	[-75.37557944543006, 0]
128	[-71.66370857149272, -2]
128	[-71.48309779217531, -3]
129	[-75.37557944543006, 0]
129	[-71.66370857149272, -2]
129	[-71.48309779217531, -3]
130	[-75.37557944543006, 0]
130	[-71.66370857149272, -2]
130	[-71.48309779217531, -3]
131	[-75.37557944543006, 0]
131	[-71.66370857149272, -2]
131	[-71.66370857149272, -2]
131	[-71.48309779217531, -3]
132	[-75.37557944543006, 0]
132	[-71.66370857149272, -2]
132	[-71.66370857149272, -2]
132	[-71.48309779217531, -3]
133	[-75.37557944543006, 0]
133	[-71.66370857149272, -2]
133	[-71.66370857149272, -2]
133	[-71.42165182358609, -3]
134	[-75.37557944543006, 0]
134	[-71.66370857149272, -2]
134	[-71.66370857149272, -2]
134	[-71.42165182358609, -3]
135	[-75.37557944543006, 0]
135	[-71.66370857149272, -2]
135	[-71.66370857149272, -2]
135	[-71.42165182358609, -3]
136	[-75.37557944543006, 0]
136	[-71.49280828289477, -2]
136	[-71.42165182358609, -3]
137	[-75.37557944543006, 0]
137	[-71.49280828289477, -2]
137	[-71.42165182358609, -3]
138	[-75.37557944543006, 0]
138	[-71.49280828289477, -2]
138	[-71.42165182358609, -3]
139	[-75.37557944543006, 0]
139	[-71.49280828289477, -2]
139	[-71.42165182358609, -3]
140	[-75.37557944543006, 0]
140	[-71.49280828289477, -2]
140	[-71.42165182358609, -3]
141	[-75.37557944543006, 0]
141	[-75.37557944543006, 0]
141	[-71.49280828289477, -2]
141	[-71.49280828289477, -2]
141	[-71.42165182358609, -3]
142	[-75.37557944543006, 0]
142	[-75.37557944543006, 0]
142	[-71.49280828289477, -2]
142	[-71.49280828289477, -2]
142	[-71.42165182358609, -3]
143	[-75.37557944543006, 0]
143	[-75.37557944543006, 0]
143	[-73.15703028705431, -1]
143	[-71.49280828289477, -2]
143	[-71.49280828289477, -2]
143	[-71.42165182358609, -3]
144	[-75.37557944543006, 0]
144	[-75.37557944543006, 0]
144	[-73.15703028705431, -1]
144	[-71.49280828289477, -2]
144	[-71.49280828289477, -2]
144	[-71.42165182358609, -3]
145	[-75.37557944543006, 0]
145	[-75.37557944543006, 0]
145	[-73.15703028705431, -1]
145	[-71.49280828289477, -2]
145	[-71.49280828289477, -2]
145	[-71.42165182358609, -3]
145	[-71.42165182358609, -3]
146	[-75.37557944543006, 0]
146	[-75.37557944543006, 0]
146	[-73.15703028705431, -1]
146	[-71.49280828289477, -2]
146	[-71.49280828289477, -2]
146	[-71.49280828289477, -2]
146	[-71.42165182358609, -3]
146	[-71.42165182358609, -3]
147	[-75.37557944543006, 0]
147	[-75.37557944543006, 0]
147	[-73.15703028705431, -1]
147	[-71.49280828289477, -2]
147	[-71.49280828289477, -2]
147	[-71.49280828289477, -2]
147	[-71.41358557096349, -3]
148	[-75.37557944543006, 0]
148	[-75.37557944543006, 0]
148	[-73.15703028705431, -1]
148	[-71.49280828289477, -2]
148	[-71.49280828289477, -2]
148	[-71.49280828289477, -2]
148	[-71.41358557096349, -3]
149	[-75.37557944543006, 0]
149	[-75.37557944543006, 0]
149	[-73.15703028705431, -1]
149	[-71.39513251501987, -2]
150	[-75.37557944543006, 0]
150	[-75.37557944543006, 0]
150	[-73.15703028705431, -1]
150	[-71.39513251501987, -2]
150	[-71.28608266624428, -3]
151	[-75.37557944543006, 0]
151	[-75.37557944543006, 0]
151	[-73.15703028705431, -1]
151	[-71.39513251501987, -2]
151	[-71.28608266624428, -3]
152	[-75.37557944543006, 0]
152	[-75.37557944543006, 0]
152	[-73.15703028705431, -1]
152	[-73.15703028705431, -1]
152	[-71.39513251501987, -2]
152	[-71.28608266624428, -3]
152	[-71.28608266624428, -3]
153	[-75.37557944543006, 0]
153	[-75.37557944543006, 0]
153	[-73.15703028705431, -1]
153	[-73.15703028705431, -1]
153	[-71.39513251501987, -2]
153	[-71.28608266624428, -3]
153	[-71.28608266624428, -3]
153	[-71.28608266624428, -3]
154	[-75.37557944543006, 0]
154	[-75.37557944543006, 0]
154	[-73.15703028705431, -1]
154	[-73.15703028705431, -1]
154	[-71.39513251501987, -2]
154	[-71.28608266624428, -3]
154	[-71.28608266624428, -3]
154	[-71.28608266624428, -3]
155	[-74.96711115788604, 0]
155	[-73.15703028705431, -1]
155	[-73.15703028705431, -1]
155	[-71.39513251501987, -2]
155	[-71.28608266624428, -3]
155	[-71.28608266624428, -3]
155	[-71.28608266624428, -3]
156	[-74.96711115788604, 0]
156	[-73.15703028705431, -1]
156	[-73.15703028705431, -1]
156	[-71.39513251501987, -2]
156	[-71.28608266624428, -3]
156	[-71.28608266624428, -3]
156	[-71.28608266624428, -3]
157	[-74.00689627561532, 0]
157	[-73.15703028705431, -1]
157	[-73.15703028705431, -1]
157	[-71.39021141503912, -2]
157	[-71.28608266624428, -3]
157	[-71.28608266624428, -3]
157	[-71.28608266624428, -3]
158	[-74.00689627561532, 0]
158	[-73.15703028705431, -1]
158	[-73.15703028705431, -1]
158	[-71.39021141503912, -2]
158	[-68.33834839628946, -3]
159	[-73.72373327807995, 0]
159	[-73.15703028705431, -1]
159	[-73.15703028705431, -1]
159	[-71.39021141503912, -2]
159	[-68.33834839628946, -3]
160	[-73.72373327807995, 0]
160	[-73.15703028705431, -1]
160	[-73.15703028705431, -1]
160	[-71.32228914996242, -2]
160	[-68.33834839628946, -3]
161	[-73.72373327807995, 0]
161	[-73.15703028705431, -1]
161	[-73.15703028705431, -1]
161	[-69.90382657498965, -2]
161	[-68.33834839628946, -3]
162	[-73.72373327807995, 0]
162	[-73.15703028705431, -1]
162	[-73.15703028705431, -1]
162	[-69.90382657498965, -2]
162	[-68.33834839628946, -3]
163	[-73.72373327807995, 0]
163	[-73.15703028705431, -1]
163	[-73.15703028705431, -1]
163	[-69.90382657498965, -2]
163	[-68.33834839628946, -3]
164	[-73.72373327807995, 0]
164	[-73.10509959706096, -1]
164	[-69.90382657498965, -2]
164	[-68.33834839628946, -3]
165	[-73.72373327807995, 0]
165	[-73.10509959706096, -1]
165	[-69.29343808803522, -2]
165	[-68.33834839628946, -3]
166	[-73.72373327807995, 0]
166	[-73.10509959706096, -1]
166	[-69.29343808803522, -2]
166	[-68.33834839628946, -3]
167	[-73.72373327807995, 0]
167	[-71.50490999455214, -1]
167	[-69.29343808803522, -2]
167	[-69.29343808803522, -2]
167	[-67.82968425242646, -3]
168	[-73.72373327807995, 0]
168	[-71.50490999455214, -1]
168	[-69.29343808803522, -2]
168	[-69.29343808803522, -2]
168	[-69.29343808803522, -2]
168	[-67.82968425242646, -3]
169	[-73.72373327807995, 0]
169	[-71.50490999455214, -1]
169	[-67.9052373723845, -2]
169	[-67.82968425242646, -3]
170	[-73.72373327807995, 0]
170	[-71.50490999455214, -1]
170	[-67.9052373723845, -2]
170	[-67.82968425242646, -3]
171	[-73.72373327807995, 0]
171	[-71.50490999455214, -1]
171	[-67.9052373723845, -2]
171	[-67.82968425242646, -3]
172	[-73.72373327807995, 0]
172	[-71.50490999455214, -1]
172	[-67.9052373723845, -2]
172	[-67.82968425242646, -3]
173	[-73.72373327807995, 0]
173	[-71.50490999455214, -1]
173	[-67.9052373723845, -2]
173	[-67.82968425242646, -3]
174	[-73.72373327807995, 0]
174	[-71.50490999455214, -1]
174	[-67.9052373723845, -2]
174	[-67.82968425242646, -3]
175	[-73.72373327807995, 0]
175	[-71.50490999455214, -1]
175	[-67.9052373723845, -2]
175	[-67.82968425242646, -3]
175	[-67.82968425242646, -3]
176	[-73.70275044039566, 0]
176	[-71.50490999455214, -1]
176	[-67.9052373723845, -2]
176	[-67.8260688704863, -3]
177	[-73.70275044039566, 0]
177	[-71.50490999455214, -1]
177	[-67.9052373723845, -2]
177	[-67.8260688704863, -3]
178	[-73.70275044039566, 0]
178	[-71.50490999455214, -1]
178	[-67.9052373723845, -2]
178	[-67.8260688704863, -3]
179	[-73.70275044039566, 0]
179	[-71.50490999455214, -1]
179	[-67.9052373723845, -2]
179	[-67.8260688704863, -3]
180	[-73.70275044039566, 0]
180	[-71.50490999455214, -1]
180	[-67.9052373723845, -2]
180	[-67.8260688704863, -3]
181	[-73.70275044039566, 0]
181	[-71.50490999455214, -1]
181	[-67.9052373723845, -2]
181	[-67.8260688704863, -3]
182	[-73.70275044039566, 0]
182	[-71.50490999455214, -1]
182	[-67.9052373723845, -2]
182	[-67.8260688704863, -3]
183	[-73.70275044039566, 0]
183	[-71.50490999455214, -1]
183	[-67.9052373723845, -2]
183	[-67.8260688704863, -3]
184	[-70.44768253408367, 0]
184	[-67.9052373723845, -2]
184	[-67.8260688704863, -3]
185	[-70.44768253408367, 0]
185	[-67.9052373723845, -2]
185	[-67.8260688704863, -3]
186	[-70.44768253408367, 0]
186	[-67.9052373723845, -2]
186	[-67.8260688704863, -3]
187	[-70.44768253408367, 0]
187	[-67.9052373723845, -2]
187	[-67.8260688704863, -3]
188	[-70.44768253408367, 0]
188	[-67.9052373723845, -2]
188	[-67.8260688704863, -3]
189	[-70.3550057862583, 0]
189	[-67.9052373723845, -2]
189	[-67.8260688704863, -3]
190	[-70.3550057862583, 0]
190	[-67.9052373723845, -2]
190	[-67.8260688704863, -3]
191	[-70.3550057862583, 0]
191	[-67.9052373723845, -2]
191	[-67.8260688704863, -3]
192	[-70.3550057862583, 0]
192	[-67.9052373723845, -2]
192	[-67.79137580494289, -3]
193	[-70.354227343952, 0]
193	[-67.9052373723845, -2]
193	[-67.79137580494289, -3]
194	[-70.354227343952, 0]
194	[-67.9052373723845, -2]
194	[-67.79137580494289, -3]
195	[-70.354227343952, 0]
195	[-67.9052373723845, -2]
195	[-67.77491801984706, -3]
196	[-70.354227343952, 0]
196	[-67.9052373723845, -2]
196	[-67.68484009964989, -3]
197	[-70.354227343952, 0]
197	[-67.9052373723845, -2]
197	[-67.68484009964989, -3]
198	[-70.354227343952, 0]
198	[-67.9052373723845, -2]
198	[-67.68484009964989, -3]
199	[-70.354227343952, 0]
199	[-67.9052373723845, -2]
199	[-67.68484009964989, -3]
200	[-70.354227343952, 0]
200	[-67.9052373723845, -2]
200	[-67.4948201513504, -3]
201	[-70.354227343952, 0]
201	[-67.89057960059101, -2]
201	[-67.4948201513504, -3]
202	[-70.354227343952, 0]
202	[-67.89057960059101, -2]
202	[-67.4948201513504, -3]
202	[-67.4948201513504, -3]
203	[-70.11578764580527, 0]
203	[-67.89057960059101, -2]
203	[-67.4948201513504, -3]
203	[-67.4948201513504, -3]
204	[-70.11578764580527, 0]
204	[-67.85659910725184, -2]
204	[-67.4948201513504, -3]
204	[-67.4948201513504, -3]
205	[-70.11578764580527, 0]
205	[-67.85659910725184, -2]
205	[-67.4948201513504, -3]
205	[-67.4948201513504, -3]
206	[-70.07116426589675, 0]
206	[-67.8478836020011, -2]
206	[-67.4948201513504, -3]
206	[-67.4948201513504, -3]
207	[-70.07116426589675, 0]
207	[-67.74535652763582, -2]
207	[-67.4948201513504, -3]
207	[-67.4948201513504, -3]
208	[-70.07116426589675, 0]
208	[-67.74535652763582, -2]
208	[-67.28737127145408, -3]
209	[-70.07116426589675, 0]
209	[-67.74535652763582, -2]
209	[-67.28737127145408, -3]
209	[-67.28737127145408, -3]
210	[-70.07116426589675, 0]
210	[-67.74535652763582, -2]
210	[-67.28737127145408, -3]
210	[-67.28737127145408, -3]
211	[-70.07116426589675, 0]
211	[-67.74535652763582, -2]
211	[-67.28737127145408, -3]
211	[-67.28737127145408, -3]
212	[-70.07116426589675, 0]
212	[-67.74535652763582, -2]
212	[-67.28737127145408, -3]
212	[-67.28737127145408, -3]
213	[-70.07116426589675, 0]
213	[-70.07116426589675, 0]
213	[-67.74535652763582, -2]
213	[-67.28737127145408, -3]
213	[-67.28737127145408, -3]
214	[-69.56571033495999, 0]
214	[-67.74535652763582, -2]
214	[-67.28737127145408, -3]
214	[-67.28737127145408, -3]
215	[-69.56571033495999, 0]
215	[-67.6544350537531, -2]
215	[-67.28737127145408, -3]
215	[-67.28737127145408, -3]
216	[-69.56571033495999, 0]
216	[-67.6544350537531, -2]
216	[-67.28737127145408, -3]
216	[-67.28737127145408, -3]
217	[-69.56571033495999, 0]
217	[-67.6544350537531, -2]
217	[-67.28737127145408, -3]
217	[-67.28737127145408, -3]
218	[-69.56571033495999, 0]
218	[-67.6544350537531, -2]
218	[-67.28737127145408, -3]
218	[-67.28737127145408, -3]
219	[-69.56571033495999, 0]
219	[-67.6544350537531, -2]
219	[-67.28737127145408, -3]
219	[-67.28737127145408, -3]
220	[-69.56571033495999, 0]
220	[-67.6544350537531, -2]
220	[-67.28737127145408, -3]
220	[-67.28737127145408, -3]
221	[-69.56571033495999, 0]
221	[-67.5666495594753, -2]
221	[-67.28737127145408, -3]
221	[-67.28737127145408, -3]
222	[-69.56571033495999, 0]
222	[-67.52134566764465, -2]
222	[-67.28737127145408, -3]
222	[-67.28737127145408, -3]
223	[-69.56571033495999, 0]
223	[-67.52134566764465, -2]
223	[-67.28737127145408, -3]
223	[-67.28737127145408, -3]
224	[-69.56571033495999, 0]
224	[-67.52134566764465, -2]
224	[-67.28737127145408, -3]
224	[-67.28737127145408, -3]
225	[-69.56571033495999, 0]
225	[-67.52134566764465, -2]
225	[-67.28737127145408, -3]
225	[-67.28737127145408, -3]
226	[-69.56571033495999, 0]
226	[-67.52134566764465, -2]
226	[-67.28737127145408, -3]
226	[-67.28737127145408, -3]
227	[-69.56571033495999, 0]
227	[-69.56571033495999, 0]
227	[-67.52134566764465, -2]
227	[-67.2685760783603, -3]
228	[-69.24320879269746, 0]
228	[-67.52134566764465, -2]
228	[-67.2685760783603, -3]
229	[-69.24320879269746, 0]
229	[-67.52134566764465, -2]
229	[-67.22675620620716, -3]
230	[-69.24320879269746, 0]
230	[-67.52134566764465, -2]
230	[-67.22675620620716, -3]
231	[-69.24320879269746, 0]
231	[-67.52134566764465, -2]
231	[-67.22675620620716, -3]
231	[-67.22675620620716, -3]
231	[-67.22675620620716, -3]
232	[-69.24320879269746, 0]
232	[-67.52134566764465, -2]
232	[-67.22675620620716, -3]
232	[-67.22675620620716, -3]
232	[-67.22675620620716, -3]
233	[-69.24320879269746, 0]
233	[-67.52134566764465, -2]
233	[-67.22675620620716, -3]
233	[-67.22675620620716, -3]
233	[-67.22675620620716, -3]
234	[-69.24320879269746, 0]
234	[-67.52134566764465, -2]
234	[-67.22675620620716, -3]
234	[-67.22675620620716, -3]
234	[-67.22675620620716, -3]
235	[-69.24320879269746, 0]
235	[-67.52134566764465, -2]
235	[-67.22675620620716, -3]
235	[-67.22675620620716, -3]
235	[-67.22675620620716, -3]
236	[-69.24320879269746, 0]
236	[-67.52134566764465, -2]
236	[-67.22675620620716, -3]
236	[-67.22675620620716, -3]
236	[-67.22675620620716, -3]
237	[-69.24320879269746, 0]
237	[-67.52134566764465, -2]
237	[-67.22470475313482, -3]
238	[-69.24320879269746, 0]
238	[-67.52134566764465, -2]
238	[-67.22470475313482, -3]
239	[-69.24320879269746, 0]
239	[-67.52134566764465, -2]
239	[-66.53010352756431, -3]
240	[-69.24320879269746, 0]
240	[-67.52134566764465, -2]
240	[-66.53010352756431, -3]
241	[-69.13317885134525, 0]
241	[-67.2271981031248, -2]
241	[-66.53010352756431, -3]
242	[-69.13317885134525, 0]
242	[-67.2271981031248, -2]
242	[-66.53010352756431, -3]
243	[-69.11968073942239, 0]
243	[-67.2271981031248, -2]
243	[-66.53010352756431, -3]
244	[-69.11968073942239, 0]
244	[-67.2271981031248, -2]
244	[-66.53010352756431, -3]
245	[-69.11968073942239, 0]
245	[-67.2271981031248, -2]
245	[-66.53010352756431, -3]
246	[-69.11968073942239, 0]
246	[-67.2271981031248, -2]
246	[-66.53010352756431, -3]
247	[-69.11968073942239, 0]
247	[-67.2271981031248, -2]
247	[-66.53010352756431, -3]
248	[-69.11968073942239, 0]
248	[-67.2271981031248, -2]
248	[-66.53010352756431, -3]
249	[-69.11968073942239, 0]
249	[-67.2271981031248, -2]
249	[-66.53010352756431, -3]
250	[-65.44049560590314, 0]
251	[-65.44049560590314, 0]
252	[-65.44049560590314, 0]
253	[-65.44049560590314, 0]
254	[-65.44049560590314, 0]
255	[-65.44049560590314, 0]
256	[-65.44049560590314, 0]
257	[-65.44049560590314, 0]
258	[-65.44049560590314, 0]
259	[-65.44049560590314, 0]
260	[-65.44049560590314, 0]
261	[-65.44049560590314, 0]
262	[-65.44049560590314, 0]
263	[-65.44049560590314, 0]
263	[-65.44049560590314, 0]
264	[-65.44049560590314, 0]
264	[-65.44049560590314, 0]
265	[-65.27511259277763, 0]
266	[-65.27511259277763, 0]
267	[-65.27511259277763, 0]
268	[-65.27511259277763, 0]
269	[-65.27511259277763, 0]
270	[-65.27511259277763, 0]
271	[-65.27511259277763, 0]
272	[-65.23581474448969, 0]
273	[-65.23581474448969, 0]
274	[-64.82348806288458, 0]
275	[-64.82348806288458, 0]
276	[-64.82348806288458, 0]
277	[-64.82348806288458, 0]
278	[-64.82348806288458, 0]
279	[-64.82348806288458, 0]
280	[-64.82348806288458, 0]
281	[-64.82348806288458, 0]
282	[-64.82348806288458, 0]
283	[-64.82348806288458, 0]
284	[-64.82348806288458, 0]
285	[-64.82348806288458, 0]
286	[-64.82348806288458, 0]
287	[-64.82348806288458, 0]
288	[-64.82348806288458, 0]
289	[-64.82348806288458, 0]
290	[-64.82348806288458, 0]
291	[-64.82348806288458, 0]
292	[-64.82348806288458, 0]
293	[-64.76970447870167, 0]
294	[-64.76970447870167, 0]
295	[-64.76970447870167, 0]
296	[-64.76970447870167, 0]
297	[-64.76970447870167, 0]
298	[-64.05201340049084, 0]
299	[-64.05201340049084, 0]
300	[-64.05201340049084, 0]
300	[-64.05201340049084, 0]
300	[-64.05201340049084, 0]
300	[-64.05201340049084, 0]
