0	[-11000000.0, -1]
0	[-310.42692398488293, -2]
1	[-585.7815120427643, -1]
1	[-310.42692398488293, -2]
2	[-252.14957853241017, 0]
2	[-211.96322737649461, -2]
3	[-252.14957853241017, 0]
3	[-211.96322737649461, -2]
4	[-252.14957853241017, 0]
4	[-218.47989188516655, -1]
4	[-211.96322737649461, -2]
5	[-252.14957853241017, 0]
5	[-218.47989188516655, -1]
5	[-205.80377095286485, -2]
6	[-242.83518987344996, 0]
6	[-218.47989188516655, -1]
6	[-205.80377095286485, -2]
7	[-205.8242361068407, 0]
7	[-205.80377095286485, -2]
7	[-195.52406451913868, -4]
8	[-205.8242361068407, 0]
8	[-205.80377095286485, -2]
8	[-198.50794844292244, -3]
8	[-187.5391262538051, -4]
9	[-205.8242361068407, 0]
9	[-205.80377095286485, -2]
9	[-198.50794844292244, -3]
9	[-187.5391262538051, -4]
10	[-190.05507839057577, 0]
10	[-187.5391262538051, -4]
11	[-190.05507839057577, 0]
11	[-187.5391262538051, -4]
12	[-190.05507839057577, 0]
12	[-184.3139388086385, -4]
13	[-190.05507839057577, 0]
13	[-184.3139388086385, -4]
14	[-190.05507839057577, 0]
14	[-184.3139388086385, -4]
15	[-190.05507839057577, 0]
15	[-184.3139388086385, -4]
16	[-190.05507839057577, 0]
16	[-181.6325250018552, -4]
17	[-190.05507839057577, 0]
17	[-181.6325250018552, -4]
18	[-190.05507839057577, 0]
18	[-181.6325250018552, -4]
19	[-190.05507839057577, 0]
19	[-181.35067004839257, -4]
20	[-190.05507839057577, 0]
20	[-181.35067004839257, -4]
21	[-190.05507839057577, 0]
21	[-178.56880653848134, -4]
22	[-190.05507839057577, 0]
22	[-178.56880653848134, -4]
23	[-190.05507839057577, 0]
23	[-178.56880653848134, -4]
24	[-180.80747930378894, 0]
24	[-178.56880653848134, -4]
25	[-180.80747930378894, 0]
25	[-178.56880653848134, -4]
26	[-180.80747930378894, 0]
26	[-178.56880653848134, -4]
27	[-180.80747930378894, 0]
27	[-173.40051869418807, -3]
28	[-180.80747930378894, 0]
28	[-173.40051869418807, -3]
29	[-180.80747930378894, 0]
29	[-173.40051869418807, -3]
