Generation:
398

Phenotype:
4
V1 = gm([0.5e0, -0.2e0, 0.2e1], [8.9e1, +5.0e0, 2.9e0]);
V2 = +7.6e1;
V2 = V2 + gm([3.5e1, -6.1e1, 4.0e0], [0.0e0, -8.7e1, 7.8e1]);
V3 = +5.0e0;
V3 = V3 + uniform([+1.0e0, 8.0e0], 2);

Pre-processed Program
:W = gm([0.005587, 0.994413], [-0.2, 5], [2, 2.9]);T = 76;T = T + gm([1.000000, 0.000000], [-61, -87], [4, 78]);F = 5;F = F + uniform([1.000000, 9.000000], 2);Genotype:
[378, 195, 500, 308, 382, 143, 355, 480, 285, 180, 126, 357, 110, 242, 342, 411, 490, 202, 141, 118, 430, 188, 339, 97, 436, 164, 45, 420, 12, 337, 442, 39, 144, 350, 314, 42, 319, 301, 348, 217, 366, 23, 116, 57, 439, 201, 493, 95, 445, 89, 221, 126, 81, 383, 392, 104, 100, 494, 214, 107, 130, 380, 442, 48, 43, 68, 37, 325, 308, 337]
Tree:
None
Fitness on 5000 data:
-7.459022268510543

Fitness:
-7.459022268510543