Generation:
1500

Phenotype:
4
V1 = gm([0.5e0, -0.0e0, 6.0e0], [8.9e1, +5.0e0, 2.9e0]);
V2 = +7.5e1;
V2 = V2 + gm([0.0e0, -6.1e1, 3.8e0], [0.0e1, -5.9e1, 0.3e1]);
V3 = +5.0e0;
V3 = V3 + uniform([+1.6e0, 6.9e0], 2);

Pre-processed Program
:W = gm([0.005587, 0.994413], [0, 5], [6, 2.9]);T = 75;T = T + gm([1.000000, 1.000000], [-61, -59], [3.8, 3]);F = 5;F = F + uniform([1.600000, 8.500000], 2);Genotype:
[453, 117, 484, 138, 190, 197, 308, 480, 285, 70, 190, 379, 80, 140, 236, 411, 346, 260, 276, 166, 199, 288, 309, 207, 102, 130, 45, 0, 96, 12, 42, 139, 318, 16, 6, 280, 341, 4, 128, 257, 325, 105, 32, 32, 483, 368, 100, 60, 364, 15, 201, 346, 421, 39, 326, 493, 148, 326, 94, 129, 170, 380, 249, 407, 247, 275, 429, 315, 64, 270]
Tree:
None
Fitness on 5000 data:
-6.766331220374857

Fitness:
-6.766331220374857