Generation:
798

Phenotype:
4
V1 = gm([0.5e0, -0.0e0, 6.0e0], [4.3e1, +5.0e0, 2.9e0]);
V2 = +7.6e1;
V2 = V2 + gm([0.0e0, -6.1e1, 3.7e0], [0.0e1, -5.9e1, 0.5e1]);
V3 = +5.0e0;
V3 = V3 + uniform([+1.6e0, 6.9e0], 2);

Pre-processed Program
:W = gm([0.011494, 0.988506], [0, 5], [6, 2.9]);T = 76;T = T + gm([1.000000, 1.000000], [-61, -59], [3.7, 5]);F = 5;F = F + uniform([1.600000, 8.500000], 2);Genotype:
[45, 195, 326, 202, 30, 143, 139, 480, 285, 180, 190, 107, 110, 330, 236, 411, 496, 200, 214, 156, 269, 374, 333, 207, 102, 110, 45, 380, 242, 477, 42, 139, 144, 144, 6, 92, 61, 342, 336, 217, 366, 351, 116, 79, 483, 479, 100, 60, 490, 425, 499, 346, 21, 39, 49, 493, 337, 326, 142, 297, 170, 380, 3, 95, 67, 275, 429, 315, 78, 400]
Tree:
None
Fitness on 5000 data:
-6.81989518192679

Fitness:
-6.81989518192679