Generation:
300

Phenotype:
2
V1 = gm([9.49e-3, +1.84e-3, 6.50e+0], [0.89e+0, +4.35e-2, 1.07e+1], [7.90e+3, +9.85e+0, 1.97e+0]);
V2 = +V1;
V2 = V2 + gm([7.16e-1, +9.98e+0, 6.04e+0]);
V3 = -4.53e+1 * -4.93e-2;
V3 = V3 + gm([3.75e+3, +2.78e+0, 2.83e+0]);

Pre-processed Program
:F = gm([0.000001, 0.000113, 0.999886], [0.0018, 0.0435, 9.85], [6.5, 10.7, 1.97]);T = F;T = T + gm([1.000000], [9.98], [6.04]);W = 2.2333;W = W + gm([1.000000], [2.78], [2.83]);Genotype:
[244, 55, 83, 64, 285, 499, 351, 359, 194, 219, 353, 231, 2, 216, 231, 138, 234, 293, 307, 475, 416, 275, 400, 442, 232, 377, 188, 20, 88, 299, 482, 288, 453, 272, 364, 173, 185, 29, 82, 177, 361, 470, 67, 302, 221, 396, 311, 137, 49, 480, 388, 7, 406, 202, 189, 88, 25, 408, 180, 258, 51, 469, 287, 334, 460, 184, 400, 452, 60, 14, 218, 444, 151, 324, 166, 337, 441, 116, 69, 437, 69, 140, 99, 279, 488, 296, 332, 241, 156, 20, 74, 268, 212, 112, 214, 189, 414, 297, 182, 335]
Tree:
None
Fitness on 5000 data:
-60.012263338814044

Fitness:
-60.012263338814044