0	[-256.4225045621583, -1]
1	[-256.4225045621583, -1]
2	[-195.3426942794507, 0]
2	[-122.83208240861177, -2]
3	[-157.28759774370272, 0]
3	[-122.83208240861177, -2]
4	[-156.69444253094326, 0]
4	[-117.90214489488278, -2]
5	[-156.69444253094326, 0]
5	[-128.40151060485806, -1]
5	[-117.90214489488278, -2]
6	[-156.69444253094326, 0]
6	[-128.40151060485806, -1]
6	[-117.90214489488278, -2]
7	[-156.69444253094326, 0]
7	[-126.66743819470747, -1]
7	[-117.90214489488278, -2]
8	[-156.69444253094326, 0]
8	[-126.66743819470747, -1]
8	[-117.90214489488278, -2]
9	[-143.99083360552888, 0]
9	[-126.66743819470747, -1]
9	[-117.90214489488278, -2]
10	[-143.99083360552888, 0]
10	[-126.66743819470747, -1]
10	[-117.90214489488278, -2]
11	[-129.83741780922747, 0]
11	[-122.3666202404707, -1]
11	[-117.90214489488278, -2]
12	[-129.83741780922747, 0]
12	[-122.3666202404707, -1]
12	[-117.90214489488278, -2]
13	[-129.83741780922747, 0]
13	[-121.28223582517332, -1]
13	[-113.94985944430894, -2]
14	[-129.83741780922747, 0]
14	[-121.28223582517332, -1]
14	[-113.94985944430894, -2]
15	[-129.83741780922747, 0]
15	[-121.28223582517332, -1]
15	[-113.94985944430894, -2]
16	[-129.83741780922747, 0]
16	[-121.28223582517332, -1]
16	[-113.94985944430894, -2]
17	[-129.83741780922747, 0]
17	[-121.28223582517332, -1]
17	[-111.8222068333659, -2]
17	[-109.42830809941974, -3]
18	[-129.78336237277858, 0]
18	[-112.03147599885838, -1]
18	[-111.8222068333659, -2]
18	[-109.42830809941974, -3]
19	[-129.77011773104346, 0]
19	[-112.03147599885838, -1]
19	[-111.8222068333659, -2]
19	[-109.37061791894159, -3]
20	[-127.65146968360068, 0]
20	[-112.03147599885838, -1]
20	[-111.8222068333659, -2]
20	[-109.19819882103333, -3]
21	[-121.0336221149919, 0]
21	[-112.03147599885838, -1]
21	[-111.8222068333659, -2]
21	[-109.19819882103333, -3]
22	[-121.0336221149919, 0]
22	[-112.03147599885838, -1]
22	[-111.8222068333659, -2]
22	[-109.19819882103333, -3]
23	[-121.0336221149919, 0]
23	[-112.03147599885838, -1]
23	[-111.8222068333659, -2]
23	[-109.19819882103333, -3]
24	[-121.0336221149919, 0]
24	[-112.03147599885838, -1]
24	[-111.8222068333659, -2]
24	[-109.19819882103333, -3]
25	[-121.0336221149919, 0]
25	[-112.03147599885838, -1]
25	[-111.8222068333659, -2]
25	[-109.19819882103333, -3]
26	[-121.0336221149919, 0]
26	[-104.52874886942261, -1]
27	[-121.0336221149919, 0]
27	[-104.52874886942261, -1]
28	[-121.0336221149919, 0]
28	[-104.52874886942261, -1]
29	[-121.0336221149919, 0]
29	[-104.52874886942261, -1]
30	[-121.0336221149919, 0]
30	[-104.52874886942261, -1]
30	[-102.03327731126485, -3]
31	[-121.0336221149919, 0]
31	[-104.52874886942261, -1]
31	[-102.03327731126485, -3]
32	[-117.69136165369027, 0]
32	[-104.52874886942261, -1]
32	[-102.03327731126485, -3]
33	[-117.69136165369027, 0]
33	[-104.52874886942261, -1]
33	[-102.03327731126485, -3]
34	[-115.7586088830388, 0]
34	[-104.52874886942261, -1]
34	[-102.03327731126485, -3]
35	[-115.7586088830388, 0]
35	[-104.52874886942261, -1]
35	[-102.03327731126485, -3]
36	[-115.7586088830388, 0]
36	[-103.59217194362267, -1]
36	[-102.03327731126485, -3]
37	[-115.7586088830388, 0]
37	[-103.59217194362267, -1]
37	[-102.03327731126485, -3]
38	[-112.25763734367054, 0]
38	[-103.59217194362267, -1]
38	[-102.03327731126485, -3]
39	[-112.25763734367054, 0]
39	[-103.59217194362267, -1]
39	[-102.03327731126485, -3]
40	[-112.25763734367054, 0]
40	[-103.59217194362267, -1]
40	[-102.03327731126485, -3]
41	[-112.25763734367054, 0]
41	[-103.59217194362267, -1]
41	[-102.03327731126485, -3]
42	[-112.25763734367054, 0]
42	[-103.59217194362267, -1]
42	[-102.03327731126485, -3]
43	[-112.25763734367054, 0]
43	[-103.59217194362267, -1]
43	[-102.03327731126485, -3]
44	[-111.45692440570895, 0]
44	[-103.59217194362267, -1]
44	[-102.03327731126485, -3]
45	[-111.45692440570895, 0]
45	[-103.59217194362267, -1]
45	[-102.03327731126485, -3]
46	[-111.2218959845968, 0]
46	[-103.59217194362267, -1]
46	[-102.03327731126485, -3]
47	[-111.2218959845968, 0]
47	[-103.59217194362267, -1]
47	[-102.03327731126485, -3]
48	[-111.2218959845968, 0]
48	[-103.35106195035954, -1]
48	[-102.03327731126485, -3]
49	[-110.91538159436134, 0]
49	[-103.35106195035954, -1]
49	[-102.03327731126485, -3]
50	[-110.91538159436134, 0]
50	[-110.91538159436134, 0]
50	[-103.35106195035954, -1]
50	[-102.03327731126485, -3]
51	[-110.91538159436134, 0]
51	[-110.91538159436134, 0]
51	[-103.35106195035954, -1]
51	[-102.03327731126485, -3]
52	[-110.91538159436134, 0]
52	[-110.91538159436134, 0]
52	[-103.35106195035954, -1]
52	[-102.03327731126485, -3]
53	[-109.2383666554239, 0]
53	[-103.35106195035954, -1]
53	[-102.03327731126485, -3]
54	[-109.2383666554239, 0]
54	[-109.2383666554239, 0]
54	[-103.35106195035954, -1]
54	[-102.03327731126485, -3]
55	[-109.2383666554239, 0]
55	[-109.2383666554239, 0]
55	[-103.35106195035954, -1]
55	[-103.10336632210166, -2]
55	[-102.03327731126485, -3]
56	[-109.2383666554239, 0]
56	[-109.2383666554239, 0]
56	[-103.35106195035954, -1]
56	[-103.10336632210166, -2]
56	[-102.03327731126485, -3]
57	[-109.2383666554239, 0]
57	[-109.2383666554239, 0]
57	[-103.35106195035954, -1]
57	[-103.10336632210166, -2]
57	[-102.03327731126485, -3]
58	[-109.2383666554239, 0]
58	[-109.2383666554239, 0]
58	[-103.35106195035954, -1]
58	[-103.10336632210166, -2]
58	[-101.89856860677413, -3]
59	[-109.2383666554239, 0]
59	[-109.2383666554239, 0]
59	[-103.35106195035954, -1]
59	[-103.10336632210166, -2]
59	[-101.89856860677413, -3]
60	[-109.2383666554239, 0]
60	[-109.2383666554239, 0]
60	[-103.35106195035954, -1]
60	[-103.10336632210166, -2]
60	[-101.89856860677413, -3]
61	[-108.91244579737034, 0]
61	[-103.35106195035954, -1]
61	[-103.10336632210166, -2]
61	[-101.89856860677413, -3]
62	[-108.91244579737034, 0]
62	[-103.35106195035954, -1]
62	[-103.10336632210166, -2]
62	[-101.89856860677413, -3]
63	[-108.91244579737034, 0]
63	[-103.35106195035954, -1]
63	[-103.10336632210166, -2]
63	[-101.70968664263017, -3]
64	[-108.91244579737034, 0]
64	[-103.35106195035954, -1]
64	[-103.10336632210166, -2]
64	[-101.70968664263017, -3]
65	[-108.91244579737034, 0]
65	[-103.35106195035954, -1]
65	[-103.10336632210166, -2]
65	[-101.70968664263017, -3]
66	[-108.91244579737034, 0]
66	[-103.35106195035954, -1]
66	[-103.10336632210166, -2]
66	[-101.70968664263017, -3]
67	[-107.79578839539924, 0]
67	[-103.02880082862968, -1]
67	[-101.70968664263017, -3]
68	[-107.52866807912774, 0]
68	[-103.02880082862968, -1]
68	[-101.70968664263017, -3]
69	[-107.52866807912774, 0]
69	[-103.02880082862968, -1]
69	[-101.70968664263017, -3]
70	[-107.42317892512942, 0]
70	[-103.02880082862968, -1]
70	[-102.49400494383974, -2]
70	[-101.70968664263017, -3]
71	[-107.42317892512942, 0]
71	[-103.02880082862968, -1]
71	[-102.49400494383974, -2]
71	[-101.70968664263017, -3]
72	[-107.42317892512942, 0]
72	[-103.02880082862968, -1]
72	[-102.49400494383974, -2]
72	[-101.70968664263017, -3]
73	[-107.31992648532601, 0]
73	[-103.02880082862968, -1]
73	[-102.49400494383974, -2]
73	[-101.70968664263017, -3]
74	[-107.31876042906018, 0]
74	[-103.02880082862968, -1]
74	[-102.49400494383974, -2]
74	[-101.70968664263017, -3]
75	[-107.31876042906018, 0]
75	[-103.02880082862968, -1]
75	[-102.33759042941794, -2]
75	[-101.70968664263017, -3]
76	[-107.31876042906018, 0]
76	[-103.02880082862968, -1]
76	[-102.33759042941794, -2]
76	[-101.70968664263017, -3]
77	[-107.31876042906018, 0]
77	[-103.02880082862968, -1]
77	[-102.33759042941794, -2]
77	[-101.70968664263017, -3]
78	[-107.31876042906018, 0]
78	[-103.02880082862968, -1]
78	[-102.33759042941794, -2]
78	[-101.70968664263017, -3]
79	[-107.31876042906018, 0]
79	[-103.02880082862968, -1]
79	[-102.33759042941794, -2]
79	[-101.70968664263017, -3]
80	[-107.31876042906018, 0]
80	[-103.02880082862968, -1]
80	[-102.33759042941794, -2]
80	[-101.70968664263017, -3]
81	[-107.31876042906018, 0]
81	[-103.02880082862968, -1]
81	[-98.02431866806029, -2]
82	[-107.31876042906018, 0]
82	[-103.02880082862968, -1]
82	[-98.02431866806029, -2]
83	[-107.31876042906018, 0]
83	[-103.02880082862968, -1]
83	[-98.02431866806029, -2]
84	[-107.31876042906018, 0]
84	[-103.02880082862968, -1]
84	[-98.02431866806029, -2]
85	[-107.04053608355707, 0]
85	[-103.02880082862968, -1]
85	[-93.62193910258273, -2]
86	[-107.04053608355707, 0]
86	[-103.02880082862968, -1]
86	[-93.62193910258273, -2]
87	[-107.04053608355707, 0]
87	[-103.02880082862968, -1]
87	[-93.62193910258273, -2]
88	[-107.04053608355707, 0]
88	[-103.02880082862968, -1]
88	[-93.62193910258273, -2]
89	[-107.04053608355707, 0]
89	[-103.02880082862968, -1]
89	[-93.62193910258273, -2]
90	[-107.04053608355707, 0]
90	[-103.02880082862968, -1]
90	[-93.62193910258273, -2]
91	[-107.04053608355707, 0]
91	[-103.02880082862968, -1]
91	[-93.62193910258273, -2]
92	[-107.04053608355707, 0]
92	[-103.02880082862968, -1]
92	[-93.62193910258273, -2]
93	[-107.04053608355707, 0]
93	[-102.54415774889824, -1]
93	[-93.62193910258273, -2]
94	[-107.00816457457015, 0]
94	[-102.54415774889824, -1]
94	[-93.62193910258273, -2]
95	[-107.00816457457015, 0]
95	[-102.54415774889824, -1]
95	[-93.62193910258273, -2]
96	[-106.99786235513704, 0]
96	[-102.54415774889824, -1]
96	[-93.62193910258273, -2]
97	[-106.5964365727659, 0]
97	[-102.54415774889824, -1]
97	[-93.62193910258273, -2]
98	[-106.5964365727659, 0]
98	[-102.54415774889824, -1]
98	[-93.62193910258273, -2]
99	[-106.5964365727659, 0]
99	[-102.54415774889824, -1]
99	[-89.12021597027156, -2]
100	[-106.5964365727659, 0]
100	[-102.54415774889824, -1]
100	[-89.12021597027156, -2]
101	[-106.57944374459463, 0]
101	[-102.54415774889824, -1]
101	[-89.12021597027156, -2]
102	[-106.57944374459463, 0]
102	[-102.54415774889824, -1]
102	[-89.12021597027156, -2]
103	[-106.5706725197223, 0]
103	[-102.54415774889824, -1]
103	[-89.12021597027156, -2]
104	[-106.56544889222037, 0]
104	[-102.54415774889824, -1]
104	[-89.12021597027156, -2]
105	[-106.56544889222037, 0]
105	[-102.54415774889824, -1]
105	[-88.40363656576852, -2]
106	[-106.56544889222037, 0]
106	[-102.5039203268618, -1]
106	[-88.40363656576852, -2]
107	[-106.56544889222037, 0]
107	[-102.5039203268618, -1]
107	[-88.40363656576852, -2]
108	[-106.56544889222037, 0]
108	[-102.5039203268618, -1]
108	[-88.40363656576852, -2]
109	[-106.56544889222037, 0]
109	[-102.5039203268618, -1]
109	[-88.40253706999303, -2]
110	[-105.99561457981264, 0]
110	[-102.5039203268618, -1]
110	[-88.40253706999303, -2]
111	[-105.99561457981264, 0]
111	[-102.5039203268618, -1]
111	[-88.40253706999303, -2]
112	[-105.99561457981264, 0]
112	[-102.5039203268618, -1]
112	[-88.40253706999303, -2]
113	[-105.59545241190807, 0]
113	[-102.5039203268618, -1]
113	[-88.40253706999303, -2]
114	[-105.59545241190807, 0]
114	[-102.5039203268618, -1]
114	[-85.06617392292526, -2]
115	[-105.59545241190807, 0]
115	[-102.5039203268618, -1]
115	[-84.04505925043016, -2]
116	[-105.59545241190807, 0]
116	[-102.5039203268618, -1]
116	[-84.04505925043016, -2]
117	[-105.59545241190807, 0]
117	[-102.5039203268618, -1]
117	[-84.04505925043016, -2]
118	[-103.46360397501013, 0]
118	[-102.5039203268618, -1]
118	[-84.04505925043016, -2]
119	[-103.46360397501013, 0]
119	[-102.5039203268618, -1]
119	[-84.04505925043016, -2]
120	[-103.46360397501013, 0]
120	[-102.5039203268618, -1]
120	[-84.04505925043016, -2]
121	[-103.46360397501013, 0]
121	[-102.5039203268618, -1]
121	[-84.04505925043016, -2]
122	[-103.46360397501013, 0]
122	[-102.5039203268618, -1]
122	[-84.04505925043016, -2]
123	[-103.46360397501013, 0]
123	[-102.5039203268618, -1]
123	[-84.04505925043016, -2]
124	[-103.46360397501013, 0]
124	[-101.38647535896528, -1]
124	[-83.85408463406083, -2]
125	[-103.46360397501013, 0]
125	[-101.38647535896528, -1]
125	[-83.85408463406083, -2]
126	[-103.4575989343767, 0]
126	[-101.38647535896528, -1]
126	[-83.85408463406083, -2]
126	[-83.85408463406083, -2]
127	[-103.45087659565161, 0]
127	[-101.38647535896528, -1]
127	[-83.85408463406083, -2]
127	[-83.85408463406083, -2]
128	[-103.45087659565161, 0]
128	[-100.71445293310279, -1]
128	[-83.85408463406083, -2]
128	[-83.85408463406083, -2]
129	[-103.45087659565161, 0]
129	[-100.71445293310279, -1]
129	[-83.85408463406083, -2]
129	[-83.85408463406083, -2]
130	[-102.81697144289483, 0]
130	[-100.71445293310279, -1]
130	[-83.85408463406083, -2]
130	[-83.85408463406083, -2]
131	[-99.56530694384577, 0]
131	[-82.65311548997353, -2]
132	[-99.56530694384577, 0]
132	[-82.65311548997353, -2]
133	[-99.56530694384577, 0]
133	[-82.65311548997353, -2]
134	[-99.56530694384577, 0]
134	[-82.65311548997353, -2]
135	[-99.56530694384577, 0]
135	[-82.65311548997353, -2]
136	[-99.56530694384577, 0]
136	[-82.65311548997353, -2]
137	[-99.56530694384577, 0]
137	[-82.65311548997353, -2]
138	[-99.56530694384577, 0]
138	[-82.65311548997353, -2]
139	[-99.56530694384577, 0]
139	[-82.65311548997353, -2]
140	[-99.56530694384577, 0]
140	[-82.65311548997353, -2]
141	[-99.56530694384577, 0]
141	[-82.65311548997353, -2]
142	[-99.56530694384577, 0]
142	[-82.65311548997353, -2]
143	[-99.55743986293817, 0]
143	[-82.65311548997353, -2]
144	[-99.55743986293817, 0]
144	[-82.65311548997353, -2]
145	[-99.55743986293817, 0]
145	[-82.65311548997353, -2]
146	[-99.52572442431332, 0]
146	[-82.65311548997353, -2]
147	[-99.52572442431332, 0]
147	[-82.65311548997353, -2]
148	[-99.52572442431332, 0]
148	[-82.65311548997353, -2]
149	[-99.52572442431332, 0]
149	[-82.65311548997353, -2]
150	[-99.52572442431332, 0]
150	[-82.65311548997353, -2]
151	[-99.52572442431332, 0]
151	[-82.65311548997353, -2]
152	[-99.52572442431332, 0]
152	[-96.34569582508884, -1]
152	[-82.64661842182855, -2]
153	[-99.52572442431332, 0]
153	[-96.34569582508884, -1]
153	[-82.64661842182855, -2]
154	[-99.52309732943675, 0]
154	[-96.34569582508884, -1]
154	[-82.64661842182855, -2]
155	[-99.52309732943675, 0]
155	[-96.34569582508884, -1]
155	[-82.4071517634555, -2]
156	[-99.52309732943675, 0]
156	[-96.34569582508884, -1]
156	[-82.4071517634555, -2]
157	[-99.52309732943675, 0]
157	[-96.34569582508884, -1]
157	[-82.4071517634555, -2]
158	[-99.52309732943675, 0]
158	[-96.34569582508884, -1]
158	[-82.4071517634555, -2]
159	[-99.52309732943675, 0]
159	[-96.34569582508884, -1]
159	[-82.4071517634555, -2]
159	[-82.4071517634555, -2]
160	[-99.4039888547438, 0]
160	[-96.34569582508884, -1]
160	[-82.4071517634555, -2]
160	[-82.4071517634555, -2]
161	[-99.4039888547438, 0]
161	[-96.34569582508884, -1]
161	[-82.4071517634555, -2]
161	[-82.4071517634555, -2]
161	[-82.4071517634555, -2]
162	[-99.4039888547438, 0]
162	[-96.34569582508884, -1]
162	[-82.4071517634555, -2]
162	[-82.4071517634555, -2]
162	[-82.4071517634555, -2]
163	[-99.4039888547438, 0]
163	[-96.34569582508884, -1]
163	[-82.4071517634555, -2]
163	[-82.4071517634555, -2]
163	[-82.4071517634555, -2]
164	[-99.4039888547438, 0]
164	[-96.34569582508884, -1]
164	[-82.4071517634555, -2]
164	[-82.4071517634555, -2]
164	[-82.4071517634555, -2]
165	[-99.4039888547438, 0]
165	[-96.34569582508884, -1]
165	[-82.30999261070548, -2]
166	[-99.4039888547438, 0]
166	[-96.34569582508884, -1]
166	[-82.30999261070548, -2]
167	[-99.4039888547438, 0]
167	[-96.34569582508884, -1]
167	[-82.30999261070548, -2]
168	[-99.37141372555723, 0]
168	[-84.4620790271948, -1]
168	[-82.30999261070548, -2]
169	[-99.37141372555723, 0]
169	[-84.4620790271948, -1]
169	[-82.30999261070548, -2]
170	[-99.37141372555723, 0]
170	[-84.4620790271948, -1]
170	[-82.30999261070548, -2]
170	[-82.30999261070548, -2]
171	[-99.37141372555723, 0]
171	[-84.4620790271948, -1]
171	[-82.27246059492775, -2]
172	[-99.37141372555723, 0]
172	[-84.4620790271948, -1]
172	[-82.20457254336048, -2]
173	[-99.37141372555723, 0]
173	[-84.4620790271948, -1]
173	[-82.20457254336048, -2]
174	[-99.37141372555723, 0]
174	[-84.4620790271948, -1]
174	[-82.20457254336048, -2]
175	[-99.37141372555723, 0]
175	[-84.4620790271948, -1]
175	[-82.20457254336048, -2]
176	[-99.37141372555723, 0]
176	[-84.4620790271948, -1]
176	[-82.20457254336048, -2]
177	[-99.37141372555723, 0]
177	[-84.4620790271948, -1]
177	[-82.20457254336048, -2]
177	[-82.1507959229181, -3]
178	[-99.37141372555723, 0]
178	[-84.4620790271948, -1]
178	[-82.20457254336048, -2]
178	[-82.12539477238232, -3]
179	[-99.35620797781291, 0]
179	[-84.4620790271948, -1]
179	[-82.20457254336048, -2]
179	[-82.12539477238232, -3]
180	[-99.35620797781291, 0]
180	[-84.4620790271948, -1]
180	[-81.97972331226023, -2]
181	[-99.35620797781291, 0]
181	[-84.4620790271948, -1]
181	[-81.97972331226023, -2]
182	[-99.35620797781291, 0]
182	[-84.4620790271948, -1]
182	[-81.97972331226023, -2]
183	[-99.35620797781291, 0]
183	[-84.4620790271948, -1]
183	[-81.97972331226023, -2]
184	[-99.35620797781291, 0]
184	[-84.4620790271948, -1]
184	[-81.97972331226023, -2]
185	[-99.3356396405201, 0]
185	[-84.4620790271948, -1]
185	[-81.97972331226023, -2]
186	[-99.3356396405201, 0]
186	[-84.4620790271948, -1]
186	[-81.97972331226023, -2]
187	[-98.26422460284759, 0]
187	[-84.4620790271948, -1]
187	[-81.97972331226023, -2]
188	[-98.26422460284759, 0]
188	[-84.4620790271948, -1]
188	[-80.28962154257466, -2]
189	[-98.26422460284759, 0]
189	[-84.4620790271948, -1]
189	[-80.28962154257466, -2]
190	[-98.26422460284759, 0]
190	[-84.4620790271948, -1]
190	[-80.28962154257466, -2]
191	[-98.26422460284759, 0]
191	[-84.4620790271948, -1]
191	[-80.28962154257466, -2]
192	[-98.26422460284759, 0]
192	[-84.4620790271948, -1]
192	[-80.28962154257466, -2]
193	[-98.26422460284759, 0]
193	[-84.4620790271948, -1]
193	[-80.28962154257466, -2]
194	[-98.26422460284759, 0]
194	[-84.4620790271948, -1]
194	[-80.28962154257466, -2]
195	[-98.26422460284759, 0]
195	[-82.56091030073856, -1]
195	[-80.28962154257466, -2]
196	[-98.26422460284759, 0]
196	[-82.56091030073856, -1]
196	[-80.28962154257466, -2]
197	[-98.26422460284759, 0]
197	[-82.56091030073856, -1]
197	[-80.28962154257466, -2]
198	[-98.26422460284759, 0]
198	[-82.56091030073856, -1]
198	[-80.28962154257466, -2]
199	[-98.26422460284759, 0]
199	[-82.56091030073856, -1]
199	[-80.28962154257466, -2]
200	[-98.26422460284759, 0]
200	[-82.56091030073856, -1]
200	[-80.28962154257466, -2]
201	[-98.26422460284759, 0]
201	[-82.56091030073856, -1]
201	[-80.28962154257466, -2]
202	[-98.26422460284759, 0]
202	[-82.56091030073856, -1]
202	[-80.28962154257466, -2]
203	[-98.26422460284759, 0]
203	[-82.56091030073856, -1]
203	[-80.28962154257466, -2]
204	[-98.26422460284759, 0]
204	[-82.56091030073856, -1]
204	[-80.28962154257466, -2]
205	[-98.26422460284759, 0]
205	[-82.56091030073856, -1]
205	[-80.28962154257466, -2]
206	[-98.26422460284759, 0]
206	[-82.56091030073856, -1]
206	[-80.28962154257466, -2]
207	[-98.26422460284759, 0]
207	[-82.56091030073856, -1]
207	[-80.28962154257466, -2]
208	[-97.76066855648013, 0]
208	[-82.56091030073856, -1]
208	[-80.28962154257466, -2]
209	[-97.76066855648013, 0]
209	[-82.56091030073856, -1]
209	[-80.28962154257466, -2]
210	[-97.76066855648013, 0]
210	[-82.56091030073856, -1]
210	[-80.28962154257466, -2]
211	[-97.76066855648013, 0]
211	[-82.56091030073856, -1]
211	[-80.28962154257466, -2]
212	[-97.76066855648013, 0]
212	[-82.56091030073856, -1]
212	[-80.28962154257466, -2]
213	[-97.76066855648013, 0]
213	[-82.56091030073856, -1]
213	[-80.20788473491098, -2]
214	[-97.76066855648013, 0]
214	[-82.56091030073856, -1]
214	[-80.20788473491098, -2]
215	[-97.76066855648013, 0]
215	[-82.56091030073856, -1]
215	[-80.20788473491098, -2]
216	[-97.76066855648013, 0]
216	[-82.56091030073856, -1]
216	[-80.20788473491098, -2]
217	[-97.72817662745548, 0]
217	[-82.56091030073856, -1]
217	[-80.20788473491098, -2]
218	[-97.72817662745548, 0]
218	[-82.56091030073856, -1]
218	[-80.20788473491098, -2]
219	[-97.72817662745548, 0]
219	[-82.56091030073856, -1]
219	[-80.20788473491098, -2]
220	[-97.72817662745548, 0]
220	[-82.56091030073856, -1]
220	[-80.20788473491098, -2]
221	[-97.72817662745548, 0]
221	[-82.56091030073856, -1]
221	[-80.20788473491098, -2]
222	[-97.72817662745548, 0]
222	[-82.51090127571663, -1]
222	[-80.16254204833099, -2]
223	[-97.72817662745548, 0]
223	[-82.34472248403407, -1]
223	[-80.16254204833099, -2]
224	[-97.72817662745548, 0]
224	[-82.34472248403407, -1]
224	[-80.16254204833099, -2]
225	[-97.72817662745548, 0]
225	[-82.34472248403407, -1]
225	[-80.16254204833099, -2]
226	[-97.72817662745548, 0]
226	[-82.13550941291145, -1]
226	[-80.16254204833099, -2]
227	[-97.72817662745548, 0]
227	[-82.13550941291145, -1]
227	[-80.16254204833099, -2]
228	[-97.72817662745548, 0]
228	[-82.13550941291145, -1]
228	[-80.16254204833099, -2]
229	[-97.72817662745548, 0]
229	[-82.13550941291145, -1]
229	[-80.16254204833099, -2]
230	[-97.72817662745548, 0]
230	[-82.13550941291145, -1]
230	[-80.16254204833099, -2]
231	[-97.72817662745548, 0]
231	[-82.13550941291145, -1]
231	[-80.16254204833099, -2]
232	[-97.72817662745548, 0]
232	[-82.13550941291145, -1]
232	[-80.16254204833099, -2]
233	[-97.72817662745548, 0]
233	[-82.13550941291145, -1]
233	[-80.16254204833099, -2]
234	[-97.72817662745548, 0]
234	[-82.13550941291145, -1]
234	[-80.16254204833099, -2]
235	[-97.72817662745548, 0]
235	[-97.72817662745548, 0]
235	[-82.13550941291145, -1]
235	[-80.16254204833099, -2]
236	[-97.72817662745548, 0]
236	[-97.72817662745548, 0]
236	[-82.13550941291145, -1]
236	[-80.16254204833099, -2]
237	[-97.72817662745548, 0]
237	[-97.72817662745548, 0]
237	[-82.13550941291145, -1]
237	[-80.16254204833099, -2]
238	[-97.72817662745548, 0]
238	[-97.72817662745548, 0]
238	[-82.13550941291145, -1]
238	[-80.16254204833099, -2]
239	[-97.62685159916974, 0]
239	[-82.13550941291145, -1]
239	[-82.13550941291145, -1]
239	[-80.11029228453663, -2]
240	[-97.62685159916974, 0]
240	[-80.73620586573952, -1]
240	[-80.11029228453663, -2]
241	[-97.62685159916974, 0]
241	[-80.73620586573952, -1]
241	[-80.11029228453663, -2]
242	[-97.62685159916974, 0]
242	[-80.73620586573952, -1]
242	[-80.73620586573952, -1]
242	[-80.11029228453663, -2]
243	[-97.62685159916974, 0]
243	[-80.69217902658227, -1]
243	[-80.1006230894668, -2]
244	[-97.62685159916974, 0]
244	[-80.69217902658227, -1]
244	[-80.1006230894668, -2]
245	[-97.62685159916974, 0]
245	[-80.69217902658227, -1]
245	[-79.13355776085179, -2]
246	[-97.62685159916974, 0]
246	[-80.69217902658227, -1]
246	[-79.13355776085179, -2]
247	[-97.62685159916974, 0]
247	[-80.69217902658227, -1]
247	[-79.13355776085179, -2]
248	[-97.62685159916974, 0]
248	[-80.69217902658227, -1]
248	[-79.13355776085179, -2]
249	[-97.62685159916974, 0]
249	[-80.69217902658227, -1]
249	[-79.13355776085179, -2]
250	[-97.62685159916974, 0]
250	[-80.69217902658227, -1]
250	[-79.13355776085179, -2]
251	[-97.62685159916974, 0]
251	[-80.69217902658227, -1]
251	[-79.13355776085179, -2]
252	[-97.62685159916974, 0]
252	[-80.69217902658227, -1]
252	[-79.13355776085179, -2]
253	[-97.62685159916974, 0]
253	[-80.69217902658227, -1]
253	[-79.13355776085179, -2]
254	[-97.62685159916974, 0]
254	[-80.69217902658227, -1]
254	[-79.13355776085179, -2]
255	[-97.62685159916974, 0]
255	[-80.69217902658227, -1]
255	[-79.13355776085179, -2]
256	[-97.62685159916974, 0]
256	[-80.69217902658227, -1]
256	[-79.13355776085179, -2]
257	[-97.62685159916974, 0]
257	[-80.69217902658227, -1]
257	[-79.13355776085179, -2]
258	[-97.62685159916974, 0]
258	[-80.69217902658227, -1]
258	[-79.13355776085179, -2]
259	[-97.42049840425922, 0]
259	[-80.69217902658227, -1]
259	[-79.13355776085179, -2]
260	[-97.42049840425922, 0]
260	[-80.69217902658227, -1]
260	[-79.13355776085179, -2]
261	[-97.42049840425922, 0]
261	[-80.69217902658227, -1]
261	[-79.13355776085179, -2]
262	[-97.42049840425922, 0]
262	[-79.69695001723913, -1]
262	[-79.13355776085179, -2]
263	[-97.42049840425922, 0]
263	[-79.69695001723913, -1]
263	[-79.13355776085179, -2]
264	[-97.42049840425922, 0]
264	[-79.69695001723913, -1]
264	[-79.13355776085179, -2]
265	[-97.42049840425922, 0]
265	[-79.69695001723913, -1]
265	[-79.13355776085179, -2]
266	[-97.42049840425922, 0]
266	[-79.69695001723913, -1]
266	[-79.13355776085179, -2]
267	[-97.42049840425922, 0]
267	[-79.51333905690555, -1]
267	[-79.13355776085179, -2]
268	[-97.42049840425922, 0]
268	[-79.51333905690555, -1]
268	[-79.13355776085179, -2]
269	[-97.42049840425922, 0]
269	[-97.42049840425922, 0]
269	[-79.51333905690555, -1]
269	[-79.13355776085179, -2]
270	[-97.42049840425922, 0]
270	[-97.42049840425922, 0]
270	[-79.51333905690555, -1]
270	[-79.13355776085179, -2]
271	[-97.42049840425922, 0]
271	[-97.42049840425922, 0]
271	[-79.51333905690555, -1]
271	[-79.13355776085179, -2]
272	[-97.41661706484162, 0]
272	[-79.51333905690555, -1]
272	[-79.13355776085179, -2]
272	[-79.13355776085179, -2]
273	[-97.41661706484162, 0]
273	[-79.51333905690555, -1]
273	[-79.13355776085179, -2]
273	[-79.13355776085179, -2]
274	[-97.41661706484162, 0]
274	[-79.51333905690555, -1]
274	[-79.13355776085179, -2]
274	[-79.13355776085179, -2]
275	[-97.41661706484162, 0]
275	[-79.51333905690555, -1]
275	[-79.13355776085179, -2]
275	[-79.13355776085179, -2]
276	[-97.41661706484162, 0]
276	[-79.51333905690555, -1]
276	[-79.13355776085179, -2]
276	[-79.13355776085179, -2]
277	[-97.41661706484162, 0]
277	[-79.51333905690555, -1]
277	[-79.13355776085179, -2]
277	[-79.13355776085179, -2]
278	[-97.41661706484162, 0]
278	[-97.41661706484162, 0]
278	[-79.51333905690555, -1]
278	[-79.13355776085179, -2]
278	[-79.13355776085179, -2]
279	[-97.41661706484162, 0]
279	[-97.41661706484162, 0]
279	[-79.51333905690555, -1]
279	[-79.13355776085179, -2]
279	[-79.13355776085179, -2]
280	[-97.41661706484162, 0]
280	[-97.41661706484162, 0]
280	[-79.51333905690555, -1]
280	[-79.13355776085179, -2]
280	[-79.13355776085179, -2]
281	[-97.41661706484162, 0]
281	[-97.41661706484162, 0]
281	[-79.51333905690555, -1]
281	[-79.13355776085179, -2]
281	[-79.13355776085179, -2]
282	[-97.41661706484162, 0]
282	[-97.41661706484162, 0]
282	[-79.51333905690555, -1]
282	[-79.13355776085179, -2]
282	[-79.13355776085179, -2]
283	[-97.41661706484162, 0]
283	[-97.41661706484162, 0]
283	[-79.51333905690555, -1]
283	[-79.13355776085179, -2]
283	[-79.13355776085179, -2]
284	[-97.41661706484162, 0]
284	[-97.41661706484162, 0]
284	[-79.51333905690555, -1]
284	[-79.13355776085179, -2]
284	[-79.13355776085179, -2]
285	[-97.41661706484162, 0]
285	[-97.41661706484162, 0]
285	[-79.51333905690555, -1]
285	[-79.13355776085179, -2]
285	[-79.13355776085179, -2]
286	[-97.41661706484162, 0]
286	[-97.41661706484162, 0]
286	[-79.51333905690555, -1]
286	[-79.13355776085179, -2]
286	[-79.13355776085179, -2]
287	[-97.41661706484162, 0]
287	[-97.41661706484162, 0]
287	[-79.51333905690555, -1]
287	[-79.13355776085179, -2]
287	[-79.13355776085179, -2]
288	[-97.41661706484162, 0]
288	[-97.41661706484162, 0]
288	[-79.51333905690555, -1]
288	[-79.13355776085179, -2]
288	[-79.13355776085179, -2]
289	[-97.41661706484162, 0]
289	[-97.41661706484162, 0]
289	[-79.51333905690555, -1]
289	[-79.13355776085179, -2]
289	[-79.13355776085179, -2]
290	[-97.41661706484162, 0]
290	[-97.41661706484162, 0]
290	[-79.51333905690555, -1]
290	[-79.13355776085179, -2]
290	[-79.13355776085179, -2]
291	[-97.41661706484162, 0]
291	[-97.41661706484162, 0]
291	[-79.51333905690555, -1]
291	[-79.13355776085179, -2]
291	[-79.13355776085179, -2]
292	[-97.41661706484162, 0]
292	[-97.41661706484162, 0]
292	[-79.51333905690555, -1]
292	[-79.13355776085179, -2]
292	[-79.13355776085179, -2]
293	[-97.38644053646397, 0]
293	[-79.51333905690555, -1]
293	[-79.13355776085179, -2]
293	[-79.13355776085179, -2]
294	[-97.38644053646397, 0]
294	[-79.51333905690555, -1]
294	[-79.13355776085179, -2]
294	[-79.13355776085179, -2]
294	[-79.13355776085179, -2]
295	[-97.38644053646397, 0]
295	[-79.51333905690555, -1]
295	[-79.13355776085179, -2]
295	[-79.13355776085179, -2]
295	[-79.13355776085179, -2]
296	[-97.32739884178021, 0]
296	[-79.51333905690555, -1]
296	[-79.13355776085179, -2]
296	[-79.13355776085179, -2]
296	[-79.13355776085179, -2]
297	[-97.32739884178021, 0]
297	[-79.51333905690555, -1]
297	[-79.13355776085179, -2]
297	[-79.13355776085179, -2]
297	[-79.13355776085179, -2]
297	[-79.13355776085179, -2]
298	[-97.32739884178021, 0]
298	[-79.51333905690555, -1]
298	[-79.13355776085179, -2]
298	[-79.13355776085179, -2]
298	[-79.13355776085179, -2]
298	[-79.13355776085179, -2]
299	[-97.32739884178021, 0]
299	[-79.51333905690555, -1]
299	[-79.13355776085179, -2]
299	[-79.13355776085179, -2]
299	[-79.13355776085179, -2]
299	[-79.13355776085179, -2]
300	[-97.32739884178021, 0]
300	[-79.51333905690555, -1]
300	[-79.13355776085179, -2]
300	[-79.13355776085179, -2]
300	[-79.13355776085179, -2]
300	[-79.13355776085179, -2]
300	[-97.32739884178021, 0]
300	[-79.51333905690555, -1]
300	[-79.13355776085179, -2]
300	[-79.13355776085179, -2]
300	[-79.13355776085179, -2]
300	[-79.13355776085179, -2]
