Generation:
398

Phenotype:
4
V1 = uniform([+2.3e0, 5.6e0], 2);
V2 = gm([2.2e0, +9.8e0, 3.0e0]);
V3 = uniform([+6.4e0, 7.3e0], 2);

Pre-processed Program
:C = uniform([2.300000, 7.900000], 2);T = gm([1.000000], [9.8], [3]);F = uniform([6.400000, 13.700000], 2);Genotype:
[238, 393, 213, 422, 151, 222, 252, 443, 108, 77, 365, 236, 328, 100, 216, 178, 144, 122, 362, 254, 131, 202, 349, 148, 42, 214, 213, 380, 458, 43, 204, 105, 166, 196, 284, 220, 402, 217, 293, 0, 404, 37, 351, 309, 102, 473, 416, 453, 348, 246, 166, 146, 72, 215, 188, 10, 437, 441, 148, 279, 247, 67, 288, 41, 61, 381, 143, 493, 414, 376, 429, 290, 454, 135, 190, 451, 59, 119, 371, 289, 215, 24, 484, 10, 467, 485, 166, 436, 61, 38, 64, 114, 383, 410, 160, 355, 310, 289, 456, 241, 381, 152, 483, 224, 323, 358, 332, 117, 400, 81, 91, 193, 451, 202, 180, 488, 75, 119, 340, 309, 196, 470, 401, 344]
Tree:
None
Fitness on 5000 data:
-51.41922449292317

Fitness:
-51.41922449292317