Generation:
798

Phenotype:
4
V1 = uniform([+2.1e0, 5.7e0], 2);
V2 = gm([2.3e0, +9.8e0, 3.0e0]);
V3 = uniform([+6.4e0, 7.3e0], 2);

Pre-processed Program
:C = uniform([2.100000, 7.800000], 2);T = gm([1.000000], [9.8], [3]);F = uniform([6.400000, 13.700000], 2);Genotype:
[180, 393, 337, 422, 86, 188, 252, 321, 306, 458, 365, 377, 328, 474, 310, 178, 95, 12, 103, 254, 131, 202, 349, 148, 42, 214, 213, 380, 458, 43, 204, 105, 396, 196, 64, 214, 402, 217, 293, 172, 404, 37, 351, 309, 102, 473, 416, 453, 348, 246, 166, 146, 72, 215, 188, 10, 437, 441, 148, 279, 247, 67, 288, 41, 61, 381, 143, 493, 414, 376, 429, 290, 454, 135, 190, 451, 59, 119, 371, 289, 215, 24, 484, 10, 467, 485, 166, 436, 61, 38, 64, 114, 383, 410, 160, 355, 310, 289, 456, 241, 381, 152, 483, 224, 323, 358, 332, 117, 400, 81, 91, 193, 451, 202, 180, 488, 75, 119, 340, 309, 196, 470, 401, 344]
Tree:
None
Fitness on 5000 data:
-51.386271433662024

Fitness:
-51.386271433662024