Generation:
1500

Phenotype:
19
V1 = gm([0.0e0, +7.9e1, 5.3e0], [9.1e0, +9.9e1, 9.9e1]);
V2 = uniform([+6.1e0, 7.8e0], 2);
V3 = gm([1.0e1, +6.6e0, 1.1e0], [0.0e0, -8.3e0, 5.9e0], [6.9e1, +4.8e0, 1.5e0]);
V4 = gm([4.1e1, +0.9e1, 3.3e0]);

Pre-processed Program
:E = gm([0.000000, 1.000000], [79, 99], [5.3, 99]);F = uniform([6.100000, 13.900000], 2);C = gm([0.126582, 0.000000, 0.873418], [6.6, -8.3, 4.8], [1.1, 5.9, 1.5]);T = gm([1.000000], [9], [3.3]);Genotype:
[220, 186, 346, 38, 95, 360, 330, 490, 338, 236, 62, 337, 209, 207, 127, 65, 203, 126, 114, 439, 269, 371, 0, 109, 30, 119, 19, 427, 257, 329, 349, 51, 7, 46, 81, 354, 106, 371, 252, 353, 407, 208, 86, 230, 5, 315, 430, 31, 100, 125, 193, 400, 96, 226, 194, 410, 121, 321, 4, 59, 17, 70, 490, 280, 47, 245, 168, 453, 462, 219, 215, 129, 474, 22, 303, 416, 229, 261, 114, 318, 114, 348, 328, 475, 41, 215, 366, 216, 396, 240, 116, 184, 491, 469, 222, 216, 500, 459, 381, 454, 63, 273, 16, 469, 475, 26, 420, 149, 283, 82, 130, 474, 211, 471, 415, 75, 278, 456, 91, 63]
Tree:
None
Fitness on 5000 data:
-149.78146952263427

Fitness:
-149.78146952263427