Generation:
398

Phenotype:
19
V1 = gm([0.1e0, +3.9e1, 4.9e0], [9.3e1, +9.9e1, 9.9e1]);
V2 = uniform([+6.2e0, 7.6e0], 2);
V3 = gm([1.5e0, +6.5e0, 1.0e0], [2.0e0, +5.0e0, 1.8e0], [8.2e0, +4.8e0, 1.5e0]);
V4 = gm([3.1e1, +0.9e1, 0.3e1]);

Pre-processed Program
:E = gm([0.001074, 0.998926], [39, 99], [4.9, 99]);F = uniform([6.200000, 13.800000], 2);C = gm([0.128205, 0.170940, 0.700855], [6.5, 5, 4.8], [1, 1.8, 1.5]);T = gm([1.000000], [9], [3]);Genotype:
[438, 186, 346, 69, 77, 196, 330, 351, 166, 134, 338, 143, 209, 423, 426, 184, 139, 76, 12, 279, 389, 143, 131, 190, 30, 119, 19, 393, 277, 79, 349, 481, 447, 435, 330, 354, 306, 272, 382, 466, 407, 336, 54, 440, 72, 315, 8, 31, 355, 132, 24, 36, 246, 235, 194, 487, 151, 260, 164, 169, 14, 92, 140, 152, 373, 188, 375, 280, 206, 494, 211, 428, 252, 22, 210, 328, 252, 222, 232, 402, 114, 348, 328, 265, 41, 215, 340, 216, 231, 438, 258, 273, 151, 469, 475, 26, 420, 149, 283, 438, 360, 273, 151, 469, 475, 26, 420, 149, 283, 82, 130, 474, 211, 471, 415, 75, 278, 456, 91, 63]
Tree:
None
Fitness on 5000 data:
-149.91844011832032

Fitness:
-149.91844011832032