Generation:
1198

Phenotype:
19
V1 = gm([0.0e0, +7.9e1, 5.3e0], [9.1e0, +9.9e1, 9.9e1]);
V2 = uniform([+6.1e0, 7.8e0], 2);
V3 = gm([1.0e1, +6.6e0, 1.1e0], [0.0e0, -8.0e0, 9.9e0], [6.9e1, +4.8e0, 1.5e0]);
V4 = gm([7.1e1, +0.9e1, 0.3e1]);

Pre-processed Program
:E = gm([0.000000, 1.000000], [79, 99], [5.3, 99]);F = uniform([6.100000, 13.900000], 2);C = gm([0.126582, 0.000000, 0.873418], [6.6, -8, 4.8], [1.1, 9.9, 1.5]);T = gm([1.000000], [9], [3]);Genotype:
[220, 186, 346, 38, 95, 360, 330, 490, 338, 236, 62, 337, 209, 207, 127, 65, 203, 126, 114, 439, 269, 371, 0, 109, 30, 119, 19, 427, 277, 329, 349, 51, 91, 46, 384, 354, 106, 371, 30, 353, 407, 208, 86, 230, 229, 315, 430, 31, 100, 125, 193, 400, 96, 226, 194, 410, 151, 321, 4, 59, 17, 70, 490, 280, 41, 245, 168, 280, 206, 219, 479, 129, 474, 22, 36, 416, 229, 261, 114, 318, 114, 348, 328, 475, 41, 215, 366, 216, 396, 496, 116, 287, 491, 469, 296, 216, 500, 459, 381, 454, 360, 273, 197, 469, 475, 26, 420, 149, 283, 82, 130, 474, 211, 471, 415, 75, 278, 456, 91, 63]
Tree:
None
Fitness on 5000 data:
-149.87424289235926

Fitness:
-149.87424289235926