Generation:
798

Phenotype:
2
V1 = gm([1.8e0, +9.8e0, 2.0e0]);
V2 = +8.6e0 * +V1 + +7.1e1;
V2 = V2 + gm([9.1e0, -7.6e1, 1.5e1], [6.7e1, +9.9e1, 9.9e1], [6.5e1, -9.9e1, 4.3e1], [2.5e0, +7.6e1, 5.9e0], [1.0e0, +3.1e0, 3.6e1]);
V3 = +V1;
V3 = V3 + gm([2.1e0, +6.2e0, 5.0e0]);

Pre-processed Program
:F = gm([1.000000], [9.8], [2]);TEMP0 = 8.6 * F;P = TEMP0;P = P + 71;P = P + gm([0.062932, 0.463347, 0.449516, 0.017289, 0.006916], [-76, 99, -99, 76, 3.1], [15, 99, 43, 5.9, 36]);T = F;T = T + gm([1.000000], [6.2], [5]);Genotype:
[184, 31, 370, 40, 317, 122, 73, 471, 358, 176, 493, 206, 219, 58, 434, 120, 472, 190, 96, 346, 437, 460, 93, 442, 151, 112, 430, 308, 446, 342, 294, 410, 405, 50, 492, 455, 258, 236, 127, 391, 359, 412, 374, 465, 500, 119, 471, 298, 82, 333, 437, 296, 321, 130, 281, 145, 435, 155, 115, 236, 497, 149, 94, 182, 349, 209, 333, 75, 319, 239, 353, 177, 228, 366, 385, 385, 411, 461, 299, 49, 139, 46, 424, 373, 257, 317, 217, 232, 45, 212, 413, 282, 47, 186, 351, 361, 115, 479, 100, 210]
Tree:
None
Fitness on 5000 data:
-90.22692877992154

Fitness:
-90.22692877992154