Generation:
1500

Phenotype:
3
V1 = gm([6.1e-2, +4.9e-0, 3.0e+0]);
V2 = +7.5e-1;
V2 = V2 + uniform([+5.4e-0, 7.9e-0], 2);
V3 = +V2;
V3 = V3 + uniform([-1.1e-1, 2.0e+1], 2);

Pre-processed Program
:W = gm([1.000000], [4.9], [3]);F = 0.75;F = F + uniform([5.400000, 13.300000], 2);T = F;T = T + uniform([-0.110000, 19.890000], 2);Genotype:
[75, 242, 290, 264, 255, 396, 121, 86, 121, 311, 299, 130, 356, 44, 79, 169, 234, 400, 43, 440, 342, 282, 260, 52, 436, 73, 374, 346, 237, 435, 229, 208, 373, 464, 217, 450, 355, 284, 3, 360, 460, 287, 369, 469, 33, 394, 418, 198, 150, 350, 407, 7, 263, 22, 413, 431, 261, 47, 418, 475, 152, 260, 52, 436, 73, 374, 346, 461, 435, 229, 208, 373, 464, 217, 450, 107, 284, 474, 360, 21, 445, 406, 433, 332, 268, 450, 430, 454, 342, 282, 24, 416, 436, 192, 35, 189, 255, 266, 121]
Tree:
None
Fitness on 5000 data:
-61.00432950181735

Fitness:
-61.00432950181735