Generation:
398

Phenotype:
2
V1 = uniform([+6.2e0, 7.8e0], 2);
V2 = -V1 * -1.2e0;
V2 = V2 + gm([1.3e0, +4.1e0, 7.0e1], [2.9e0, +4.8e0, 5.0e0], [9.8e1, -6.5e0, 2.0e0]);
V3 = -4.4e0 * -7.0e1;
V3 = V3 + gm([0.4e1, +5.8e1, 9.6e1], [0.1e1, -1.7e1, 7.2e1]);
V4 = +2.7e0;
V4 = V4 + gm([5.0e1, +7.4e0, 6.2e0]);

Pre-processed Program
:F = uniform([6.200000, 14.000000], 2);TEMP0 = 1.2 * F;C = TEMP0;C = C + gm([0.012720, 0.028376, 0.958904], [4.1, 4.8, -6.5], [70, 5, 2]);E = 308;E = E + gm([0.800000, 0.200000], [58, -17], [96, 72]);T = 2.7;T = T + gm([1.000000], [7.4], [6.2]);Genotype:
[401, 361, 460, 67, 434, 318, 492, 206, 302, 278, 351, 227, 328, 94, 210, 440, 289, 140, 424, 295, 188, 61, 429, 387, 461, 192, 4, 378, 106, 123, 497, 351, 323, 430, 225, 358, 194, 11, 200, 20, 327, 70, 47, 327, 42, 132, 249, 206, 473, 290, 324, 88, 352, 113, 55, 330, 70, 306, 245, 179, 368, 477, 165, 321, 446, 365, 340, 58, 22, 490, 144, 62, 228, 447, 114, 377, 149, 423, 74, 424, 84, 459, 496, 399, 207, 210, 459, 194, 110, 215, 455, 80, 464, 53, 364, 94, 25, 488, 35, 100, 449, 236, 13, 400, 355, 480, 421, 297, 442, 415, 21, 177, 281, 261, 427, 232, 77, 19, 404, 456, 197, 201, 448, 152, 417, 370, 442, 360, 170, 51, 325, 170]
Tree:
None
Fitness on 5000 data:
-122.60676676327495

Fitness:
-122.60676676327495