Generation:
1500

Phenotype:
2
V1 = uniform([+5.7e0, 7.7e0], 2);
V2 = -V1 * -1.1e0;
V2 = V2 + gm([0.7e0, -2.7e0, 1.8e0], [0.4e0, -7.0e0, 4.2e0], [9.9e1, -6.0e0, 2.0e0]);
V3 = -4.7e0 * -8.1e1;
V3 = V3 + gm([0.6e1, +8.5e1, 9.7e1], [0.8e1, -9.8e1, 9.7e1]);
V4 = +2.8e0;
V4 = V4 + gm([6.9e0, +7.0e0, 5.7e0]);

Pre-processed Program
:F = uniform([5.700000, 13.400000], 2);TEMP0 = 1.1 * F;C = TEMP0;C = C + gm([0.006993, 0.003996, 0.989011], [-2.7, -7, -6], [1.8, 4.2, 2]);E = 380.7;E = E + gm([0.428571, 0.571429], [85, -98], [97, 97]);T = 2.8;T = T + gm([1.000000], [7], [5.7]);Genotype:
[198, 361, 48, 267, 190, 188, 204, 235, 417, 278, 470, 87, 167, 322, 118, 132, 275, 114, 332, 21, 458, 433, 430, 67, 461, 121, 358, 306, 439, 123, 367, 40, 87, 180, 161, 443, 102, 217, 328, 465, 51, 148, 142, 441, 118, 500, 24, 148, 401, 485, 257, 200, 416, 218, 194, 362, 16, 452, 439, 179, 179, 381, 309, 91, 446, 430, 438, 275, 22, 490, 144, 152, 406, 447, 256, 27, 149, 49, 74, 97, 380, 433, 170, 389, 268, 471, 371, 162, 445, 451, 215, 80, 186, 151, 273, 250, 88, 305, 343, 466, 449, 407, 173, 182, 274, 480, 108, 377, 212, 403, 479, 408, 305, 165, 449, 447, 1, 251, 426, 44, 387, 223, 490, 152, 438, 42, 292, 71, 2, 188, 356, 9]
Tree:
None
Fitness on 5000 data:
-117.58224434652362

Fitness:
-117.58224434652362