Generation:
1198

Phenotype:
2
V1 = uniform([+5.7e0, 7.7e0], 2);
V2 = -V1 * -1.1e0;
V2 = V2 + gm([0.7e1, -6.7e0, 1.6e0], [0.4e0, -7.7e0, 4.0e0], [9.9e1, -6.0e0, 2.0e0]);
V3 = -4.7e0 * -8.6e1;
V3 = V3 + gm([0.6e1, +8.5e1, 9.3e1], [0.8e1, -9.6e1, 9.7e1]);
V4 = +2.9e0;
V4 = V4 + gm([3.9e1, +7.6e0, 5.7e0]);

Pre-processed Program
:F = uniform([5.700000, 13.400000], 2);TEMP0 = 1.1 * F;C = TEMP0;C = C + gm([0.065789, 0.003759, 0.930451], [-6.7, -7.7, -6], [1.6, 4, 2]);E = 404.2;E = E + gm([0.428571, 0.571429], [85, -96], [93, 97]);T = 2.9;T = T + gm([1.000000], [7.6], [5.7]);Genotype:
[135, 361, 48, 267, 36, 188, 204, 235, 417, 278, 34, 87, 167, 322, 118, 132, 275, 114, 332, 21, 397, 169, 314, 387, 461, 121, 358, 310, 439, 123, 310, 40, 87, 73, 486, 443, 376, 217, 328, 248, 51, 266, 354, 115, 54, 500, 24, 148, 401, 485, 257, 387, 416, 99, 194, 420, 16, 452, 439, 179, 179, 381, 291, 91, 446, 430, 438, 275, 22, 490, 144, 4, 406, 447, 230, 131, 149, 49, 74, 97, 380, 433, 325, 389, 268, 26, 371, 162, 445, 69, 332, 80, 186, 151, 273, 402, 88, 25, 343, 491, 449, 53, 173, 46, 274, 480, 108, 125, 496, 347, 479, 436, 305, 51, 449, 447, 1, 423, 454, 44, 387, 464, 490, 152, 209, 42, 292, 71, 2, 490, 143, 9]
Tree:
None
Fitness on 5000 data:
-117.7434406325571

Fitness:
-117.7434406325571