Generation:
798

Phenotype:
2
V1 = uniform([+6.1e0, 7.9e0], 2);
V2 = -V1 * -1.1e0;
V2 = V2 + gm([1.1e1, -6.6e0, 1.0e0], [0.9e1, -6.8e0, 1.6e0], [9.9e1, -6.2e0, 2.0e0]);
V3 = -4.7e0 * -7.3e1;
V3 = V3 + gm([0.4e1, +8.6e1, 9.6e1], [0.4e1, -7.8e1, 7.7e1]);
V4 = +2.9e0;
V4 = V4 + gm([6.9e1, +7.8e0, 6.1e0]);

Pre-processed Program
:F = uniform([6.100000, 14.000000], 2);TEMP0 = 1.1 * F;C = TEMP0;C = C + gm([0.092437, 0.075630, 0.831933], [-6.6, -6.8, -6.2], [1, 1.6, 2]);E = 343.1;E = E + gm([0.500000, 0.500000], [86, -78], [96, 77]);T = 2.9;T = T + gm([1.000000], [7.8], [6.1]);Genotype:
[135, 361, 460, 67, 298, 364, 492, 206, 271, 278, 131, 207, 209, 232, 259, 440, 275, 114, 332, 139, 442, 61, 71, 387, 461, 121, 358, 378, 14, 123, 469, 351, 471, 73, 307, 35, 376, 46, 416, 248, 51, 70, 354, 115, 255, 500, 419, 137, 305, 197, 126, 88, 352, 99, 161, 96, 320, 452, 439, 179, 179, 381, 291, 91, 446, 192, 340, 500, 22, 490, 144, 43, 406, 447, 114, 303, 149, 423, 74, 347, 380, 433, 375, 299, 367, 23, 371, 194, 427, 69, 126, 80, 464, 151, 273, 284, 88, 466, 35, 68, 449, 236, 13, 46, 56, 480, 104, 297, 242, 417, 427, 138, 281, 51, 427, 447, 69, 19, 454, 456, 197, 431, 448, 152, 209, 370, 460, 320, 420, 490, 166, 479]
Tree:
None
Fitness on 5000 data:
-118.54504578271379

Fitness:
-118.54504578271379