Generation:
3000

Phenotype:
105
V1 = uniform([+3.9e+1, 4.2e+2], 2);
V2 = +9.8e-1;
V2 = V2 + gm([0.3e-1, +3.0e+0, 3.0e+0]);
V3 = +V2 * -V2;
V3 = V3 + uniform([+4.0e+1, 2.0e-2], 2);
V4 = +5.0e-0;
V4 = V4 + gm([7.3e-0, +9.1e-2, 9.2e-1], [3.7e+2, +5.1e-0, 1.8e+0]);
V5 = +V3;
V5 = V5 + uniform([+6.0e-0, 7.9e+0], 2);

Pre-processed Program
:P = uniform([39.000000, 459.000000], 2);C = 0.98;C = C + gm([1.000000], [3], [3]);TEMP0 = C * C;TEMP0 = 0 - TEMP0;W = TEMP0;W = W + uniform([40.000000, 40.020000], 2);F = 5;F = F + gm([0.019348, 0.980652], [0.091, 5.1], [0.92, 1.8]);T = W;T = T + uniform([6.000000, 13.900000], 2);Genotype:
[302, 464, 396, 159, 432, 306, 298, 343, 209, 96, 286, 360, 114, 382, 258, 293, 104, 36, 274, 287, 363, 282, 369, 158, 171, 406, 344, 489, 94, 423, 60, 113, 151, 418, 473, 286, 393, 320, 208, 204, 222, 203, 260, 186, 21, 397, 48, 491, 192, 294, 434, 467, 130, 79, 129, 489, 271, 137, 140, 174, 180, 12, 19, 294, 462, 130, 359, 365, 416, 302, 148, 257, 113, 398, 395, 380, 189, 87, 256, 200, 211, 418, 67, 73, 83, 306, 387, 244, 469, 251, 377, 413, 105, 449, 232, 253, 13, 80, 354, 433, 27, 250, 134, 71, 88, 465, 261, 453, 54, 238, 101, 18, 100, 411, 87, 24, 22, 0, 342, 270, 149, 118, 34, 324, 446, 170, 61, 372, 66, 277, 59, 170, 6, 45, 239, 388, 480, 400, 105, 116, 23, 257, 26, 383, 479, 417, 325, 284, 346, 361, 54, 301, 356, 159, 498, 162, 267, 199, 16, 431, 142, 425, 79, 94, 66, 426, 201, 51, 161, 12, 445, 442, 433, 435, 191, 180, 498, 40, 275]
Tree:
None
Fitness on 5000 data:
-16.595522276157553

Fitness:
-16.595522276157553