Generation:
2498

Phenotype:
105
V1 = uniform([+3.9e+1, 4.2e+2], 2);
V2 = +9.0e-1;
V2 = V2 + gm([0.3e-1, +3.3e-0, 3.0e+0]);
V3 = +V2 * -V2;
V3 = V3 + uniform([+4.2e+1, 2.0e-1], 2);
V4 = +5.0e-0;
V4 = V4 + gm([7.9e-1, +0.1e-2, 9.1e-1], [3.0e+2, +5.1e-0, 1.8e+0]);
V5 = +V3;
V5 = V5 + uniform([+6.0e+0, 7.9e-0], 2);

Pre-processed Program
:P = uniform([39.000000, 459.000000], 2);C = 0.9;C = C + gm([1.000000], [3.3], [3]);TEMP0 = C * C;TEMP0 = 0 - TEMP0;W = TEMP0;W = W + uniform([42.000000, 42.200000], 2);F = 5;F = F + gm([0.002626, 0.997374], [0.001, 5.1], [0.91, 1.8]);T = W;T = T + uniform([6.000000, 13.900000], 2);Genotype:
[316, 464, 348, 201, 432, 68, 184, 343, 209, 96, 136, 360, 114, 382, 258, 293, 104, 36, 274, 287, 363, 282, 369, 280, 171, 406, 344, 489, 94, 232, 60, 113, 365, 259, 426, 286, 393, 233, 305, 204, 338, 203, 260, 186, 21, 267, 48, 491, 76, 294, 434, 467, 130, 41, 129, 373, 271, 94, 140, 174, 442, 12, 19, 294, 462, 130, 359, 331, 401, 302, 148, 283, 9, 398, 395, 380, 189, 87, 256, 449, 211, 430, 67, 349, 495, 433, 387, 244, 170, 251, 315, 413, 273, 449, 81, 253, 13, 170, 354, 433, 180, 250, 266, 71, 88, 465, 261, 85, 36, 362, 101, 18, 100, 249, 195, 6, 22, 0, 342, 270, 149, 498, 263, 324, 446, 170, 412, 210, 66, 457, 59, 119, 6, 45, 239, 388, 480, 400, 105, 116, 23, 257, 26, 383, 479, 417, 325, 284, 346, 361, 54, 301, 356, 159, 498, 162, 267, 199, 16, 431, 142, 425, 79, 94, 66, 426, 201, 51, 161, 12, 445, 442, 433, 435, 191, 180, 498, 40, 275]
Tree:
None
Fitness on 5000 data:
-16.63392316727112

Fitness:
-16.63392316727112