Generation:
1798

Phenotype:
105
V1 = uniform([+3.9e+1, 4.2e+2], 2);
V2 = +9.4e-1;
V2 = V2 + gm([0.2e-0, +3.3e-0, 3.1e+0]);
V3 = +V2 * -V2;
V3 = V3 + uniform([+4.2e+1, 2.4e-1], 2);
V4 = +5.0e-0;
V4 = V4 + gm([7.9e-1, -0.8e-2, 9.1e-1], [3.7e+2, +5.1e+0, 1.8e+0]);
V5 = +V3;
V5 = V5 + uniform([+6.0e+0, 7.9e-0], 2);

Pre-processed Program
:P = uniform([39.000000, 459.000000], 2);C = 0.94;C = C + gm([1.000000], [3.3], [3.1]);TEMP0 = C * C;TEMP0 = 0 - TEMP0;W = TEMP0;W = W + uniform([42.000000, 42.240000], 2);F = 5;F = F + gm([0.002131, 0.997869], [-0.008, 5.1], [0.91, 1.8]);T = W;T = T + uniform([6.000000, 13.900000], 2);Genotype:
[316, 464, 412, 201, 462, 68, 184, 343, 209, 96, 136, 166, 114, 382, 258, 50, 282, 36, 274, 287, 470, 282, 39, 64, 171, 406, 344, 68, 46, 352, 60, 412, 365, 216, 426, 286, 393, 233, 305, 204, 338, 203, 51, 186, 21, 84, 8, 491, 76, 376, 434, 467, 130, 41, 129, 373, 175, 94, 140, 174, 442, 178, 19, 245, 462, 194, 363, 262, 401, 350, 148, 283, 462, 282, 395, 380, 327, 87, 220, 224, 211, 202, 67, 349, 495, 433, 465, 277, 170, 98, 315, 413, 172, 449, 81, 253, 13, 170, 393, 433, 297, 250, 302, 71, 88, 465, 261, 242, 36, 429, 101, 18, 100, 249, 195, 6, 470, 0, 342, 270, 149, 103, 300, 324, 446, 170, 412, 210, 19, 457, 59, 301, 6, 45, 239, 388, 480, 400, 105, 116, 23, 257, 26, 383, 479, 417, 325, 284, 346, 361, 54, 301, 356, 159, 498, 162, 267, 199, 16, 431, 142, 425, 79, 94, 66, 426, 201, 51, 161, 12, 445, 442, 433, 435, 191, 180, 498, 40, 275]
Tree:
None
Fitness on 5000 data:
-16.671369672723355

Fitness:
-16.671369672723355