Generation:
1198

Phenotype:
84
V1 = gm([0.0e0, -1.5e1, 8.5e1], [8.0e0, +9.9e0, 6.6e0]);
V2 = uniform([+2.0e0, 5.8e0], 2);
V3 = gm([0.1e0, +6.8e1, 6.8e1], [0.0e1, +6.6e1, 3.8e0], [9.6e1, +9.9e1, 9.9e1], [0.0e0, -5.4e1, 7.7e1]);
V4 = uniform([-0.0e0, 1.1e1], 2);
V5 = uniform([+5.7e0, 8.0e0], 2);

Pre-processed Program
:T = gm([0.000000, 1.000000], [-15, 9.9], [85, 6.6]);C = uniform([2.000000, 7.800000], 2);P = gm([0.001041, 0.000000, 0.998959, 0.000000], [68, 66, 99, -54], [68, 3.8, 99, 77]);W = uniform([0.000000, 11.000000], 2);F = uniform([5.700000, 13.700000], 2);Genotype:
[455, 323, 22, 433, 423, 300, 400, 500, 354, 391, 311, 171, 405, 161, 378, 288, 55, 267, 12, 370, 288, 360, 282, 421, 58, 209, 269, 74, 430, 146, 236, 354, 45, 198, 66, 434, 412, 360, 252, 76, 95, 338, 398, 204, 297, 357, 383, 310, 291, 406, 116, 324, 36, 228, 51, 160, 436, 258, 407, 269, 222, 320, 270, 297, 311, 196, 426, 96, 233, 245, 243, 258, 168, 221, 134, 119, 86, 167, 16, 86, 9, 239, 303, 23, 379, 39, 161, 264, 471, 330, 360, 444, 105, 99, 435, 484, 283, 250, 287, 7]
Tree:
None
Fitness on 5000 data:
-166.311516717569

Fitness:
-166.311516717569