Generation:
398

Phenotype:
84
V1 = gm([0.0e1, -7.3e1, 8.4e1], [1.0e1, +9.9e0, 6.9e0]);
V2 = uniform([+2.0e0, 5.7e0], 2);
V3 = gm([6.1e0, +5.5e1, 9.3e0], [0.2e0, +7.8e0, 4.8e0], [9.5e1, +9.9e1, 9.9e1], [1.1e0, -3.2e0, 1.5e1]);
V4 = uniform([-0.0e0, 0.9e1], 2);
V5 = uniform([+4.7e0, 1.0e1], 2);

Pre-processed Program
:T = gm([0.000000, 1.000000], [-73, 9.9], [84, 6.9]);C = uniform([2.000000, 7.700000], 2);P = gm([0.059570, 0.001953, 0.927734, 0.010742], [55, 7.8, 99, -3.2], [9.3, 4.8, 99, 15]);W = uniform([0.000000, 9.000000], 2);F = uniform([4.700000, 14.700000], 2);Genotype:
[79, 323, 274, 132, 491, 320, 340, 500, 381, 330, 9, 7, 13, 377, 407, 228, 264, 467, 156, 498, 231, 320, 231, 14, 402, 209, 129, 468, 123, 146, 159, 254, 45, 152, 210, 434, 412, 360, 88, 152, 95, 497, 384, 446, 122, 85, 383, 336, 61, 380, 479, 248, 55, 335, 207, 53, 339, 273, 40, 361, 409, 320, 162, 162, 332, 288, 427, 178, 164, 145, 184, 378, 178, 333, 220, 119, 145, 7, 8, 106, 209, 379, 303, 44, 379, 39, 179, 356, 398, 1, 391, 374, 369, 399, 313, 22, 110, 433, 311, 475]
Tree:
None
Fitness on 5000 data:
-168.57275183683186

Fitness:
-168.57275183683186