Generation:
798

Phenotype:
84
V1 = gm([0.0e0, -1.5e0, 2.5e1], [1.0e1, +9.9e0, 6.6e0]);
V2 = uniform([+2.0e0, 5.7e0], 2);
V3 = gm([2.5e0, +5.5e1, 6.3e0], [0.2e1, +5.6e1, 1.1e1], [9.9e1, +9.9e1, 9.9e1], [0.0e0, -6.5e0, 8.5e0]);
V4 = uniform([-1.0e0, 1.1e1], 2);
V5 = uniform([+5.3e0, 1.0e1], 2);

Pre-processed Program
:T = gm([0.000000, 1.000000], [-1.5, 9.9], [25, 6.6]);C = uniform([2.000000, 7.700000], 2);P = gm([0.024155, 0.019324, 0.956522, 0.000000], [55, 56, 99, -6.5], [6.3, 11, 99, 8.5]);W = uniform([-1.000000, 10.000000], 2);F = uniform([5.300000, 15.300000], 2);Genotype:
[116, 323, 22, 178, 491, 291, 340, 500, 354, 391, 311, 441, 405, 346, 379, 132, 35, 53, 12, 370, 231, 360, 193, 12, 412, 209, 129, 220, 150, 146, 236, 354, 45, 45, 271, 434, 412, 360, 252, 240, 95, 497, 450, 212, 103, 323, 383, 12, 125, 380, 157, 0, 55, 255, 51, 402, 456, 363, 40, 361, 1, 320, 162, 19, 186, 196, 415, 296, 285, 470, 461, 261, 457, 127, 316, 119, 419, 185, 400, 106, 9, 239, 303, 275, 379, 39, 161, 264, 398, 240, 360, 142, 408, 103, 456, 305, 328, 180, 438, 165]
Tree:
None
Fitness on 5000 data:
-167.93929503893943

Fitness:
-167.93929503893943