Generation:
1500

Phenotype:
84
V1 = gm([6.6e1, +1.5e1, 0.5e1], [8.0e0, +8.9e0, 7.8e0]);
V2 = uniform([+2.0e0, 5.7e0], 2);
V3 = gm([0.1e0, +5.1e1, 6.8e0], [0.0e1, -9.9e1, 2.3e1], [9.9e1, +9.9e1, 9.9e1], [0.1e0, -3.0e0, 4.1e1]);
V4 = uniform([-0.6e0, 1.0e1], 2);
V5 = uniform([+5.7e0, 8.0e0], 2);

Pre-processed Program
:T = gm([0.891892, 0.108108], [15, 8.9], [5, 7.8]);C = uniform([2.000000, 7.700000], 2);P = gm([0.001008, 0.000000, 0.997984, 0.001008], [51, -99, 99, -3], [6.8, 23, 99, 41]);W = uniform([-0.600000, 9.400000], 2);F = uniform([5.700000, 13.700000], 2);Genotype:
[495, 323, 22, 470, 207, 300, 26, 376, 17, 391, 380, 171, 105, 161, 319, 250, 55, 497, 196, 356, 288, 360, 180, 361, 58, 258, 269, 14, 193, 227, 178, 280, 461, 198, 66, 496, 402, 360, 326, 374, 95, 147, 472, 204, 301, 357, 437, 310, 321, 406, 351, 324, 345, 321, 51, 76, 36, 258, 408, 269, 222, 320, 500, 297, 54, 301, 219, 339, 237, 378, 412, 153, 497, 373, 210, 119, 419, 107, 202, 86, 9, 239, 419, 131, 379, 39, 161, 428, 230, 470, 371, 444, 221, 107, 403, 20, 86, 364, 14, 101]
Tree:
None
Fitness on 5000 data:
-163.15090843427484

Fitness:
-163.15090843427484