Generation:
300

Phenotype:
1
V1 = gm([45, 11, 3], [12, 15, 8]);
V2 = 7.3;
V2 = V2 + gm([10.5, 10.7, 5]);
V3 = 23;
V3 = V3 + 6.8 * gm([14.6, 4.5, 5], [35, 47.7, 13]);

Pre-processed Program
:F = gm([0.789474, 0.210526], [11, 15], [3, 8]);T = 7.3;T = T;T = T + gm([1.000000], [10.7], [5]);P = 23;P = P;P = P + 6.8 * gm([0.294355, 0.705645], [4.5, 47.7], [5, 13]);Genotype:
[26, 384, 385, 456, 245, 390, 405, 171, 432, 198, 176, 164, 224, 54, 292, 490, 63, 150, 474, 162, 59, 102, 178, 362, 53, 431, 262, 398, 242, 435, 274, 400, 396, 391, 61, 463, 293, 112, 375, 40, 107, 276, 248, 286, 315, 80, 176, 308, 322, 23, 159, 286, 152, 396, 23, 457, 116, 320, 23, 106, 76, 116, 107, 452, 26, 341, 287, 353, 168, 132, 217, 467, 299, 354, 419, 133, 460, 477, 294, 349, 187, 1, 353, 211, 231, 18, 339, 327, 147, 139, 181, 276, 402, 109, 143, 79, 211, 354, 434, 348, 149, 9, 458, 94, 454, 435, 259, 455, 484, 432, 279, 294, 217, 389, 98, 275, 188, 259, 438, 118, 490, 178, 383, 201, 259, 468, 152, 418]
Tree:
None
Fitness on 5000 data:
-11.616296032212176

Fitness:
[-11.377060146959645, 0]