Generation:
1198

Phenotype:
2
V1 = gm([5.9e0, +1.0e1, 1.9e0]);
V2 = +V1;
V2 = V2 + gm([2.2e1, +5.1e0, 3.2e0]);
V3 = +5.0e0;
V3 = V3 + uniform([-4.9e0, 9.9e0], 2);

Pre-processed Program
:F = gm([1.000000], [10], [1.9]);T = F;T = T + gm([1.000000], [5.1], [3.2]);W = 5;W = W + uniform([-4.900000, 5.000000], 2);Genotype:
[77, 487, 153, 254, 290, 226, 361, 255, 19, 420, 400, 336, 161, 350, 421, 343, 261, 59, 66, 343, 350, 108, 242, 110, 191, 140, 443, 382, 175, 42, 42, 113, 494, 408, 285, 111, 332, 152, 33, 232, 188, 47, 460, 360, 231, 72, 368, 355, 90, 420, 479, 175, 314, 459, 384, 209, 114, 48, 189, 319, 14, 167, 66, 417, 361, 365, 101, 193, 40, 412, 218, 85, 242, 215, 37, 380, 373, 13, 32, 173, 384, 255, 325, 497, 212, 406, 154, 415, 442, 417, 403, 404, 340, 488, 54, 10, 229, 463, 444, 58]
Tree:
None
Fitness on 5000 data:
-54.46966301505303

Fitness:
-54.46966301505303