Generation:
798

Phenotype:
2
V1 = gm([5.4e1, +9.9e0, 1.9e0]);
V2 = gm([1.2e1, +2.4e1, 1.3e1], [7.7e0, +0.3e0, 7.4e0], [2.8e1, +9.9e1, 9.9e1]);
V3 = uniform([-0.3e0, 1.6e1], 2);

Pre-processed Program
:F = gm([1.000000], [9.9], [1.9]);P = gm([0.251572, 0.161426, 0.587002], [24, 0.3, 99], [13, 7.4, 99]);T = uniform([-0.300000, 15.700000], 2);Genotype:
[254, 79, 322, 30, 328, 345, 485, 144, 169, 353, 416, 49, 49, 44, 52, 11, 229, 192, 410, 98, 421, 391, 171, 392, 91, 192, 270, 92, 44, 483, 364, 81, 493, 367, 315, 333, 307, 177, 398, 226, 344, 480, 23, 184, 164, 477, 84, 22, 18, 261, 62, 148, 469, 291, 72, 179, 199, 115, 480, 279, 169, 359, 353, 462, 374, 185, 360, 193, 334, 487, 401, 476, 241, 229, 176, 350, 193, 302, 74, 375, 208, 363, 149, 139, 44, 392, 157, 212, 17, 75, 346, 72, 189, 199, 115, 287, 279, 169, 21, 413, 301, 175, 185, 360, 320, 447, 209, 401, 476, 403, 416, 343, 18, 259, 42, 347, 77, 86, 286, 367, 183, 129, 186, 393, 297, 314, 147, 435, 242, 389, 149, 281, 483, 213]
Tree:
None
Fitness on 5000 data:
-87.47708802409598

Fitness:
-87.47708802409598