Generation:
398

Phenotype:
2
V1 = gm([7.2e0, +9.8e0, 1.9e0]);
V2 = gm([1.3e1, +2.4e1, 1.4e1], [7.6e0, -0.3e0, 7.0e0], [2.7e1, +9.9e1, 9.9e1]);
V3 = uniform([-0.3e0, 1.6e1], 2);

Pre-processed Program
:F = gm([1.000000], [9.8], [1.9]);P = gm([0.273109, 0.159664, 0.567227], [24, -0.3, 99], [14, 7, 99]);T = uniform([-0.300000, 15.700000], 2);Genotype:
[74, 289, 322, 198, 328, 345, 57, 132, 180, 353, 416, 49, 328, 44, 52, 421, 249, 262, 410, 98, 293, 260, 171, 63, 249, 394, 210, 92, 44, 483, 364, 131, 24, 295, 315, 391, 307, 326, 398, 14, 415, 480, 213, 184, 164, 477, 130, 168, 484, 427, 62, 17, 295, 241, 72, 319, 199, 223, 480, 279, 169, 359, 45, 232, 348, 185, 360, 483, 244, 487, 401, 476, 241, 229, 176, 350, 193, 302, 74, 375, 208, 363, 149, 139, 44, 392, 157, 212, 17, 75, 346, 72, 189, 199, 115, 287, 279, 169, 21, 413, 301, 175, 185, 360, 320, 447, 209, 401, 476, 403, 416, 343, 18, 259, 42, 347, 77, 86, 286, 367, 183, 129, 186, 393, 297, 314, 147, 435, 242, 389, 149, 281, 483, 213]
Tree:
None
Fitness on 5000 data:
-87.51295164020397

Fitness:
-87.51295164020397