Generation:
1198

Phenotype:
2
V1 = gm([8.2e1, +9.9e0, 1.9e0]);
V2 = gm([1.2e1, +2.4e1, 1.3e1], [7.5e0, -0.0e0, 7.0e0], [2.8e1, +9.9e1, 9.9e1]);
V3 = uniform([-0.3e0, 1.6e1], 2);

Pre-processed Program
:F = gm([1.000000], [9.9], [1.9]);P = gm([0.252632, 0.157895, 0.589474], [24, 0, 99], [13, 7, 99]);T = uniform([-0.300000, 15.700000], 2);Genotype:
[254, 79, 322, 234, 150, 85, 428, 2, 67, 384, 10, 49, 49, 190, 197, 231, 229, 464, 126, 103, 329, 172, 171, 392, 367, 488, 120, 92, 44, 413, 26, 371, 493, 347, 315, 10, 307, 35, 324, 226, 363, 480, 30, 116, 246, 477, 110, 314, 18, 124, 162, 488, 13, 73, 346, 179, 199, 115, 317, 279, 169, 311, 37, 476, 380, 345, 360, 193, 120, 268, 471, 476, 241, 229, 176, 350, 193, 302, 74, 375, 208, 363, 149, 139, 44, 392, 157, 212, 17, 75, 346, 72, 189, 199, 115, 287, 279, 169, 21, 413, 301, 175, 185, 360, 320, 447, 209, 401, 476, 403, 416, 343, 18, 259, 42, 347, 77, 86, 286, 367, 183, 129, 186, 393, 297, 314, 147, 435, 242, 389, 149, 281, 483, 213]
Tree:
None
Fitness on 5000 data:
-87.47478328221257

Fitness:
-87.47478328221257