0	[-187.67744820327746, -1]
1	[-183.1128969887807, -1]
1	[-168.27064819117828, -2]
2	[-201.73510345004763, 0]
2	[-183.1128969887807, -1]
2	[-128.99411815192542, -2]
3	[-201.73510345004763, 0]
3	[-160.52285558070056, -1]
3	[-128.99411815192542, -2]
4	[-179.1899748654336, 0]
4	[-160.52285558070056, -1]
4	[-121.86521278856125, -2]
5	[-179.1899748654336, 0]
5	[-157.08980729786688, -1]
5	[-121.86521278856125, -2]
5	[-106.48217529767852, -3]
6	[-179.1899748654336, 0]
6	[-157.08980729786688, -1]
6	[-121.86521278856125, -2]
6	[-106.48217529767852, -3]
7	[-119.90884697386157, 0]
7	[-106.48217529767852, -3]
8	[-119.90884697386157, 0]
8	[-106.48217529767852, -3]
9	[-119.90884697386157, 0]
9	[-106.48217529767852, -3]
10	[-119.90884697386157, 0]
10	[-96.78710429993467, -2]
11	[-114.35564444912114, 0]
11	[-100.67298418094701, -1]
11	[-96.78710429993467, -2]
12	[-114.35564444912114, 0]
12	[-100.67298418094701, -1]
12	[-96.78710429993467, -2]
13	[-114.35564444912114, 0]
13	[-100.67298418094701, -1]
13	[-96.78710429993467, -2]
14	[-114.35182948768906, 0]
14	[-95.94663921938701, -1]
14	[-88.30830023373898, -2]
15	[-104.58894871559926, 0]
15	[-95.93395768173725, -1]
15	[-88.30830023373898, -2]
16	[-101.89360270602023, 0]
16	[-95.93395768173725, -1]
16	[-88.30830023373898, -2]
17	[-101.89360270602023, 0]
17	[-95.93395768173725, -1]
17	[-86.82599444875613, -2]
18	[-101.89360270602023, 0]
18	[-95.93395768173725, -1]
18	[-86.82599444875613, -2]
19	[-97.67366021163598, 0]
19	[-95.93395768173725, -1]
19	[-86.82599444875613, -2]
20	[-97.67366021163598, 0]
20	[-95.93395768173725, -1]
20	[-86.50746277575936, -2]
21	[-97.67366021163598, 0]
21	[-95.93395768173725, -1]
21	[-86.50746277575936, -2]
22	[-97.67366021163598, 0]
22	[-93.01947752194815, -1]
22	[-86.50746277575936, -2]
23	[-97.67366021163598, 0]
23	[-93.01947752194815, -1]
23	[-81.98735873895208, -2]
24	[-97.46554939678971, 0]
24	[-93.01947752194815, -1]
24	[-81.98735873895208, -2]
25	[-97.27894948997223, 0]
25	[-93.01947752194815, -1]
25	[-81.98735873895208, -2]
26	[-95.28176631867714, 0]
26	[-93.01947752194815, -1]
26	[-81.98735873895208, -2]
27	[-95.28176631867714, 0]
27	[-93.01947752194815, -1]
27	[-81.98735873895208, -2]
28	[-95.28176631867714, 0]
28	[-91.43129915689026, -1]
28	[-81.98735873895208, -2]
29	[-95.28176631867714, 0]
29	[-88.01443483754274, -1]
29	[-81.85578134439974, -2]
30	[-95.28176631867714, 0]
30	[-88.01443483754274, -1]
30	[-81.85578134439974, -2]
31	[-90.97245191455268, 0]
31	[-88.01443483754274, -1]
31	[-81.85578134439974, -2]
32	[-90.97245191455268, 0]
32	[-88.01443483754274, -1]
32	[-77.70572440104009, -2]
33	[-90.97245191455268, 0]
33	[-88.01443483754274, -1]
33	[-77.70572440104009, -2]
34	[-90.97245191455268, 0]
34	[-88.01443483754274, -1]
34	[-77.41269451100507, -2]
35	[-90.97245191455268, 0]
35	[-83.65203109811732, -1]
35	[-77.41269451100507, -2]
36	[-90.97245191455268, 0]
36	[-83.65203109811732, -1]
36	[-77.41269451100507, -2]
37	[-89.74637823399331, 0]
37	[-83.65203109811732, -1]
37	[-77.19676050406932, -2]
38	[-89.74637823399331, 0]
38	[-83.65203109811732, -1]
38	[-83.65203109811732, -1]
38	[-77.19676050406932, -2]
39	[-89.74637823399331, 0]
39	[-80.5916148141701, -1]
39	[-77.19676050406932, -2]
40	[-89.74637823399331, 0]
40	[-80.5916148141701, -1]
40	[-77.19676050406932, -2]
41	[-89.74637823399331, 0]
41	[-80.5916148141701, -1]
41	[-77.19676050406932, -2]
41	[-77.19676050406932, -2]
42	[-84.82181541522283, 0]
42	[-80.5916148141701, -1]
42	[-77.19676050406932, -2]
42	[-77.19676050406932, -2]
43	[-84.82181541522283, 0]
43	[-80.5916148141701, -1]
43	[-75.11367074566476, -2]
44	[-84.82181541522283, 0]
44	[-79.23030284146975, -1]
44	[-75.11367074566476, -2]
45	[-84.82181541522283, 0]
45	[-78.43042976145767, -1]
45	[-74.75950352452057, -2]
46	[-84.53603121043241, 0]
46	[-78.43042976145767, -1]
46	[-74.75950352452057, -2]
47	[-84.53603121043241, 0]
47	[-76.68230568685979, -1]
47	[-74.75950352452057, -2]
47	[-74.75950352452057, -2]
48	[-84.53603121043241, 0]
48	[-76.68230568685979, -1]
48	[-74.39806245826787, -2]
49	[-84.53603121043241, 0]
49	[-76.68230568685979, -1]
49	[-70.97585709501996, -2]
50	[-84.53603121043241, 0]
50	[-76.68230568685979, -1]
50	[-70.9352652155398, -2]
51	[-84.53603121043241, 0]
51	[-76.68230568685979, -1]
51	[-76.68230568685979, -1]
51	[-70.9352652155398, -2]
52	[-84.53603121043241, 0]
52	[-76.68230568685979, -1]
52	[-76.68230568685979, -1]
52	[-70.72169617475123, -2]
53	[-84.53603121043241, 0]
53	[-76.68230568685979, -1]
53	[-76.68230568685979, -1]
53	[-70.72169617475123, -2]
54	[-84.53603121043241, 0]
54	[-76.31326489247667, -1]
54	[-70.72169617475123, -2]
55	[-84.53603121043241, 0]
55	[-76.31326489247667, -1]
55	[-70.72169617475123, -2]
56	[-84.53603121043241, 0]
56	[-76.31326489247667, -1]
56	[-70.72169617475123, -2]
57	[-84.53603121043241, 0]
57	[-76.31326489247667, -1]
57	[-76.31326489247667, -1]
57	[-70.72169617475123, -2]
57	[-70.72169617475123, -2]
58	[-84.53603121043241, 0]
58	[-76.31326489247667, -1]
58	[-76.31326489247667, -1]
58	[-70.72169617475123, -2]
58	[-70.72169617475123, -2]
59	[-84.53603121043241, 0]
59	[-75.6469054075132, -1]
59	[-70.72169617475123, -2]
59	[-70.72169617475123, -2]
60	[-84.53603121043241, 0]
60	[-75.6469054075132, -1]
60	[-70.72169617475123, -2]
60	[-70.72169617475123, -2]
60	[-70.72169617475123, -2]
61	[-84.53603121043241, 0]
61	[-75.6469054075132, -1]
61	[-70.70589473702985, -2]
62	[-84.53603121043241, 0]
62	[-75.6469054075132, -1]
62	[-70.70589473702985, -2]
63	[-84.53603121043241, 0]
63	[-75.6469054075132, -1]
63	[-70.5390868340835, -2]
64	[-84.53603121043241, 0]
64	[-84.53603121043241, 0]
64	[-75.6469054075132, -1]
64	[-70.5390868340835, -2]
65	[-84.53603121043241, 0]
65	[-84.53603121043241, 0]
65	[-75.6469054075132, -1]
65	[-70.5390868340835, -2]
66	[-84.53603121043241, 0]
66	[-84.53603121043241, 0]
66	[-75.6469054075132, -1]
66	[-70.5390868340835, -2]
67	[-84.53603121043241, 0]
67	[-84.53603121043241, 0]
67	[-75.6469054075132, -1]
67	[-69.75923506523651, -2]
68	[-81.8384224517441, 0]
68	[-75.6469054075132, -1]
68	[-69.75923506523651, -2]
69	[-81.8384224517441, 0]
69	[-75.6469054075132, -1]
69	[-69.75923506523651, -2]
70	[-81.8384224517441, 0]
70	[-75.6469054075132, -1]
70	[-69.75923506523651, -2]
71	[-81.8384224517441, 0]
71	[-75.6469054075132, -1]
71	[-69.75923506523651, -2]
72	[-81.8384224517441, 0]
72	[-75.6469054075132, -1]
72	[-69.75923506523651, -2]
73	[-81.8384224517441, 0]
73	[-75.6469054075132, -1]
73	[-69.75923506523651, -2]
74	[-81.26256812096275, 0]
74	[-75.46430937622628, -1]
74	[-69.75923506523651, -2]
75	[-81.26256812096275, 0]
75	[-75.46430937622628, -1]
75	[-75.46430937622628, -1]
75	[-69.75923506523651, -2]
76	[-81.26256812096275, 0]
76	[-74.17812866915293, -1]
76	[-68.98751412676313, -2]
77	[-81.26256812096275, 0]
77	[-74.17812866915293, -1]
77	[-68.98751412676313, -2]
78	[-81.26256812096275, 0]
78	[-74.17812866915293, -1]
78	[-68.98751412676313, -2]
79	[-81.26256812096275, 0]
79	[-74.17812866915293, -1]
79	[-68.98751412676313, -2]
80	[-78.18423148130772, 0]
80	[-74.17812866915293, -1]
80	[-68.98751412676313, -2]
81	[-76.59396822376148, 0]
81	[-74.17812866915293, -1]
81	[-68.98751412676313, -2]
82	[-76.59396822376148, 0]
82	[-74.17812866915293, -1]
82	[-68.98751412676313, -2]
83	[-76.59396822376148, 0]
83	[-74.17812866915293, -1]
83	[-68.98751412676313, -2]
84	[-76.59396822376148, 0]
84	[-72.58436451695667, -1]
84	[-68.98751412676313, -2]
84	[-68.98751412676313, -2]
85	[-76.59396822376148, 0]
85	[-72.51219912168844, -1]
85	[-68.98751412676313, -2]
85	[-68.98751412676313, -2]
86	[-76.59396822376148, 0]
86	[-72.51219912168844, -1]
86	[-68.98751412676313, -2]
86	[-68.98751412676313, -2]
87	[-76.59396822376148, 0]
87	[-72.48445750352192, -1]
87	[-68.71477911853303, -2]
88	[-76.527627832118, 0]
88	[-72.48445750352192, -1]
88	[-68.71477911853303, -2]
89	[-76.34754185307607, 0]
89	[-72.48445750352192, -1]
89	[-67.05505476047252, -2]
90	[-76.34754185307607, 0]
90	[-72.48445750352192, -1]
90	[-67.05505476047252, -2]
91	[-76.34754185307607, 0]
91	[-72.48445750352192, -1]
91	[-67.05505476047252, -2]
92	[-76.14053077420469, 0]
92	[-72.47872142404263, -1]
92	[-67.05505476047252, -2]
93	[-76.14053077420469, 0]
93	[-72.43096771893332, -1]
93	[-67.05505476047252, -2]
94	[-76.14053077420469, 0]
94	[-72.43096771893332, -1]
94	[-67.05505476047252, -2]
95	[-76.14053077420469, 0]
95	[-72.43096771893332, -1]
95	[-67.05505476047252, -2]
96	[-76.14053077420469, 0]
96	[-72.43096771893332, -1]
96	[-67.05505476047252, -2]
97	[-76.14053077420469, 0]
97	[-72.43096771893332, -1]
97	[-67.05505476047252, -2]
98	[-74.78602545231301, 0]
98	[-72.43096771893332, -1]
98	[-67.05505476047252, -2]
99	[-74.78602545231301, 0]
99	[-72.43096771893332, -1]
99	[-67.05505476047252, -2]
100	[-74.78602545231301, 0]
100	[-67.8039862737221, -1]
100	[-67.02744647208286, -2]
101	[-74.78602545231301, 0]
101	[-67.8039862737221, -1]
101	[-65.96393486225577, -2]
102	[-74.78602545231301, 0]
102	[-67.8039862737221, -1]
102	[-65.96393486225577, -2]
103	[-74.78602545231301, 0]
103	[-67.8039862737221, -1]
103	[-65.96393486225577, -2]
104	[-74.78602545231301, 0]
104	[-67.8039862737221, -1]
104	[-65.96393486225577, -2]
105	[-74.78602545231301, 0]
105	[-67.8039862737221, -1]
105	[-65.96393486225577, -2]
106	[-74.78602545231301, 0]
106	[-67.8039862737221, -1]
106	[-65.96393486225577, -2]
106	[-65.96393486225577, -2]
107	[-74.78602545231301, 0]
107	[-67.8039862737221, -1]
107	[-65.96393486225577, -2]
107	[-65.96393486225577, -2]
108	[-74.78602545231301, 0]
108	[-67.8039862737221, -1]
108	[-65.96393486225577, -2]
108	[-65.96393486225577, -2]
109	[-74.78602545231301, 0]
109	[-67.33888181203375, -1]
109	[-65.96393486225577, -2]
109	[-65.96393486225577, -2]
110	[-74.78602545231301, 0]
110	[-67.33888181203375, -1]
110	[-65.96393486225577, -2]
110	[-65.96393486225577, -2]
111	[-74.78602545231301, 0]
111	[-67.33888181203375, -1]
111	[-65.96393486225577, -2]
111	[-65.96393486225577, -2]
112	[-74.78602545231301, 0]
112	[-67.33888181203375, -1]
112	[-65.96393486225577, -2]
112	[-65.96393486225577, -2]
113	[-74.78602545231301, 0]
113	[-67.33888181203375, -1]
113	[-65.96393486225577, -2]
113	[-65.96393486225577, -2]
113	[-65.96393486225577, -2]
114	[-74.78602545231301, 0]
114	[-67.33888181203375, -1]
114	[-65.96393486225577, -2]
114	[-65.96393486225577, -2]
114	[-65.96393486225577, -2]
114	[-65.96393486225577, -2]
115	[-74.78602545231301, 0]
115	[-67.33888181203375, -1]
115	[-65.96393486225577, -2]
115	[-65.96393486225577, -2]
115	[-65.96393486225577, -2]
115	[-65.96393486225577, -2]
116	[-74.78602545231301, 0]
116	[-67.33888181203375, -1]
116	[-65.96393486225577, -2]
116	[-65.96393486225577, -2]
116	[-65.96393486225577, -2]
116	[-65.96393486225577, -2]
117	[-72.58702889031717, 0]
117	[-67.33888181203375, -1]
117	[-65.82204314143696, -2]
118	[-72.58702889031717, 0]
118	[-67.33888181203375, -1]
118	[-67.33888181203375, -1]
118	[-65.82204314143696, -2]
119	[-72.58702889031717, 0]
119	[-67.33888181203375, -1]
119	[-67.33888181203375, -1]
119	[-65.82204314143696, -2]
120	[-72.58702889031717, 0]
120	[-67.33888181203375, -1]
120	[-67.33888181203375, -1]
120	[-65.82204314143696, -2]
121	[-72.58702889031717, 0]
121	[-67.33888181203375, -1]
121	[-67.33888181203375, -1]
121	[-65.82204314143696, -2]
122	[-72.56815899051821, 0]
122	[-67.33888181203375, -1]
122	[-67.33888181203375, -1]
122	[-65.56059153118042, -2]
123	[-72.56815899051821, 0]
123	[-67.33888181203375, -1]
123	[-67.33888181203375, -1]
123	[-63.87066279725865, -2]
124	[-72.56815899051821, 0]
124	[-66.34452856422648, -1]
124	[-63.87066279725865, -2]
125	[-72.47818347785164, 0]
125	[-66.34452856422648, -1]
125	[-63.87066279725865, -2]
126	[-72.47818347785164, 0]
126	[-66.34452856422648, -1]
126	[-63.77489319923305, -2]
127	[-72.47818347785164, 0]
127	[-66.34452856422648, -1]
127	[-63.77489319923305, -2]
128	[-72.47818347785164, 0]
128	[-66.34452856422648, -1]
128	[-63.77489319923305, -2]
129	[-72.47818347785164, 0]
129	[-65.48968782856424, -1]
129	[-63.77489319923305, -2]
130	[-66.21738521550456, 0]
130	[-65.48968782856424, -1]
130	[-63.77489319923305, -2]
131	[-66.21738521550456, 0]
131	[-65.48968782856424, -1]
131	[-63.77489319923305, -2]
132	[-66.21738521550456, 0]
132	[-65.46477538180879, -1]
132	[-63.77489319923305, -2]
132	[-63.77489319923305, -2]
133	[-66.21738521550456, 0]
133	[-65.46477538180879, -1]
133	[-63.77489319923305, -2]
133	[-63.77489319923305, -2]
134	[-66.21738521550456, 0]
134	[-65.46477538180879, -1]
134	[-63.77489319923305, -2]
134	[-63.77489319923305, -2]
135	[-66.21738521550456, 0]
135	[-65.46477538180879, -1]
135	[-63.77489319923305, -2]
135	[-63.77489319923305, -2]
136	[-66.06192677396596, 0]
136	[-65.46477538180879, -1]
136	[-63.77489319923305, -2]
136	[-63.77489319923305, -2]
136	[-63.77489319923305, -2]
136	[-63.77489319923305, -2]
137	[-66.06192677396596, 0]
137	[-65.46477538180879, -1]
137	[-63.77489319923305, -2]
137	[-63.77489319923305, -2]
137	[-63.77489319923305, -2]
137	[-63.77489319923305, -2]
138	[-66.06192677396596, 0]
138	[-65.46477538180879, -1]
138	[-63.77489319923305, -2]
138	[-63.77489319923305, -2]
138	[-63.77489319923305, -2]
138	[-63.77489319923305, -2]
138	[-63.77489319923305, -2]
139	[-66.06192677396596, 0]
139	[-64.7722494207894, -1]
139	[-63.77489319923305, -2]
139	[-63.77489319923305, -2]
139	[-63.77489319923305, -2]
139	[-63.77489319923305, -2]
139	[-63.77489319923305, -2]
140	[-66.06192677396596, 0]
140	[-64.7722494207894, -1]
140	[-63.77489319923305, -2]
140	[-63.77489319923305, -2]
140	[-63.77489319923305, -2]
140	[-63.77489319923305, -2]
140	[-63.77489319923305, -2]
140	[-63.77489319923305, -2]
141	[-66.06192677396596, 0]
141	[-64.7722494207894, -1]
141	[-63.77489319923305, -2]
141	[-63.77489319923305, -2]
141	[-63.77489319923305, -2]
141	[-63.77489319923305, -2]
141	[-63.77489319923305, -2]
141	[-63.77489319923305, -2]
142	[-66.06192677396596, 0]
142	[-64.7722494207894, -1]
142	[-63.77489319923305, -2]
142	[-63.77489319923305, -2]
142	[-63.77489319923305, -2]
142	[-63.77489319923305, -2]
142	[-63.77489319923305, -2]
142	[-63.77489319923305, -2]
142	[-63.77489319923305, -2]
143	[-66.06192677396596, 0]
143	[-64.7722494207894, -1]
143	[-63.77489319923305, -2]
143	[-63.77489319923305, -2]
143	[-63.77489319923305, -2]
143	[-63.77489319923305, -2]
143	[-63.77489319923305, -2]
143	[-63.77489319923305, -2]
143	[-63.77489319923305, -2]
144	[-66.06192677396596, 0]
144	[-64.7722494207894, -1]
144	[-60.51864524724129, -2]
145	[-66.06192677396596, 0]
145	[-64.7722494207894, -1]
145	[-60.51864524724129, -2]
146	[-66.06192677396596, 0]
146	[-64.7722494207894, -1]
146	[-60.51864524724129, -2]
147	[-66.06192677396596, 0]
147	[-64.7722494207894, -1]
147	[-60.51864524724129, -2]
148	[-66.06192677396596, 0]
148	[-64.4778203771971, -1]
148	[-60.41655668228757, -2]
149	[-66.06192677396596, 0]
149	[-64.4778203771971, -1]
149	[-59.228634791223186, -2]
150	[-66.06192677396596, 0]
150	[-63.494805209908854, -1]
150	[-59.228634791223186, -2]
151	[-65.67965997334964, 0]
151	[-63.494805209908854, -1]
151	[-59.228634791223186, -2]
152	[-65.67965997334964, 0]
152	[-63.494805209908854, -1]
152	[-59.228634791223186, -2]
153	[-65.67965997334964, 0]
153	[-63.494805209908854, -1]
153	[-59.228634791223186, -2]
154	[-65.67965997334964, 0]
154	[-63.494805209908854, -1]
154	[-59.228634791223186, -2]
155	[-65.67965997334964, 0]
155	[-63.494805209908854, -1]
155	[-59.228634791223186, -2]
156	[-65.67965997334964, 0]
156	[-63.494805209908854, -1]
156	[-58.01379732269435, -2]
157	[-65.67965997334964, 0]
157	[-63.494805209908854, -1]
157	[-58.01379732269435, -2]
158	[-65.67965997334964, 0]
158	[-63.494805209908854, -1]
158	[-58.01379732269435, -2]
159	[-65.67965997334964, 0]
159	[-63.48459171295483, -1]
159	[-58.01379732269435, -2]
160	[-65.67965997334964, 0]
160	[-63.48459171295483, -1]
160	[-58.01379732269435, -2]
161	[-65.67965997334964, 0]
161	[-63.48459171295483, -1]
161	[-58.01379732269435, -2]
162	[-65.67965997334964, 0]
162	[-63.48459171295483, -1]
162	[-58.01379732269435, -2]
163	[-65.67965997334964, 0]
163	[-63.48459171295483, -1]
163	[-63.48459171295483, -1]
163	[-58.01379732269435, -2]
164	[-65.67965997334964, 0]
164	[-63.48459171295483, -1]
164	[-63.48459171295483, -1]
164	[-58.01379732269435, -2]
165	[-65.67965997334964, 0]
165	[-63.48459171295483, -1]
165	[-63.48459171295483, -1]
165	[-58.01379732269435, -2]
166	[-65.67965997334964, 0]
166	[-63.48459171295483, -1]
166	[-63.48459171295483, -1]
166	[-58.01379732269435, -2]
167	[-65.67965997334964, 0]
167	[-63.48459171295483, -1]
167	[-63.48459171295483, -1]
167	[-58.01379732269435, -2]
168	[-65.67965997334964, 0]
168	[-63.45630154328291, -1]
168	[-58.01379732269435, -2]
169	[-65.67965997334964, 0]
169	[-63.45630154328291, -1]
169	[-58.01379732269435, -2]
170	[-65.67965997334964, 0]
170	[-63.45630154328291, -1]
170	[-58.01379732269435, -2]
171	[-65.67965997334964, 0]
171	[-63.45630154328291, -1]
171	[-58.01379732269435, -2]
172	[-65.67965997334964, 0]
172	[-63.45630154328291, -1]
172	[-56.857446854487335, -2]
173	[-65.67965997334964, 0]
173	[-63.45630154328291, -1]
173	[-56.857446854487335, -2]
174	[-65.67965997334964, 0]
174	[-63.45630154328291, -1]
174	[-56.857446854487335, -2]
175	[-65.67965997334964, 0]
175	[-63.45630154328291, -1]
175	[-56.857446854487335, -2]
176	[-65.67965997334964, 0]
176	[-63.45630154328291, -1]
176	[-56.857446854487335, -2]
177	[-65.67965997334964, 0]
177	[-63.45630154328291, -1]
177	[-56.857446854487335, -2]
178	[-65.67965997334964, 0]
178	[-63.45630154328291, -1]
178	[-56.857446854487335, -2]
179	[-65.67965997334964, 0]
179	[-63.45630154328291, -1]
179	[-56.857446854487335, -2]
180	[-65.40943479569007, 0]
180	[-63.45630154328291, -1]
180	[-56.857446854487335, -2]
181	[-65.40943479569007, 0]
181	[-63.4411890179336, -1]
181	[-56.857446854487335, -2]
182	[-65.40943479569007, 0]
182	[-63.4411890179336, -1]
182	[-56.857446854487335, -2]
182	[-56.857446854487335, -2]
182	[-56.857446854487335, -2]
183	[-65.40943479569007, 0]
183	[-63.4411890179336, -1]
183	[-56.857446854487335, -2]
183	[-56.857446854487335, -2]
183	[-56.857446854487335, -2]
183	[-56.857446854487335, -2]
184	[-65.40943479569007, 0]
184	[-63.4411890179336, -1]
184	[-56.857446854487335, -2]
184	[-56.857446854487335, -2]
184	[-56.857446854487335, -2]
184	[-56.857446854487335, -2]
185	[-65.40943479569007, 0]
185	[-63.4411890179336, -1]
185	[-56.857446854487335, -2]
185	[-56.857446854487335, -2]
185	[-56.857446854487335, -2]
185	[-56.857446854487335, -2]
185	[-56.857446854487335, -2]
186	[-65.40943479569007, 0]
186	[-63.4411890179336, -1]
186	[-56.857446854487335, -2]
186	[-56.857446854487335, -2]
186	[-56.857446854487335, -2]
186	[-56.857446854487335, -2]
186	[-56.857446854487335, -2]
186	[-56.857446854487335, -2]
187	[-65.40943479569007, 0]
187	[-63.39734283158743, -1]
187	[-56.857446854487335, -2]
187	[-56.857446854487335, -2]
187	[-56.857446854487335, -2]
187	[-56.857446854487335, -2]
187	[-56.857446854487335, -2]
187	[-56.857446854487335, -2]
187	[-56.857446854487335, -2]
188	[-65.12227240819414, 0]
188	[-63.39734283158743, -1]
188	[-56.16027288930268, -2]
189	[-65.12227240819414, 0]
189	[-63.39734283158743, -1]
189	[-56.16027288930268, -2]
190	[-65.12227240819414, 0]
190	[-63.39734283158743, -1]
190	[-56.16027288930268, -2]
191	[-65.12227240819414, 0]
191	[-63.39734283158743, -1]
191	[-63.39734283158743, -1]
191	[-56.16027288930268, -2]
192	[-65.12227240819414, 0]
192	[-63.39734283158743, -1]
192	[-63.39734283158743, -1]
192	[-56.16027288930268, -2]
193	[-65.12227240819414, 0]
193	[-62.74065393656564, -1]
193	[-55.9105603756212, -2]
194	[-65.12227240819414, 0]
194	[-62.74065393656564, -1]
194	[-55.9105603756212, -2]
195	[-65.12227240819414, 0]
195	[-62.74065393656564, -1]
195	[-55.9105603756212, -2]
196	[-65.12227240819414, 0]
196	[-62.74065393656564, -1]
196	[-55.9105603756212, -2]
197	[-64.69389205765891, 0]
197	[-62.74065393656564, -1]
197	[-55.9105603756212, -2]
198	[-64.69389205765891, 0]
198	[-62.74065393656564, -1]
198	[-55.9105603756212, -2]
199	[-64.69389205765891, 0]
199	[-62.74065393656564, -1]
199	[-62.74065393656564, -1]
199	[-55.9105603756212, -2]
200	[-64.69389205765891, 0]
200	[-62.74065393656564, -1]
200	[-62.74065393656564, -1]
200	[-55.9105603756212, -2]
201	[-64.69389205765891, 0]
201	[-62.74065393656564, -1]
201	[-62.74065393656564, -1]
201	[-55.9105603756212, -2]
202	[-64.69389205765891, 0]
202	[-62.74065393656564, -1]
202	[-62.74065393656564, -1]
202	[-62.74065393656564, -1]
202	[-55.9105603756212, -2]
203	[-64.69389205765891, 0]
203	[-62.74065393656564, -1]
203	[-62.74065393656564, -1]
203	[-62.74065393656564, -1]
203	[-55.9105603756212, -2]
203	[-55.9105603756212, -2]
204	[-64.69389205765891, 0]
204	[-62.74065393656564, -1]
204	[-62.74065393656564, -1]
204	[-62.74065393656564, -1]
204	[-62.74065393656564, -1]
204	[-55.9105603756212, -2]
204	[-55.9105603756212, -2]
205	[-64.69389205765891, 0]
205	[-62.74065393656564, -1]
205	[-62.74065393656564, -1]
205	[-62.74065393656564, -1]
205	[-62.74065393656564, -1]
205	[-55.9105603756212, -2]
205	[-55.9105603756212, -2]
206	[-64.69389205765891, 0]
206	[-62.74065393656564, -1]
206	[-62.74065393656564, -1]
206	[-62.74065393656564, -1]
206	[-62.74065393656564, -1]
206	[-55.9105603756212, -2]
206	[-55.9105603756212, -2]
207	[-64.69389205765891, 0]
207	[-62.74065393656564, -1]
207	[-62.74065393656564, -1]
207	[-62.74065393656564, -1]
207	[-62.74065393656564, -1]
207	[-55.9105603756212, -2]
207	[-55.9105603756212, -2]
208	[-64.69389205765891, 0]
208	[-62.74065393656564, -1]
208	[-62.74065393656564, -1]
208	[-62.74065393656564, -1]
208	[-62.74065393656564, -1]
208	[-62.74065393656564, -1]
208	[-55.9105603756212, -2]
208	[-55.9105603756212, -2]
209	[-64.69389205765891, 0]
209	[-62.74065393656564, -1]
209	[-62.74065393656564, -1]
209	[-62.74065393656564, -1]
209	[-62.74065393656564, -1]
209	[-62.74065393656564, -1]
209	[-55.9105603756212, -2]
209	[-55.9105603756212, -2]
210	[-64.69389205765891, 0]
210	[-62.74065393656564, -1]
210	[-62.74065393656564, -1]
210	[-62.74065393656564, -1]
210	[-62.74065393656564, -1]
210	[-62.74065393656564, -1]
210	[-55.9105603756212, -2]
210	[-55.9105603756212, -2]
211	[-64.69389205765891, 0]
211	[-62.74065393656564, -1]
211	[-62.74065393656564, -1]
211	[-62.74065393656564, -1]
211	[-62.74065393656564, -1]
211	[-62.74065393656564, -1]
211	[-55.9105603756212, -2]
211	[-55.9105603756212, -2]
212	[-64.69389205765891, 0]
212	[-62.688637922683576, -1]
212	[-55.9105603756212, -2]
212	[-55.9105603756212, -2]
213	[-64.69389205765891, 0]
213	[-62.688637922683576, -1]
213	[-55.9105603756212, -2]
213	[-55.9105603756212, -2]
214	[-64.69389205765891, 0]
214	[-62.688637922683576, -1]
214	[-55.9105603756212, -2]
214	[-55.9105603756212, -2]
215	[-64.69389205765891, 0]
215	[-62.688637922683576, -1]
215	[-55.9105603756212, -2]
215	[-55.9105603756212, -2]
216	[-64.69389205765891, 0]
216	[-62.688637922683576, -1]
216	[-55.9105603756212, -2]
216	[-55.9105603756212, -2]
217	[-64.69389205765891, 0]
217	[-62.688637922683576, -1]
217	[-55.9105603756212, -2]
217	[-55.9105603756212, -2]
218	[-64.69389205765891, 0]
218	[-62.32189457473502, -1]
218	[-55.9105603756212, -2]
218	[-55.9105603756212, -2]
219	[-64.69389205765891, 0]
219	[-62.32189457473502, -1]
219	[-62.32189457473502, -1]
219	[-55.9105603756212, -2]
219	[-55.9105603756212, -2]
220	[-64.69389205765891, 0]
220	[-62.3188873450893, -1]
220	[-55.9105603756212, -2]
220	[-55.9105603756212, -2]
221	[-64.14379717170365, 0]
221	[-62.3188873450893, -1]
221	[-55.9105603756212, -2]
221	[-55.9105603756212, -2]
222	[-64.14379717170365, 0]
222	[-62.3188873450893, -1]
222	[-55.9105603756212, -2]
222	[-55.9105603756212, -2]
223	[-64.12067635000135, 0]
223	[-62.293313194109786, -1]
223	[-55.9105603756212, -2]
223	[-55.9105603756212, -2]
224	[-64.12067635000135, 0]
224	[-62.293313194109786, -1]
224	[-55.9105603756212, -2]
224	[-55.9105603756212, -2]
224	[-55.9105603756212, -2]
225	[-64.12067635000135, 0]
225	[-62.293313194109786, -1]
225	[-55.837393683941926, -2]
226	[-64.12067635000135, 0]
226	[-62.293313194109786, -1]
226	[-55.76653737654513, -2]
227	[-64.12067635000135, 0]
227	[-62.174548475455296, -1]
227	[-55.76653737654513, -2]
228	[-64.12067635000135, 0]
228	[-62.174548475455296, -1]
228	[-55.76653737654513, -2]
229	[-64.12067635000135, 0]
229	[-62.174548475455296, -1]
229	[-55.6819578040682, -2]
230	[-64.12067635000135, 0]
230	[-62.174548475455296, -1]
230	[-55.6819578040682, -2]
231	[-64.12067635000135, 0]
231	[-62.174548475455296, -1]
231	[-55.6819578040682, -2]
232	[-64.12067635000135, 0]
232	[-62.174548475455296, -1]
232	[-55.6819578040682, -2]
233	[-64.12067635000135, 0]
233	[-62.174548475455296, -1]
233	[-55.6819578040682, -2]
234	[-64.12067635000135, 0]
234	[-62.174548475455296, -1]
234	[-55.6819578040682, -2]
235	[-64.12067635000135, 0]
235	[-62.174548475455296, -1]
235	[-62.174548475455296, -1]
235	[-55.6819578040682, -2]
236	[-64.12067635000135, 0]
236	[-62.174548475455296, -1]
236	[-62.174548475455296, -1]
236	[-55.6819578040682, -2]
236	[-55.6819578040682, -2]
237	[-64.12067635000135, 0]
237	[-62.14755155597166, -1]
237	[-55.6819578040682, -2]
237	[-55.6819578040682, -2]
238	[-64.12067635000135, 0]
238	[-62.14755155597166, -1]
238	[-55.6819578040682, -2]
238	[-55.6819578040682, -2]
239	[-64.12067635000135, 0]
239	[-62.14755155597166, -1]
239	[-55.6819578040682, -2]
239	[-55.6819578040682, -2]
240	[-64.12067635000135, 0]
240	[-62.14755155597166, -1]
240	[-55.6819578040682, -2]
240	[-55.6819578040682, -2]
241	[-64.12067635000135, 0]
241	[-62.14755155597166, -1]
241	[-55.6819578040682, -2]
241	[-55.6819578040682, -2]
242	[-64.12067635000135, 0]
242	[-62.14755155597166, -1]
242	[-55.6819578040682, -2]
242	[-55.6819578040682, -2]
243	[-64.12067635000135, 0]
243	[-62.14755155597166, -1]
243	[-55.6819578040682, -2]
243	[-55.6819578040682, -2]
244	[-64.12067635000135, 0]
244	[-62.14755155597166, -1]
244	[-55.6819578040682, -2]
244	[-55.6819578040682, -2]
245	[-64.12067635000135, 0]
245	[-62.14755155597166, -1]
245	[-55.6819578040682, -2]
245	[-55.6819578040682, -2]
246	[-64.12067635000135, 0]
246	[-62.14755155597166, -1]
246	[-55.6819578040682, -2]
246	[-55.6819578040682, -2]
247	[-64.12067635000135, 0]
247	[-62.14755155597166, -1]
247	[-55.6819578040682, -2]
247	[-55.6819578040682, -2]
248	[-64.12067635000135, 0]
248	[-62.14755155597166, -1]
248	[-55.6819578040682, -2]
248	[-55.6819578040682, -2]
249	[-64.12067635000135, 0]
249	[-62.14755155597166, -1]
249	[-55.6819578040682, -2]
249	[-55.6819578040682, -2]
249	[-55.6819578040682, -2]
250	[-64.12067635000135, 0]
250	[-62.14755155597166, -1]
250	[-55.6819578040682, -2]
250	[-55.6819578040682, -2]
250	[-55.6819578040682, -2]
250	[-55.6819578040682, -2]
251	[-64.12067635000135, 0]
251	[-62.14755155597166, -1]
251	[-55.6819578040682, -2]
251	[-55.6819578040682, -2]
251	[-55.6819578040682, -2]
251	[-55.6819578040682, -2]
252	[-64.12067635000135, 0]
252	[-62.08475404628895, -1]
252	[-55.6819578040682, -2]
252	[-55.6819578040682, -2]
252	[-55.6819578040682, -2]
252	[-55.6819578040682, -2]
252	[-55.6819578040682, -2]
253	[-64.12067635000135, 0]
253	[-62.08475404628895, -1]
253	[-55.6819578040682, -2]
253	[-55.6819578040682, -2]
253	[-55.6819578040682, -2]
253	[-55.6819578040682, -2]
253	[-55.6819578040682, -2]
254	[-64.12067635000135, 0]
254	[-62.08475404628895, -1]
254	[-55.6819578040682, -2]
254	[-55.6819578040682, -2]
254	[-55.6819578040682, -2]
254	[-55.6819578040682, -2]
254	[-55.6819578040682, -2]
255	[-64.12067635000135, 0]
255	[-62.08475404628895, -1]
255	[-55.6819578040682, -2]
255	[-55.6819578040682, -2]
255	[-55.6819578040682, -2]
255	[-55.6819578040682, -2]
255	[-55.6819578040682, -2]
255	[-55.6819578040682, -2]
256	[-64.12067635000135, 0]
256	[-62.08475404628895, -1]
256	[-55.6819578040682, -2]
256	[-55.6819578040682, -2]
256	[-55.6819578040682, -2]
256	[-55.6819578040682, -2]
256	[-55.6819578040682, -2]
256	[-55.6819578040682, -2]
257	[-64.12067635000135, 0]
257	[-62.08475404628895, -1]
257	[-62.08475404628895, -1]
257	[-55.6819578040682, -2]
257	[-55.6819578040682, -2]
257	[-55.6819578040682, -2]
257	[-55.6819578040682, -2]
257	[-55.6819578040682, -2]
257	[-55.6819578040682, -2]
257	[-55.6819578040682, -2]
258	[-64.12067635000135, 0]
258	[-62.08475404628895, -1]
258	[-62.08475404628895, -1]
258	[-55.6819578040682, -2]
258	[-55.6819578040682, -2]
258	[-55.6819578040682, -2]
258	[-55.6819578040682, -2]
258	[-55.6819578040682, -2]
258	[-55.6819578040682, -2]
258	[-55.6819578040682, -2]
258	[-55.6819578040682, -2]
258	[-55.6819578040682, -2]
259	[-64.12067635000135, 0]
259	[-62.08475404628895, -1]
259	[-62.08475404628895, -1]
259	[-55.6819578040682, -2]
259	[-55.6819578040682, -2]
259	[-55.6819578040682, -2]
259	[-55.6819578040682, -2]
259	[-55.6819578040682, -2]
259	[-55.6819578040682, -2]
259	[-55.6819578040682, -2]
259	[-55.6819578040682, -2]
259	[-55.6819578040682, -2]
259	[-55.6819578040682, -2]
260	[-64.12067635000135, 0]
260	[-62.08475404628895, -1]
260	[-62.08475404628895, -1]
260	[-62.08475404628895, -1]
260	[-55.6819578040682, -2]
260	[-55.6819578040682, -2]
260	[-55.6819578040682, -2]
260	[-55.6819578040682, -2]
260	[-55.6819578040682, -2]
260	[-55.6819578040682, -2]
260	[-55.6819578040682, -2]
260	[-55.6819578040682, -2]
260	[-55.6819578040682, -2]
260	[-55.6819578040682, -2]
260	[-55.6819578040682, -2]
260	[-55.6819578040682, -2]
261	[-64.12067635000135, 0]
261	[-62.08475404628895, -1]
261	[-62.08475404628895, -1]
261	[-62.08475404628895, -1]
261	[-55.56819902759789, -2]
262	[-64.12067635000135, 0]
262	[-62.08475404628895, -1]
262	[-62.08475404628895, -1]
262	[-62.08475404628895, -1]
262	[-55.56819902759789, -2]
263	[-64.12067635000135, 0]
263	[-62.08475404628895, -1]
263	[-62.08475404628895, -1]
263	[-62.08475404628895, -1]
263	[-55.56819902759789, -2]
264	[-64.12067635000135, 0]
264	[-62.08475404628895, -1]
264	[-62.08475404628895, -1]
264	[-62.08475404628895, -1]
264	[-55.56819902759789, -2]
265	[-64.12067635000135, 0]
265	[-62.08475404628895, -1]
265	[-62.08475404628895, -1]
265	[-62.08475404628895, -1]
265	[-55.56819902759789, -2]
266	[-64.12067635000135, 0]
266	[-62.08475404628895, -1]
266	[-62.08475404628895, -1]
266	[-62.08475404628895, -1]
266	[-55.56819902759789, -2]
267	[-64.12067635000135, 0]
267	[-62.08475404628895, -1]
267	[-62.08475404628895, -1]
267	[-62.08475404628895, -1]
267	[-55.56819902759789, -2]
268	[-64.12067635000135, 0]
268	[-62.08475404628895, -1]
268	[-62.08475404628895, -1]
268	[-62.08475404628895, -1]
268	[-55.56819902759789, -2]
269	[-64.12067635000135, 0]
269	[-62.08475404628895, -1]
269	[-62.08475404628895, -1]
269	[-62.08475404628895, -1]
269	[-55.48892532992487, -2]
270	[-64.12067635000135, 0]
270	[-62.08475404628895, -1]
270	[-62.08475404628895, -1]
270	[-62.08475404628895, -1]
270	[-55.48892532992487, -2]
271	[-62.621028575543264, 0]
271	[-62.08475404628895, -1]
271	[-62.08475404628895, -1]
271	[-62.08475404628895, -1]
271	[-55.48892532992487, -2]
272	[-62.621028575543264, 0]
272	[-62.08475404628895, -1]
272	[-62.08475404628895, -1]
272	[-62.08475404628895, -1]
272	[-55.48892532992487, -2]
273	[-62.621028575543264, 0]
273	[-62.08475404628895, -1]
273	[-62.08475404628895, -1]
273	[-62.08475404628895, -1]
273	[-55.48892532992487, -2]
274	[-62.621028575543264, 0]
274	[-62.08475404628895, -1]
274	[-62.08475404628895, -1]
274	[-62.08475404628895, -1]
274	[-55.48892532992487, -2]
275	[-62.621028575543264, 0]
275	[-62.08475404628895, -1]
275	[-62.08475404628895, -1]
275	[-62.08475404628895, -1]
275	[-55.48892532992487, -2]
276	[-62.621028575543264, 0]
276	[-62.08475404628895, -1]
276	[-62.08475404628895, -1]
276	[-62.08475404628895, -1]
276	[-55.48892532992487, -2]
277	[-62.621028575543264, 0]
277	[-62.08475404628895, -1]
277	[-62.08475404628895, -1]
277	[-62.08475404628895, -1]
277	[-55.48892532992487, -2]
278	[-62.621028575543264, 0]
278	[-62.08475404628895, -1]
278	[-62.08475404628895, -1]
278	[-62.08475404628895, -1]
278	[-62.08475404628895, -1]
278	[-55.48892532992487, -2]
279	[-62.621028575543264, 0]
279	[-62.08475404628895, -1]
279	[-62.08475404628895, -1]
279	[-62.08475404628895, -1]
279	[-62.08475404628895, -1]
279	[-55.48892532992487, -2]
280	[-62.621028575543264, 0]
280	[-62.06240150294717, -1]
280	[-55.48892532992487, -2]
281	[-62.621028575543264, 0]
281	[-62.06240150294717, -1]
281	[-55.48892532992487, -2]
281	[-55.48892532992487, -2]
282	[-62.621028575543264, 0]
282	[-62.06240150294717, -1]
282	[-62.06240150294717, -1]
282	[-55.48892532992487, -2]
282	[-55.48892532992487, -2]
282	[-55.48892532992487, -2]
283	[-62.621028575543264, 0]
283	[-62.06240150294717, -1]
283	[-62.06240150294717, -1]
283	[-55.48892532992487, -2]
283	[-55.48892532992487, -2]
283	[-55.48892532992487, -2]
284	[-62.621028575543264, 0]
284	[-62.06240150294717, -1]
284	[-62.06240150294717, -1]
284	[-55.48892532992487, -2]
284	[-55.48892532992487, -2]
284	[-55.48892532992487, -2]
285	[-62.621028575543264, 0]
285	[-62.06240150294717, -1]
285	[-62.06240150294717, -1]
285	[-55.48892532992487, -2]
285	[-55.48892532992487, -2]
285	[-55.48892532992487, -2]
286	[-62.621028575543264, 0]
286	[-62.06240150294717, -1]
286	[-62.06240150294717, -1]
286	[-55.48892532992487, -2]
286	[-55.48892532992487, -2]
286	[-55.48892532992487, -2]
287	[-62.621028575543264, 0]
287	[-62.06240150294717, -1]
287	[-62.06240150294717, -1]
287	[-62.06240150294717, -1]
287	[-55.44014411802915, -2]
288	[-62.621028575543264, 0]
288	[-62.06240150294717, -1]
288	[-62.06240150294717, -1]
288	[-62.06240150294717, -1]
288	[-55.44014411802915, -2]
289	[-62.621028575543264, 0]
289	[-62.06240150294717, -1]
289	[-62.06240150294717, -1]
289	[-62.06240150294717, -1]
289	[-62.06240150294717, -1]
289	[-55.44014411802915, -2]
289	[-55.44014411802915, -2]
290	[-62.621028575543264, 0]
290	[-62.06240150294717, -1]
290	[-62.06240150294717, -1]
290	[-62.06240150294717, -1]
290	[-62.06240150294717, -1]
290	[-55.44014411802915, -2]
290	[-55.44014411802915, -2]
291	[-62.621028575543264, 0]
291	[-62.06240150294717, -1]
291	[-62.06240150294717, -1]
291	[-62.06240150294717, -1]
291	[-62.06240150294717, -1]
291	[-55.21482381073684, -2]
292	[-62.621028575543264, 0]
292	[-61.84275938381345, -1]
292	[-55.21482381073684, -2]
293	[-62.621028575543264, 0]
293	[-61.84275938381345, -1]
293	[-55.21482381073684, -2]
294	[-62.45949959100703, 0]
294	[-61.84275938381345, -1]
294	[-55.21482381073684, -2]
294	[-55.21482381073684, -2]
295	[-62.45949959100703, 0]
295	[-61.84275938381345, -1]
295	[-55.21482381073684, -2]
295	[-55.21482381073684, -2]
296	[-62.45949959100703, 0]
296	[-61.84275938381345, -1]
296	[-55.16572503885583, -2]
297	[-62.45949959100703, 0]
297	[-61.84275938381345, -1]
297	[-55.16572503885583, -2]
298	[-62.45949959100703, 0]
298	[-61.84275938381345, -1]
298	[-55.16572503885583, -2]
298	[-55.16572503885583, -2]
299	[-62.45949959100703, 0]
299	[-61.84275938381345, -1]
299	[-55.16572503885583, -2]
299	[-55.16572503885583, -2]
300	[-62.45949959100703, 0]
300	[-61.84275938381345, -1]
300	[-55.16572503885583, -2]
300	[-55.16572503885583, -2]
300	[-62.45949959100703, 0]
300	[-61.84275938381345, -1]
300	[-55.16572503885583, -2]
300	[-55.16572503885583, -2]
