0	[-238.57884861648762, -1]
0	[-169.08689940233847, -3]
1	[-305.78370777618085, 0]
1	[-238.4046229563259, -1]
1	[-219.74567247333798, -2]
1	[-169.08689940233847, -3]
2	[-305.78370777618085, 0]
2	[-238.4046229563259, -1]
2	[-177.57901657669805, -2]
2	[-169.08689940233847, -3]
3	[-305.78370777618085, 0]
3	[-238.4046229563259, -1]
3	[-160.81618523760764, -2]
4	[-305.78370777618085, 0]
4	[-236.44181745343968, -1]
4	[-160.81618523760764, -2]
4	[-160.7768599504078, -3]
5	[-305.78370777618085, 0]
5	[-212.84519014733195, -1]
5	[-160.81618523760764, -2]
5	[-160.7768599504078, -3]
6	[-252.31582177607623, 0]
6	[-212.84519014733195, -1]
6	[-146.5360289924506, -2]
7	[-248.98480161548488, 0]
7	[-112.61324545675409, -1]
8	[-237.82728019490364, 0]
8	[-112.61324545675409, -1]
9	[-206.470835266997, 0]
9	[-111.89230196580289, -1]
10	[-206.470835266997, 0]
10	[-111.89230196580289, -1]
11	[-206.470835266997, 0]
11	[-111.59927263179443, -1]
12	[-206.470835266997, 0]
12	[-111.59927263179443, -1]
13	[-206.470835266997, 0]
13	[-111.59927263179443, -1]
14	[-206.3254614723011, 0]
14	[-111.59927263179443, -1]
15	[-196.98785002617515, 0]
15	[-111.59927263179443, -1]
16	[-196.98785002617515, 0]
16	[-111.51441345334756, -1]
17	[-194.55292836448012, 0]
17	[-111.51441345334756, -1]
18	[-193.93380850609876, 0]
18	[-111.51441345334756, -1]
19	[-189.3940119004293, 0]
19	[-111.51441345334756, -1]
20	[-189.3940119004293, 0]
20	[-111.51441345334756, -1]
21	[-127.22394061888893, 0]
21	[-111.51441345334756, -1]
22	[-125.9467781416578, 0]
22	[-107.47449036881356, -1]
23	[-125.9467781416578, 0]
23	[-107.47449036881356, -1]
24	[-120.04926674696591, 0]
24	[-107.47449036881356, -1]
25	[-120.04926674696591, 0]
25	[-107.47449036881356, -1]
26	[-120.04926674696591, 0]
26	[-107.45671486781364, -1]
27	[-120.04926674696591, 0]
27	[-107.45671486781364, -1]
28	[-120.04926674696591, 0]
28	[-107.25108515243255, -1]
29	[-120.04926674696591, 0]
29	[-107.25108515243255, -1]
30	[-120.04926674696591, 0]
30	[-107.25108515243255, -1]
31	[-120.04926674696591, 0]
31	[-107.25108515243255, -1]
32	[-120.00388117058642, 0]
32	[-107.25108515243255, -1]
33	[-120.00388117058642, 0]
33	[-104.8120077182174, -1]
34	[-120.00388117058642, 0]
34	[-104.75466420147005, -1]
35	[-120.00388117058642, 0]
35	[-104.75466420147005, -1]
36	[-120.00388117058642, 0]
36	[-104.75466420147005, -1]
37	[-120.00388117058642, 0]
37	[-104.75466420147005, -1]
38	[-119.92166402933928, 0]
38	[-104.75466420147005, -1]
39	[-119.92166402933928, 0]
39	[-104.75466420147005, -1]
40	[-119.92166402933928, 0]
40	[-104.75466420147005, -1]
41	[-119.92166402933928, 0]
41	[-104.75466420147005, -1]
42	[-119.92166402933928, 0]
42	[-104.75466420147005, -1]
43	[-117.79370325035102, 0]
43	[-104.75466420147005, -1]
44	[-117.79370325035102, 0]
44	[-104.75466420147005, -1]
45	[-117.79370325035102, 0]
45	[-104.75466420147005, -1]
46	[-117.79370325035102, 0]
46	[-104.75466420147005, -1]
47	[-117.79370325035102, 0]
47	[-104.75466420147005, -1]
48	[-117.79370325035102, 0]
48	[-104.22512111302322, -1]
49	[-117.79370325035102, 0]
49	[-104.16903094765816, -1]
50	[-117.79370325035102, 0]
50	[-104.16903094765816, -1]
51	[-117.79370325035102, 0]
51	[-104.16903094765816, -1]
52	[-117.79370325035102, 0]
52	[-104.16903094765816, -1]
53	[-117.79370325035102, 0]
53	[-104.16903094765816, -1]
54	[-117.39615064995364, 0]
54	[-104.16903094765816, -1]
55	[-117.39615064995364, 0]
55	[-104.16903094765816, -1]
56	[-117.39615064995364, 0]
56	[-104.16903094765816, -1]
57	[-117.39615064995364, 0]
57	[-103.93848046936976, -1]
58	[-117.31608945344702, 0]
58	[-103.93848046936976, -1]
59	[-115.00417140212562, 0]
59	[-103.93848046936976, -1]
60	[-115.00417140212562, 0]
60	[-103.93848046936976, -1]
61	[-115.00417140212562, 0]
61	[-103.93848046936976, -1]
62	[-115.00417140212562, 0]
62	[-103.93848046936976, -1]
63	[-115.00417140212562, 0]
63	[-103.93848046936976, -1]
64	[-115.00417140212562, 0]
64	[-103.93848046936976, -1]
65	[-115.00417140212562, 0]
65	[-101.41789866471473, -1]
66	[-115.00417140212562, 0]
66	[-101.41789866471473, -1]
67	[-115.00417140212562, 0]
67	[-101.41789866471473, -1]
68	[-115.00417140212562, 0]
68	[-101.41789866471473, -1]
69	[-115.00417140212562, 0]
69	[-101.41789866471473, -1]
70	[-114.45731537889134, 0]
70	[-101.41789866471473, -1]
71	[-114.45731537889134, 0]
71	[-101.41789866471473, -1]
72	[-114.45731537889134, 0]
72	[-101.41789866471473, -1]
73	[-114.45731537889134, 0]
73	[-101.41789866471473, -1]
74	[-114.45731537889134, 0]
74	[-101.41789866471473, -1]
75	[-114.45731537889134, 0]
75	[-101.41789866471473, -1]
76	[-111.86882351642447, 0]
76	[-101.41789866471473, -1]
77	[-111.86882351642447, 0]
77	[-101.41789866471473, -1]
78	[-111.86882351642447, 0]
78	[-101.41789866471473, -1]
79	[-111.86882351642447, 0]
79	[-101.41789866471473, -1]
80	[-111.86882351642447, 0]
80	[-101.41789866471473, -1]
81	[-111.86882351642447, 0]
81	[-101.41789866471473, -1]
82	[-111.86882351642447, 0]
82	[-101.41789866471473, -1]
83	[-111.86882351642447, 0]
83	[-101.41789866471473, -1]
84	[-111.86882351642447, 0]
84	[-101.41789866471473, -1]
85	[-111.86882351642447, 0]
85	[-101.41789866471473, -1]
86	[-111.86882351642447, 0]
86	[-100.7305071657087, -1]
87	[-111.86882351642447, 0]
87	[-100.7305071657087, -1]
88	[-111.86882351642447, 0]
88	[-100.7305071657087, -1]
89	[-111.86882351642447, 0]
89	[-100.7305071657087, -1]
90	[-111.86882351642447, 0]
90	[-100.7305071657087, -1]
91	[-111.86882351642447, 0]
91	[-100.7305071657087, -1]
92	[-110.0821569526665, 0]
92	[-100.7305071657087, -1]
93	[-107.19642459072178, 0]
93	[-100.7305071657087, -1]
94	[-107.19642459072178, 0]
94	[-100.72005125836475, -1]
95	[-107.19642459072178, 0]
95	[-100.72005125836475, -1]
96	[-107.19642459072178, 0]
96	[-100.72005125836475, -1]
97	[-107.19642459072178, 0]
97	[-99.87938235266128, -1]
98	[-107.19642459072178, 0]
98	[-99.87938235266128, -1]
99	[-107.19642459072178, 0]
99	[-99.87938235266128, -1]
100	[-107.19642459072178, 0]
100	[-99.4451860624771, -1]
101	[-105.30276470419668, 0]
101	[-99.4451860624771, -1]
102	[-105.30276470419668, 0]
102	[-99.4451860624771, -1]
103	[-104.80177889766523, 0]
103	[-99.4451860624771, -1]
104	[-104.80177889766523, 0]
104	[-99.4451860624771, -1]
105	[-104.80177889766523, 0]
105	[-99.4451860624771, -1]
106	[-104.80177889766523, 0]
106	[-99.4451860624771, -1]
107	[-104.7689634395895, 0]
107	[-99.4451860624771, -1]
108	[-101.82984516477543, 0]
108	[-99.4451860624771, -1]
109	[-101.82984516477543, 0]
109	[-99.4451860624771, -1]
110	[-101.82984516477543, 0]
110	[-99.4451860624771, -1]
111	[-101.82984516477543, 0]
111	[-99.4451860624771, -1]
112	[-101.82984516477543, 0]
112	[-99.4451860624771, -1]
113	[-101.82984516477543, 0]
113	[-96.32563526597538, -1]
114	[-101.82984516477543, 0]
114	[-96.32563526597538, -1]
115	[-101.82984516477543, 0]
115	[-96.32563526597538, -1]
116	[-101.82984516477543, 0]
116	[-96.32563526597538, -1]
117	[-101.82984516477543, 0]
117	[-96.32563526597538, -1]
118	[-101.82984516477543, 0]
118	[-96.32563526597538, -1]
119	[-101.81231244343158, 0]
119	[-96.32563526597538, -1]
120	[-101.81231244343158, 0]
120	[-96.32563526597538, -1]
121	[-101.81231244343158, 0]
121	[-96.32563526597538, -1]
122	[-101.81231244343158, 0]
122	[-96.32563526597538, -1]
123	[-100.9354658475811, 0]
123	[-96.32563526597538, -1]
124	[-100.9354658475811, 0]
124	[-96.32563526597538, -1]
125	[-100.9354658475811, 0]
125	[-100.9354658475811, 0]
125	[-96.32563526597538, -1]
126	[-100.9354658475811, 0]
126	[-100.9354658475811, 0]
126	[-96.32563526597538, -1]
127	[-100.9354658475811, 0]
127	[-100.9354658475811, 0]
127	[-96.32563526597538, -1]
128	[-100.9354658475811, 0]
128	[-100.9354658475811, 0]
128	[-96.32563526597538, -1]
129	[-100.63618392741279, 0]
129	[-96.32563526597538, -1]
130	[-100.63618392741279, 0]
130	[-96.32563526597538, -1]
131	[-100.63618392741279, 0]
131	[-96.32563526597538, -1]
132	[-100.63618392741279, 0]
132	[-96.15585290811185, -1]
133	[-100.63618392741279, 0]
133	[-96.15585290811185, -1]
134	[-100.63618392741279, 0]
134	[-96.15585290811185, -1]
135	[-100.63618392741279, 0]
135	[-96.15585290811185, -1]
136	[-100.63618392741279, 0]
136	[-96.15585290811185, -1]
137	[-100.63618392741279, 0]
137	[-96.15585290811185, -1]
138	[-100.63618392741279, 0]
138	[-96.15585290811185, -1]
139	[-100.63618392741279, 0]
139	[-96.15585290811185, -1]
140	[-100.63618392741279, 0]
140	[-96.15585290811185, -1]
141	[-100.63618392741279, 0]
141	[-96.15585290811185, -1]
142	[-100.63618392741279, 0]
142	[-96.08016359735095, -1]
143	[-100.63618392741279, 0]
143	[-96.08016359735095, -1]
144	[-100.63618392741279, 0]
144	[-96.08016359735095, -1]
145	[-100.63618392741279, 0]
145	[-96.08016359735095, -1]
146	[-100.63618392741279, 0]
146	[-96.08016359735095, -1]
147	[-100.28551147125364, 0]
147	[-96.08016359735095, -1]
148	[-100.28551147125364, 0]
148	[-96.08016359735095, -1]
149	[-100.28551147125364, 0]
149	[-96.08016359735095, -1]
150	[-100.28551147125364, 0]
150	[-96.08016359735095, -1]
151	[-100.28551147125364, 0]
151	[-91.44121451296783, -1]
152	[-100.28551147125364, 0]
152	[-91.44121451296783, -1]
153	[-100.27626655563175, 0]
153	[-91.44121451296783, -1]
154	[-100.27626655563175, 0]
154	[-91.44121451296783, -1]
155	[-100.27626655563175, 0]
155	[-100.27626655563175, 0]
155	[-91.44121451296783, -1]
156	[-100.27626655563175, 0]
156	[-100.27626655563175, 0]
156	[-91.44121451296783, -1]
157	[-100.27626655563175, 0]
157	[-100.27626655563175, 0]
157	[-91.44121451296783, -1]
158	[-100.23899692721602, 0]
158	[-91.44121451296783, -1]
159	[-100.23899692721602, 0]
159	[-91.44121451296783, -1]
160	[-100.23899692721602, 0]
160	[-91.44121451296783, -1]
161	[-100.23899692721602, 0]
161	[-91.44121451296783, -1]
162	[-99.21867333999116, 0]
162	[-91.44121451296783, -1]
163	[-99.21867333999116, 0]
163	[-91.44121451296783, -1]
164	[-99.21867333999116, 0]
164	[-91.44121451296783, -1]
165	[-99.21867333999116, 0]
165	[-91.44121451296783, -1]
166	[-99.21867333999116, 0]
166	[-91.44121451296783, -1]
167	[-99.21867333999116, 0]
167	[-91.44121451296783, -1]
168	[-99.21867333999116, 0]
168	[-91.44121451296783, -1]
169	[-99.21867333999116, 0]
169	[-91.44121451296783, -1]
170	[-99.21867333999116, 0]
170	[-91.44121451296783, -1]
171	[-99.21867333999116, 0]
171	[-91.44121451296783, -1]
172	[-99.21867333999116, 0]
172	[-91.44121451296783, -1]
173	[-99.21867333999116, 0]
173	[-91.44121451296783, -1]
174	[-99.21867333999116, 0]
174	[-91.44121451296783, -1]
175	[-99.21867333999116, 0]
175	[-91.44121451296783, -1]
176	[-99.21867333999116, 0]
176	[-91.44121451296783, -1]
177	[-99.21867333999116, 0]
177	[-91.44121451296783, -1]
177	[-91.44121451296783, -1]
178	[-99.21867333999116, 0]
178	[-90.98407113878767, -1]
179	[-99.21867333999116, 0]
179	[-90.98407113878767, -1]
180	[-99.21867333999116, 0]
180	[-90.98407113878767, -1]
181	[-99.21867333999116, 0]
181	[-90.98407113878767, -1]
182	[-99.21867333999116, 0]
182	[-90.67371581566051, -1]
183	[-99.21867333999116, 0]
183	[-90.67371581566051, -1]
184	[-99.21867333999116, 0]
184	[-90.67371581566051, -1]
185	[-99.21867333999116, 0]
185	[-90.67371581566051, -1]
186	[-99.21867333999116, 0]
186	[-90.67371581566051, -1]
187	[-99.21867333999116, 0]
187	[-90.67371581566051, -1]
188	[-99.21867333999116, 0]
188	[-90.67371581566051, -1]
189	[-99.21867333999116, 0]
189	[-90.67371581566051, -1]
190	[-99.21867333999116, 0]
190	[-90.67371581566051, -1]
191	[-99.21867333999116, 0]
191	[-90.67371581566051, -1]
192	[-99.21867333999116, 0]
192	[-90.67371581566051, -1]
193	[-99.21867333999116, 0]
193	[-90.67371581566051, -1]
194	[-99.21867333999116, 0]
194	[-90.67371581566051, -1]
195	[-99.21867333999116, 0]
195	[-90.67371581566051, -1]
196	[-99.21867333999116, 0]
196	[-90.67371581566051, -1]
197	[-99.21867333999116, 0]
197	[-90.67371581566051, -1]
198	[-97.17624424083381, 0]
198	[-90.67371581566051, -1]
199	[-97.17624424083381, 0]
199	[-90.67371581566051, -1]
200	[-97.17624424083381, 0]
200	[-90.67371581566051, -1]
201	[-97.17624424083381, 0]
201	[-90.67371581566051, -1]
202	[-97.17624424083381, 0]
202	[-90.67371581566051, -1]
203	[-97.17624424083381, 0]
203	[-90.5128457996338, -1]
204	[-97.17624424083381, 0]
204	[-90.5128457996338, -1]
205	[-97.17624424083381, 0]
205	[-90.5128457996338, -1]
206	[-97.17624424083381, 0]
206	[-90.28987576235082, -1]
207	[-97.17624424083381, 0]
207	[-90.28987576235082, -1]
208	[-97.17624424083381, 0]
208	[-90.28987576235082, -1]
209	[-97.17624424083381, 0]
209	[-90.17168340731466, -1]
210	[-97.17624424083381, 0]
210	[-90.17168340731466, -1]
211	[-97.17624424083381, 0]
211	[-90.17168340731466, -1]
212	[-97.17624424083381, 0]
212	[-90.17168340731466, -1]
213	[-97.17624424083381, 0]
213	[-90.17168340731466, -1]
214	[-97.17624424083381, 0]
214	[-85.86866615608696, -1]
215	[-97.17624424083381, 0]
215	[-85.86866615608696, -1]
216	[-97.17624424083381, 0]
216	[-85.86866615608696, -1]
217	[-97.17624424083381, 0]
217	[-85.86866615608696, -1]
218	[-97.17624424083381, 0]
218	[-85.86866615608696, -1]
219	[-97.17624424083381, 0]
219	[-85.86866615608696, -1]
220	[-97.17624424083381, 0]
220	[-85.86866615608696, -1]
221	[-97.17624424083381, 0]
221	[-85.86866615608696, -1]
222	[-97.17624424083381, 0]
222	[-85.86866615608696, -1]
223	[-97.17624424083381, 0]
223	[-85.86866615608696, -1]
224	[-96.97224616900377, 0]
224	[-85.86866615608696, -1]
225	[-96.97224616900377, 0]
225	[-85.86866615608696, -1]
226	[-96.97224616900377, 0]
226	[-85.86866615608696, -1]
227	[-96.97224616900377, 0]
227	[-85.86866615608696, -1]
228	[-96.97224616900377, 0]
228	[-85.86866615608696, -1]
229	[-96.97224616900377, 0]
229	[-85.86866615608696, -1]
230	[-96.97224616900377, 0]
230	[-85.86866615608696, -1]
231	[-96.37363020310507, 0]
231	[-85.86866615608696, -1]
232	[-96.37363020310507, 0]
232	[-85.86866615608696, -1]
233	[-96.37363020310507, 0]
233	[-85.86866615608696, -1]
234	[-96.37363020310507, 0]
234	[-85.86866615608696, -1]
235	[-96.37363020310507, 0]
235	[-85.86866615608696, -1]
236	[-96.37363020310507, 0]
236	[-85.86866615608696, -1]
237	[-96.37363020310507, 0]
237	[-85.86866615608696, -1]
238	[-96.37363020310507, 0]
238	[-85.86866615608696, -1]
239	[-96.1033706962365, 0]
239	[-85.86866615608696, -1]
240	[-96.1033706962365, 0]
240	[-85.86866615608696, -1]
241	[-96.1033706962365, 0]
241	[-85.86866615608696, -1]
242	[-96.1033706962365, 0]
242	[-85.86585405114296, -1]
243	[-96.1033706962365, 0]
243	[-85.86585405114296, -1]
244	[-96.1033706962365, 0]
244	[-96.1033706962365, 0]
244	[-85.86585405114296, -1]
245	[-96.1033706962365, 0]
245	[-96.1033706962365, 0]
245	[-85.86585405114296, -1]
246	[-96.1033706962365, 0]
246	[-96.1033706962365, 0]
246	[-85.86585405114296, -1]
247	[-96.1033706962365, 0]
247	[-96.1033706962365, 0]
247	[-85.86585405114296, -1]
248	[-96.1033706962365, 0]
248	[-96.1033706962365, 0]
248	[-85.86585405114296, -1]
249	[-96.1033706962365, 0]
249	[-96.1033706962365, 0]
249	[-85.86585405114296, -1]
250	[-96.1033706962365, 0]
250	[-96.1033706962365, 0]
250	[-85.86585405114296, -1]
251	[-96.1033706962365, 0]
251	[-96.1033706962365, 0]
251	[-85.86585405114296, -1]
252	[-96.1033706962365, 0]
252	[-96.1033706962365, 0]
252	[-85.86585405114296, -1]
253	[-96.1033706962365, 0]
253	[-96.1033706962365, 0]
253	[-85.86585405114296, -1]
254	[-96.1033706962365, 0]
254	[-96.1033706962365, 0]
254	[-85.86585405114296, -1]
255	[-96.1033706962365, 0]
255	[-96.1033706962365, 0]
255	[-85.86585405114296, -1]
256	[-96.1033706962365, 0]
256	[-96.1033706962365, 0]
256	[-85.86585405114296, -1]
257	[-96.1033706962365, 0]
257	[-96.1033706962365, 0]
257	[-85.86585405114296, -1]
258	[-96.1033706962365, 0]
258	[-96.1033706962365, 0]
258	[-85.86585405114296, -1]
259	[-96.1033706962365, 0]
259	[-96.1033706962365, 0]
259	[-85.86585405114296, -1]
260	[-96.1033706962365, 0]
260	[-96.1033706962365, 0]
260	[-85.86585405114296, -1]
261	[-96.1033706962365, 0]
261	[-96.1033706962365, 0]
261	[-85.86585405114296, -1]
262	[-96.1033706962365, 0]
262	[-96.1033706962365, 0]
262	[-85.86585405114296, -1]
263	[-96.1033706962365, 0]
263	[-96.1033706962365, 0]
263	[-85.28580696688479, -1]
264	[-96.1033706962365, 0]
264	[-96.1033706962365, 0]
264	[-85.28580696688479, -1]
265	[-96.1033706962365, 0]
265	[-96.1033706962365, 0]
265	[-85.28580696688479, -1]
266	[-96.1033706962365, 0]
266	[-96.1033706962365, 0]
266	[-85.28580696688479, -1]
267	[-94.96172422967449, 0]
267	[-85.28580696688479, -1]
268	[-94.96172422967449, 0]
268	[-85.28580696688479, -1]
269	[-94.96172422967449, 0]
269	[-85.10229472249843, -1]
270	[-94.96172422967449, 0]
270	[-85.10229472249843, -1]
271	[-94.96172422967449, 0]
271	[-85.10229472249843, -1]
272	[-94.96172422967449, 0]
272	[-85.10229472249843, -1]
273	[-94.77424842664486, 0]
273	[-85.10229472249843, -1]
274	[-93.99274940005598, 0]
274	[-85.10229472249843, -1]
275	[-93.99274940005598, 0]
275	[-85.10229472249843, -1]
276	[-93.98456443385683, 0]
276	[-85.10229472249843, -1]
277	[-93.98456443385683, 0]
277	[-85.10229472249843, -1]
278	[-93.91913976447815, 0]
278	[-85.10229472249843, -1]
279	[-93.91913976447815, 0]
279	[-85.10229472249843, -1]
280	[-93.91913976447815, 0]
280	[-85.10229472249843, -1]
281	[-93.91913976447815, 0]
281	[-85.10229472249843, -1]
282	[-93.7774718644523, 0]
282	[-85.10229472249843, -1]
283	[-93.7774718644523, 0]
283	[-85.10229472249843, -1]
284	[-93.7774718644523, 0]
284	[-85.10229472249843, -1]
285	[-93.7774718644523, 0]
285	[-85.10229472249843, -1]
286	[-93.7774718644523, 0]
286	[-85.10229472249843, -1]
287	[-93.7774718644523, 0]
287	[-85.10229472249843, -1]
288	[-93.7774718644523, 0]
288	[-85.10229472249843, -1]
289	[-93.7774718644523, 0]
289	[-85.10229472249843, -1]
290	[-93.7774718644523, 0]
290	[-85.10229472249843, -1]
291	[-93.7774718644523, 0]
291	[-85.10229472249843, -1]
292	[-93.7774718644523, 0]
292	[-85.10229472249843, -1]
293	[-93.7774718644523, 0]
293	[-85.10229472249843, -1]
294	[-93.7774718644523, 0]
294	[-85.10229472249843, -1]
295	[-93.7774718644523, 0]
295	[-85.10229472249843, -1]
296	[-93.7774718644523, 0]
296	[-85.10229472249843, -1]
297	[-93.7774718644523, 0]
297	[-85.10229472249843, -1]
298	[-93.7774718644523, 0]
298	[-85.10229472249843, -1]
299	[-93.7774718644523, 0]
299	[-85.10229472249843, -1]
300	[-93.7774718644523, 0]
300	[-85.10229472249843, -1]
300	[-93.7774718644523, 0]
300	[-85.10229472249843, -1]
