Generation:
398

Phenotype:
4
V1 = uniform([+2.3e0, 5.6e0], 2);
V2 = +V1;
V2 = V2 + gm([7.0e1, +4.9e0, 2.4e0]);
V3 = +9.6e0;
V3 = V3 + gm([7.3e1, +0.4e0, 2.0e0]);

Pre-processed Program
:C = uniform([2.300000, 7.900000], 2);T = C;T = T + gm([1.000000], [4.9], [2.4]);F = 9.6;F = F + gm([1.000000], [0.4], [2]);Genotype:
[371, 255, 150, 437, 87, 485, 76, 142, 263, 260, 417, 485, 466, 372, 99, 498, 350, 350, 292, 127, 392, 386, 284, 335, 407, 470, 341, 230, 462, 274, 479, 342, 19, 52, 154, 232, 37, 332, 428, 13, 313, 292, 479, 216, 66, 248, 294, 14, 314, 437, 393, 15, 406, 20, 440, 274, 500, 205, 122, 490, 466, 474, 295, 51, 1, 128, 128, 268, 494, 464, 443, 395, 437, 120, 108, 383, 384, 387, 361, 326, 430, 119, 154, 96, 73, 306, 275, 401, 425, 280, 282, 106, 292, 90, 6, 52, 226, 197, 118, 167, 467, 197, 213, 438, 64, 21, 268, 153, 338, 267, 200, 497, 498, 255, 185, 306, 359, 27, 433, 343, 335, 149, 254, 73, 279, 466, 15, 122, 445, 345, 359, 263, 479, 165, 380, 48, 336, 359, 96, 235, 90, 100, 97, 206, 60, 290, 80, 5, 420, 138, 55, 299, 153, 342, 193, 375, 166, 211, 343, 335, 351, 92, 95, 279, 466, 316, 24, 445, 345, 359, 263, 479, 12, 475, 48, 391, 359, 96, 235, 90, 299, 97, 412, 60, 462, 112, 55, 224, 188, 364, 495, 27, 421, 475, 119, 477, 304, 198, 426, 277, 329, 110, 72, 192, 42, 329, 37]
Tree:
None
Fitness on 5000 data:
-49.03997818108655

Fitness:
-49.03997818108655