Generation:
700

Phenotype:
4
V1 = gm([4.10e-3, -2.80e+0, 5.87e-0], [4.65e+2, +9.98e+0, 2.13e-0], [3.94e-1, +1.74e-0, 7.98e+0]);
V2 = +5.71e-1;
V2 = V2 + uniform([+4.24e-1, 2.42e+1], 2);
V3 = +V1;
V3 = V3 + gm([7.11e+3, +5.00e+2, 2.17e+2]);
V4 = -V3 + +V3;
V4 = V4 + gm([4.20e-0, +5.04e+0, 1.52e-0]);

Pre-processed Program
:F = gm([0.000009, 0.999145, 0.000847], [-2.8, 9.98, 1.74], [5.87, 2.13, 7.98]);T = 0.571;T = T + uniform([0.424000, 24.624000], 2);E = F;E = E + gm([1.000000], [500], [217]);C = 0;C = C - E;C = C + E;C = C + gm([1.000000], [5.04], [1.52]);Genotype:
[172, 381, 220, 82, 34, 345, 379, 374, 151, 140, 495, 139, 148, 101, 252, 188, 160, 424, 188, 301, 135, 178, 37, 235, 360, 185, 281, 184, 96, 115, 192, 218, 357, 28, 89, 239, 218, 466, 340, 245, 132, 471, 3, 309, 176, 38, 338, 53, 89, 414, 327, 209, 252, 406, 201, 497, 224, 73, 180, 364, 67, 209, 38, 348, 92, 168, 292, 482, 91, 134, 454, 185, 167, 181, 219, 409, 385, 71, 481, 386, 444, 202, 134, 63, 109, 184, 272, 124, 392, 348, 369, 480, 440, 148, 52, 220, 92, 406, 414, 190, 264, 67, 131, 41, 346, 463, 103, 476, 45, 470, 10, 440, 402, 172, 462, 331, 487, 286, 218, 332, 19, 460, 22, 332, 263, 335, 20, 412, 302, 42, 155, 372, 115, 132, 144, 374, 22, 330, 325, 324, 59, 84, 85, 0, 14, 458, 36, 396, 61, 155, 132, 395]
Tree:
None
Fitness on 5000 data:
-118.64177575802685

Fitness:
-118.64177575802685