Generation:
398

Phenotype:
3
V1 = uniform([-0.0e1, 2.4e1], 2);
V2 = +7.5e0;
V2 = V2 + uniform([-1.3e0, 7.5e0], 2);
V3 = +V1 * +V1;
V3 = V3 + gm([7.2e1, -0.9e0, 0.9e1]);

Pre-processed Program
:T = uniform([0.000000, 24.000000], 2);F = 7.5;F = F + uniform([-1.300000, 6.200000], 2);TEMP0 = T * T;P = TEMP0;P = P + gm([1.000000], [-0.9], [9]);Genotype:
[39, 194, 389, 223, 27, 336, 173, 130, 330, 371, 214, 282, 474, 155, 195, 486, 130, 279, 488, 166, 87, 205, 420, 75, 255, 341, 5, 301, 173, 194, 468, 67, 365, 420, 183, 108, 31, 52, 256, 398, 22, 50, 156, 276, 450, 231, 90, 371, 147, 332, 75, 453, 479, 310, 449, 12, 77, 60, 49, 13, 384, 500, 361, 405, 429, 491, 435, 336, 164, 110, 107, 417, 399, 228, 238, 307, 45, 37, 0, 432, 390, 419, 326, 66, 492, 255, 417, 34, 174, 300, 346, 312, 50, 4, 346, 166, 247, 207, 191, 290, 29, 214, 138, 457, 149, 208, 308, 335, 352, 407, 139, 286, 31, 215, 382, 238, 404, 280, 330, 20, 392, 494, 450, 302, 255, 3, 307, 358, 351, 276, 98, 35, 235, 295, 3, 12, 390, 240, 498, 73, 301, 254, 190, 151, 162, 51]
Tree:
None
Fitness on 5000 data:
-72.99357605643229

Fitness:
-72.99357605643229