Generation:
798

Phenotype:
1
V1 = gm([1.0e0, +7.3e0, 0.5e0], [1.0e0, +1.1e0, 4.6e0], [9.0e1, +9.8e0, 1.8e0]);
V2 = -3.6e0 + +V1;
V2 = V2 + gm([0.0e1, -9.3e0, 9.2e0], [2.8e0, -3.0e0, 0.7e0], [8.9e1, -1.3e0, 0.2e1], [0.0e0, -3.2e1, 5.0e1]);
V3 = -1.2e0 + +V1;
V3 = V3 + uniform([-0.9e0, 4.1e0], 2);

Pre-processed Program
:F = gm([0.010870, 0.010870, 0.978261], [7.3, 1.1, 9.8], [0.5, 4.6, 1.8]);C = 0;C = C - 3.6;C = C + F;C = C + gm([0.000000, 0.030501, 0.969499, 0.000000], [-9.3, -3, -1.3, -32], [9.2, 0.7, 2, 50]);T = 0;T = T - 1.2;T = T + F;T = T + uniform([-0.900000, 3.200000], 2);Genotype:
[173, 348, 355, 320, 312, 483, 122, 91, 500, 230, 490, 262, 267, 3, 142, 131, 250, 125, 230, 1, 363, 371, 310, 192, 117, 114, 461, 271, 292, 98, 134, 346, 482, 110, 162, 409, 300, 229, 167, 330, 419, 438, 28, 264, 101, 368, 14, 293, 309, 104, 458, 225, 418, 413, 433, 386, 388, 280, 420, 274, 82, 401, 220, 328, 211, 372, 400, 110, 107, 158, 225, 349, 223, 328, 376, 29, 112, 118, 31, 156, 352, 198, 270, 235, 497, 473, 390, 452, 247, 440, 457, 500, 483, 69, 278, 469, 457, 219, 373, 461]
Tree:
None
Fitness on 5000 data:
-41.9316841811243

Fitness:
-41.9316841811243