Generation:
398

Phenotype:
1
V1 = gm([1.0e0, +5.0e1, 7.7e0], [1.2e0, +5.3e1, 0.2e0], [9.3e1, +9.8e0, 1.8e0]);
V2 = -3.6e0 + +V1;
V2 = V2 + gm([3.1e0, +5.4e1, 9.3e0], [0.7e0, +5.1e0, 6.3e0], [9.3e1, -1.3e0, 0.2e1], [0.0e1, -0.9e1, 7.4e1]);
V3 = -3.3e0 + +V1;
V3 = V3 + uniform([+0.9e0, 5.1e0], 2);

Pre-processed Program
:F = gm([0.010504, 0.012605, 0.976891], [50, 53, 9.8], [7.7, 0.2, 1.8]);C = 0;C = C - 3.6;C = C + F;C = C + gm([0.032025, 0.007231, 0.960744, 0.000000], [54, 5.1, -1.3, -9], [9.3, 6.3, 2, 74]);T = 0;T = T - 3.3;T = T + F;T = T + uniform([0.900000, 6.000000], 2);Genotype:
[203, 348, 231, 320, 312, 411, 122, 91, 500, 230, 225, 262, 145, 450, 159, 373, 257, 327, 244, 1, 51, 471, 462, 236, 445, 114, 225, 453, 263, 306, 10, 482, 482, 204, 282, 409, 153, 21, 262, 330, 339, 208, 392, 405, 101, 368, 138, 429, 107, 464, 172, 225, 1, 35, 433, 386, 388, 256, 432, 140, 450, 91, 396, 183, 211, 464, 43, 401, 158, 412, 340, 245, 274, 179, 68, 29, 33, 170, 421, 68, 310, 247, 118, 98, 468, 225, 161, 374, 84, 56, 153, 44, 243, 441, 249, 183, 359, 378, 377, 461]
Tree:
None
Fitness on 5000 data:
-43.616932851296106

Fitness:
-43.616932851296106