Generation:
1500

Phenotype:
1
V1 = gm([0.0e0, +7.7e1, 1.1e0], [1.4e0, +7.1e0, 4.4e0], [9.8e1, +9.8e0, 1.8e0]);
V2 = -3.6e0 + +V1;
V2 = V2 + gm([0.0e0, -7.8e1, 6.6e0], [5.6e0, -1.0e0, 0.9e0], [8.9e0, -1.5e0, 0.2e1], [0.0e1, -7.1e1, 1.0e1]);
V3 = -1.2e0 + +V1;
V3 = V3 + uniform([-0.9e0, 4.1e0], 2);

Pre-processed Program
:F = gm([0.000000, 0.014085, 0.985915], [77, 7.1, 9.8], [1.1, 4.4, 1.8]);C = 0;C = C - 3.6;C = C + F;C = C + gm([0.000000, 0.386207, 0.613793, 0.000000], [-78, -1, -1.5, -71], [6.6, 0.9, 2, 10]);T = 0;T = T - 1.2;T = T + F;T = T + uniform([-0.900000, 3.200000], 2);Genotype:
[275, 348, 442, 350, 312, 209, 216, 450, 500, 230, 35, 118, 317, 177, 91, 65, 1, 241, 230, 131, 259, 311, 454, 40, 109, 114, 457, 271, 292, 438, 134, 434, 482, 0, 132, 109, 478, 435, 167, 330, 419, 438, 18, 264, 351, 418, 118, 459, 309, 72, 130, 225, 28, 413, 433, 386, 202, 280, 440, 178, 82, 401, 428, 328, 211, 175, 400, 110, 60, 477, 197, 327, 258, 285, 191, 246, 6, 420, 31, 329, 435, 386, 320, 385, 497, 341, 390, 98, 12, 440, 329, 108, 397, 375, 318, 279, 402, 322, 373, 461]
Tree:
None
Fitness on 5000 data:
-41.43491950445726

Fitness:
-41.43491950445726