Generation:
1198

Phenotype:
1
V1 = gm([1.0e0, +7.7e0, 1.3e0], [1.0e0, +5.1e0, 4.4e0], [7.9e1, +9.8e0, 1.8e0]);
V2 = -3.6e0 + +V1;
V2 = V2 + gm([0.0e0, -7.8e0, 2.6e0], [5.6e0, -1.0e0, 0.9e0], [8.9e0, -1.5e0, 0.2e1], [0.0e0, -7.4e0, 3.0e1]);
V3 = -1.2e0 + +V1;
V3 = V3 + uniform([-0.9e0, 4.1e0], 2);

Pre-processed Program
:F = gm([0.012346, 0.012346, 0.975309], [7.7, 5.1, 9.8], [1.3, 4.4, 1.8]);C = 0;C = C - 3.6;C = C + F;C = C + gm([0.000000, 0.386207, 0.613793, 0.000000], [-7.8, -1, -1.5, -7.4], [2.6, 0.9, 2, 30]);T = 0;T = T - 1.2;T = T + F;T = T + uniform([-0.900000, 3.200000], 2);Genotype:
[275, 348, 496, 350, 312, 209, 216, 91, 500, 230, 298, 118, 267, 177, 4, 212, 1, 423, 230, 131, 363, 311, 310, 40, 109, 114, 205, 271, 292, 438, 134, 154, 482, 52, 132, 377, 329, 185, 167, 330, 419, 438, 18, 264, 101, 418, 14, 459, 309, 72, 130, 225, 28, 413, 433, 386, 158, 280, 440, 178, 82, 401, 462, 328, 211, 175, 400, 110, 222, 38, 197, 327, 258, 34, 191, 22, 6, 420, 31, 291, 435, 386, 320, 385, 497, 61, 390, 482, 63, 440, 329, 108, 397, 35, 318, 279, 170, 322, 373, 461]
Tree:
None
Fitness on 5000 data:
-41.45166360153707

Fitness:
-41.45166360153707