Generation:
798

Phenotype:
1
V1 = gm([7.4e+0, +8.3e+0, 2.6e+0]);
V2 = -0.8e-1 * -V1 * +6.3e-0;
V2 = V2 + gm([0.6e-1, +4.0e-2, 2.1e+0]);
V3 = +3.4e+0 * +0.4e-0;
V3 = V3 + uniform([-3.7e+0, 3.0e+1], 2);

Pre-processed Program
:F = gm([1.000000], [8.3], [2.6]);TEMP0 = 0.504 * F;C = TEMP0;C = C + gm([1.000000], [0.04], [2.1]);T = 1.36;T = T + uniform([-3.700000, 26.300000], 2);Genotype:
[372, 240, 309, 470, 67, 310, 192, 457, 14, 360, 351, 358, 8, 308, 413, 204, 99, 322, 2, 196, 136, 459, 20, 176, 445, 59, 112, 437, 441, 277, 130, 398, 481, 100, 256, 307, 412, 465, 390, 14, 146, 213, 55, 48, 378, 165, 140, 307, 160, 356, 171, 73, 209, 124, 14, 460, 179, 302, 195, 352, 421, 380, 318, 100, 384, 201, 210, 419, 221, 340, 113, 144, 254, 150, 173, 377, 180, 320, 494, 343, 267, 423, 205, 207, 193, 183, 267, 324, 0, 144, 33, 390, 132, 124, 500, 113, 144, 473, 150, 397, 117, 180, 485, 494, 343, 489, 423, 205, 207, 55, 183, 146, 484, 0, 144, 33, 92, 132, 85, 130, 445, 284, 359, 284, 261, 437, 142, 307, 414, 105, 158, 313, 407, 146, 421, 12, 187, 468, 18, 187, 328, 326, 154, 167, 441, 416, 27, 328, 32, 161, 8, 56, 199, 495, 49, 267, 120, 486, 39, 263, 264, 291, 461, 193, 451, 366, 154, 262, 152, 36, 267, 188, 10, 345, 343, 498, 178, 300, 280, 154, 196, 441, 254, 27, 356, 483, 182, 379, 72, 190, 343, 130, 79, 153, 489, 490, 156, 75, 7, 288, 235, 460, 299, 156, 197, 421, 207, 302, 499, 65, 497, 112, 87, 393, 58, 478, 280, 364, 100, 384, 307, 208, 315, 245, 14, 362, 55, 305, 128, 270, 467, 255, 328, 333, 166, 107, 329, 99, 175, 484, 213, 323, 125, 338, 447, 284, 261, 437, 198, 307, 414, 233, 158, 313, 186, 146, 245, 12, 324, 468, 18, 494, 328, 326, 154, 389, 441, 379, 27, 328, 32, 161, 297, 285, 204, 70, 389, 85, 261, 471, 153, 65, 261, 112, 490, 286, 64, 276, 280, 238, 423, 384, 307, 208, 73, 445, 251, 362, 8, 56, 199, 495, 49, 410, 201, 315, 225, 359, 264, 380, 340, 240, 152, 419, 473, 3, 22, 267, 437, 251, 491, 480, 142, 335, 112, 127, 172, 290, 83, 93, 268, 435, 13, 356, 493, 152, 41, 124, 59, 315, 152, 402, 315, 225, 359, 48, 403, 340, 291, 420, 419, 106, 149, 22, 267, 437, 251, 253, 445, 142, 335, 21, 470, 172, 290, 124, 93, 360, 488, 13, 356, 126, 152, 41, 124, 59, 85, 152, 402, 414, 62, 143, 142, 188, 362, 141, 451, 348, 291, 461, 397, 210, 98, 169, 78, 408, 307, 325, 456, 371, 449, 33, 338, 135, 316, 201, 462, 343, 430, 127, 484, 0, 285, 33, 341, 38, 418, 61, 388, 440, 67, 229, 173, 31, 184, 113, 220, 81, 178, 142]
Tree:
None
Fitness on 5000 data:
-55.392749765194544

Fitness:
-55.392749765194544