Generation:
398

Phenotype:
1
V1 = gm([9.4e+2, +8.3e+0, 2.6e+0]);
V2 = -0.9e-1 * -V1 * +3.9e+0;
V2 = V2 + gm([5.2e-1, +9.0e-2, 2.1e+0]);
V3 = +3.4e-0 * +0.4e-0;
V3 = V3 + uniform([-3.6e+0, 3.0e+1], 2);

Pre-processed Program
:F = gm([1.000000], [8.3], [2.6]);TEMP0 = 0.351 * F;C = TEMP0;C = C + gm([1.000000], [0.09], [2.1]);T = 1.36;T = T + uniform([-3.600000, 26.400000], 2);Genotype:
[166, 240, 343, 470, 67, 310, 471, 419, 14, 360, 233, 358, 8, 268, 413, 204, 99, 335, 2, 196, 300, 459, 20, 176, 445, 59, 112, 437, 441, 149, 130, 139, 41, 100, 338, 307, 347, 465, 390, 14, 253, 319, 116, 48, 378, 362, 98, 307, 485, 272, 171, 73, 324, 124, 99, 460, 179, 302, 195, 352, 421, 380, 318, 100, 384, 201, 74, 419, 221, 500, 113, 144, 473, 150, 173, 235, 180, 320, 494, 343, 489, 423, 205, 207, 55, 183, 146, 484, 0, 144, 33, 390, 132, 418, 130, 280, 290, 100, 238, 307, 63, 299, 463, 351, 484, 213, 176, 13, 55, 413, 199, 10, 437, 473, 307, 373, 233, 158, 443, 51, 146, 245, 217, 346, 202, 18, 494, 181, 2, 262, 189, 461, 334, 188, 142, 49, 278, 490, 375, 312, 234, 391, 427, 413, 178, 99, 447, 21, 251, 52, 65, 141, 204, 17, 249, 75, 288, 478, 136, 97, 280, 290, 235, 460, 299, 156, 197, 421, 207, 33, 499, 65, 497, 51, 87, 393, 58, 478, 280, 364, 100, 290, 307, 208, 315, 245, 14, 362, 55, 305, 128, 270, 467, 255, 328, 333, 166, 107, 329, 99, 175, 484, 213, 323, 125, 126, 447, 284, 261, 437, 142, 307, 414, 233, 158, 313, 407, 146, 245, 12, 324, 468, 18, 494, 328, 326, 154, 389, 441, 416, 27, 328, 32, 161, 8, 56, 199, 495, 49, 410, 120, 315, 39, 359, 264, 380, 340, 240, 152, 419, 419, 106, 149, 22, 267, 437, 184, 421, 24, 142, 335, 21, 470, 172, 290, 124, 93, 360, 444, 13, 356, 126, 152, 41, 124, 59, 412, 152, 402, 414, 62, 143, 142, 188, 362, 141, 451, 348, 291, 461, 193, 451, 366, 154, 262, 152, 36, 267, 188, 10, 345, 343, 498, 178, 300, 280, 154, 196, 441, 254, 27, 356, 483, 182, 379, 72, 190, 343, 130, 79, 153, 489, 490, 156, 75, 7, 288, 235, 460, 299, 156, 197, 421, 207, 302, 499, 65, 497, 112, 87, 393, 58, 478, 280, 364, 100, 384, 307, 208, 315, 245, 14, 362, 55, 305, 128, 270, 467, 255, 328, 333, 166, 107, 329, 99, 175, 484, 213, 323, 125, 338, 447, 284, 261, 437, 198, 307, 414, 233, 158, 313, 186, 146, 245, 12, 324, 468, 18, 494, 328, 326, 154, 389, 441, 379, 27, 328, 32, 161, 297, 285, 204, 70, 389, 85, 261, 471, 153, 65, 261, 112, 490, 286, 64, 276, 280, 238, 423, 384, 307, 208, 73, 445, 251, 362, 8, 56, 199, 495, 49, 410, 201, 315, 225, 359, 264, 380, 340, 240, 152, 419, 473, 3, 22, 267, 437, 251, 491, 480, 142, 335, 112, 127, 172, 290, 83, 93, 268, 435, 13, 356, 493, 152, 41, 124, 59, 315, 152, 402, 315, 225, 359, 48, 403, 340, 291, 420, 419, 106, 149, 22, 267, 437, 251, 253, 445, 142, 335, 21, 470, 172, 290, 124, 93, 360, 488, 13, 356, 126, 152, 41, 124, 59, 85, 152, 402, 414, 62, 143, 142, 188, 362, 141, 451, 348, 291, 461, 397, 210, 98, 169, 78, 408, 307, 325, 456, 371, 449, 33, 338, 135, 316, 201, 462, 343, 430, 127, 484, 0, 285, 33, 341, 38, 418, 61, 388, 440, 67, 229, 173, 31, 184, 113, 220, 81, 178, 142]
Tree:
None
Fitness on 5000 data:
-57.475882255436794

Fitness:
-57.475882255436794