Generation:
398

Phenotype:
3
V1 = gm([0.2e0, -9.6e1, 5.2e0], [1.0e0, +3.7e0, 0.3e0], [9.1e1, +5.2e0, 1.1e0]);
V2 = +V1 + +V1;
V2 = V2 + gm([0.3e0, -0.2e1, 2.9e0], [7.1e1, +0.0e1, 1.2e0]);
V3 = +V2;
V3 = V3 + gm([6.5e0, +5.9e0, 2.0e1], [6.1e1, +0.5e0, 0.6e0], [7.8e1, -0.4e0, 1.1e0]);

Pre-processed Program
:C = gm([0.002169, 0.010846, 0.986985], [-96, 3.7, 5.2], [5.2, 0.3, 1.1]);F = C;F = F + C;F = F + gm([0.004208, 0.995792], [-2, 0], [2.9, 1.2]);T = F;T = T + gm([0.044674, 0.419244, 0.536082], [5.9, 0.5, -0.4], [20, 0.6, 1.1]);Genotype:
[335, 128, 443, 486, 375, 69, 432, 430, 332, 320, 135, 63, 409, 266, 41, 383, 415, 332, 490, 435, 186, 221, 200, 156, 314, 470, 343, 207, 478, 11, 320, 203, 270, 274, 258, 329, 161, 411, 434, 440, 45, 162, 226, 395, 311, 321, 438, 422, 125, 408, 392, 4, 318, 63, 336, 228, 8, 98, 71, 214, 273, 465, 368, 260, 453, 96, 147, 61, 420, 32, 31, 215, 242, 419, 36, 230, 1, 407, 201, 363, 114, 108, 180, 10, 223, 375, 361, 92, 328, 413, 318, 132, 280, 238, 225, 294, 391, 271, 172, 196]
Tree:
None
Fitness on 5000 data:
-4.62142438199747

Fitness:
-4.62142438199747