Generation:
798

Phenotype:
3
V1 = gm([0.1e0, -2.6e0, 7.6e0], [1.0e0, +7.3e0, 0.7e0], [9.1e1, +5.0e0, 1.1e0]);
V2 = +V1 + +V1;
V2 = V2 + gm([0.0e1, +7.2e1, 4.3e0], [6.1e1, +0.0e0, 1.2e0]);
V3 = +V2;
V3 = V3 + gm([0.0e0, +5.9e0, 1.0e1], [6.8e1, +0.3e0, 0.8e0], [3.8e1, -0.4e0, 1.1e0]);

Pre-processed Program
:C = gm([0.001086, 0.010858, 0.988056], [-2.6, 7.3, 5], [7.6, 0.7, 1.1]);F = C;F = F + C;F = F + gm([0.000000, 1.000000], [72, 0], [4.3, 1.2]);T = F;T = T + gm([0.000000, 0.641509, 0.358491], [5.9, 0.3, -0.4], [10, 0.8, 1.1]);Genotype:
[80, 128, 442, 486, 375, 69, 18, 430, 341, 320, 407, 293, 292, 266, 108, 383, 287, 136, 490, 283, 186, 221, 200, 348, 494, 470, 77, 343, 478, 377, 360, 47, 270, 274, 258, 329, 161, 171, 428, 408, 45, 450, 226, 284, 311, 321, 322, 464, 409, 408, 392, 326, 478, 393, 176, 228, 392, 98, 401, 214, 273, 465, 229, 260, 80, 225, 286, 264, 427, 32, 183, 25, 464, 3, 36, 230, 399, 346, 201, 363, 114, 108, 130, 10, 276, 136, 361, 202, 98, 268, 318, 132, 280, 238, 133, 94, 12, 175, 389, 250]
Tree:
None
Fitness on 5000 data:
-4.547780293488421

Fitness:
-4.547780293488421