Generation:
1198

Phenotype:
3
V1 = gm([0.1e0, -0.3e0, 7.6e0], [1.0e0, +3.5e0, 0.7e0], [9.1e1, +5.0e0, 1.1e0]);
V2 = +V1 - -V1;
V2 = V2 + gm([0.0e0, +4.9e1, 5.1e0], [2.1e1, -0.0e0, 1.2e0]);
V3 = +V2;
V3 = V3 + gm([0.0e0, +6.9e1, 1.0e1], [3.8e1, +0.3e0, 0.8e0], [5.8e1, -0.2e0, 1.1e0]);

Pre-processed Program
:C = gm([0.001086, 0.010858, 0.988056], [-0.3, 3.5, 5], [7.6, 0.7, 1.1]);F = C;F = F + C;F = F + gm([0.000000, 1.000000], [49, 0], [5.1, 1.2]);T = F;T = T + gm([0.000000, 0.395833, 0.604167], [69, 0.3, -0.2], [10, 0.8, 1.1]);Genotype:
[80, 128, 267, 80, 166, 69, 231, 430, 211, 370, 31, 293, 410, 43, 208, 307, 137, 466, 200, 283, 398, 221, 200, 348, 270, 470, 183, 275, 478, 377, 40, 47, 270, 312, 96, 329, 11, 171, 292, 408, 395, 450, 436, 344, 311, 321, 322, 189, 361, 408, 392, 326, 248, 329, 183, 228, 126, 415, 226, 214, 216, 465, 142, 260, 80, 340, 286, 264, 384, 169, 437, 400, 65, 31, 418, 230, 406, 32, 371, 143, 478, 217, 130, 10, 126, 330, 361, 202, 52, 282, 282, 318, 280, 474, 249, 94, 384, 175, 49, 250]
Tree:
None
Fitness on 5000 data:
-4.541283944816046

Fitness:
-4.541283944816046