Generation:
1500

Phenotype:
3
V1 = gm([0.1e0, -0.3e0, 7.6e0], [3.0e0, +3.5e0, 0.7e0], [9.1e1, +5.0e0, 1.1e0]);
V2 = +V1 - -V1;
V2 = V2 + gm([0.0e0, +0.9e1, 5.1e0], [2.1e1, -0.0e0, 1.2e0]);
V3 = +V2;
V3 = V3 + gm([0.0e0, +6.9e1, 1.0e1], [3.6e1, +0.3e0, 0.8e0], [5.8e1, -0.2e0, 1.1e0]);

Pre-processed Program
:C = gm([0.001063, 0.031881, 0.967056], [-0.3, 3.5, 5], [7.6, 0.7, 1.1]);F = C;F = F + C;F = F + gm([0.000000, 1.000000], [9, 0], [5.1, 1.2]);T = F;T = T + gm([0.000000, 0.382979, 0.617021], [69, 0.3, -0.2], [10, 0.8, 1.1]);Genotype:
[80, 128, 267, 80, 166, 69, 231, 430, 211, 370, 31, 293, 410, 43, 386, 307, 137, 466, 200, 283, 398, 83, 200, 348, 270, 470, 183, 275, 478, 377, 40, 47, 270, 312, 96, 329, 11, 171, 292, 408, 395, 450, 436, 344, 311, 321, 322, 189, 361, 408, 392, 326, 248, 329, 183, 480, 126, 485, 226, 214, 216, 465, 142, 260, 80, 340, 286, 264, 50, 169, 169, 400, 65, 31, 418, 230, 406, 32, 371, 477, 478, 217, 130, 10, 126, 392, 361, 202, 52, 59, 282, 318, 280, 474, 249, 410, 327, 175, 285, 250]
Tree:
None
Fitness on 5000 data:
-4.541261632496615

Fitness:
-4.541261632496615