Generation:
798

Phenotype:
6
V1 = gm([8.8e+0, +2.0e+1, 6.7e-1], [6.2e-2, +2.1e-0, 9.0e+0], [2.0e-1, -9.6e-1, 8.5e+1], [5.2e+0, +1.3e+1, 1.1e+1]);
V2 = +4.5e-0;
V2 = V2 + gm([7.6e-1, +3.9e-1, 2.0e+0]);
V3 = +V2 - +0.1e-1 * +3.6e-1;
V3 = V3 + uniform([+0.7e-1, 8.2e-0], 2);

Pre-processed Program
:T = gm([0.617024, 0.004347, 0.014023, 0.364605], [20, 2.1, -0.96, 13], [0.67, 9, 85, 11]);C = 4.5;C = C + gm([1.000000], [0.39], [2]);F = C;F = F - 0.0036;F = F + uniform([0.070000, 8.270000], 2);Genotype:
[391, 155, 224, 52, 197, 105, 489, 358, 498, 278, 381, 318, 424, 232, 70, 474, 196, 234, 36, 97, 343, 265, 315, 387, 56, 392, 27, 482, 296, 144, 202, 361, 483, 480, 271, 309, 500, 264, 174, 407, 239, 212, 20, 213, 412, 393, 321, 489, 166, 351, 190, 67, 168, 5, 188, 466, 152, 285, 285, 252, 424, 279, 170, 202, 331, 173, 30, 139, 32, 101, 321, 406, 343, 32, 88, 316, 385, 42, 336, 444, 435, 389, 477, 60, 256, 48, 128, 107, 96, 203, 142, 419, 266, 393, 279, 41, 25, 342, 402, 390, 258, 435, 426, 481, 106, 334, 48, 214, 251, 437, 405, 170, 421, 437, 128, 410, 211, 451, 160, 101, 119, 410, 203, 266, 457, 13, 129, 117, 249, 164, 80, 267, 317, 4, 383, 498, 322, 485, 231, 81, 46, 17, 316, 198, 225, 426, 404, 480, 172, 498, 71, 430, 414, 34, 304, 299, 157, 206, 394, 139, 76, 275, 267, 174, 165, 454, 274]
Tree:
None
Fitness on 5000 data:
-54.354333236590506

Fitness:
-54.354333236590506