Generation:
1500

Phenotype:
6
V1 = gm([8.1e-0, +2.0e+1, 9.8e-1], [8.8e-1, +4.9e-0, 9.3e-1], [3.0e-2, +9.7e-0, 1.5e-2], [2.2e-0, +1.2e+1, 5.1e+0]);
V2 = +4.6e-0;
V2 = V2 + gm([9.1e+0, +3.8e-1, 2.0e-0]);
V3 = +V2 + +0.1e-2 * +3.0e-0;
V3 = V3 + uniform([+6.9e-2, 8.7e+0], 2);

Pre-processed Program
:T = gm([0.722569, 0.078501, 0.002676, 0.196253], [20, 4.9, 9.7, 12], [0.98, 0.93, 0.015, 5.1]);C = 4.6;C = C + gm([1.000000], [0.38], [2]);F = C;F = F + 0.003;F = F + uniform([0.069000, 8.769000], 2);Genotype:
[317, 155, 202, 38, 458, 105, 302, 208, 351, 81, 210, 135, 424, 152, 70, 474, 196, 247, 359, 158, 325, 196, 315, 403, 408, 378, 27, 403, 227, 368, 424, 489, 483, 345, 412, 89, 313, 149, 496, 407, 383, 243, 20, 213, 44, 294, 492, 489, 397, 351, 465, 472, 461, 205, 287, 419, 152, 285, 162, 252, 133, 279, 407, 202, 441, 342, 30, 307, 1, 415, 41, 406, 144, 80, 228, 78, 339, 496, 336, 444, 286, 91, 477, 238, 256, 378, 128, 349, 11, 232, 0, 372, 304, 393, 408, 41, 325, 408, 402, 390, 347, 435, 204, 481, 106, 334, 48, 214, 65, 64, 405, 148, 483, 254, 128, 410, 211, 341, 8, 439, 45, 6, 203, 490, 457, 489, 103, 50, 225, 188, 336, 169, 417, 338, 92, 498, 57, 450, 489, 81, 46, 17, 316, 198, 225, 426, 404, 480, 172, 498, 71, 430, 414, 34, 304, 299, 157, 206, 394, 139, 76, 275, 267, 174, 165, 454, 274]
Tree:
None
Fitness on 5000 data:
-51.85881101433293

Fitness:
-51.85881101433293