Generation:
398

Phenotype:
4
V1 = gm([9.7e-0, +4.7e-0, 3.5e-0]);
V2 = -3.2e-1;
V2 = V2 + uniform([+2.9e+0, 2.9e+1], 2);
if V1 <= -7.7e-0 { 
   V3 = -V2 * -V1 - +6.6e-2; 
 } else { 
   V3 = -V2 * -0.2e-1; 
 } end if;
V3 = V3 + uniform([-8.2e-0, 2.3e+1], 2);

Pre-processed Program
:W = gm([1.000000], [4.7], [3.5]);T = 0;T = T - 0.32;T = T + uniform([2.900000, 31.900000], 2);if W <= -7.7 {   TEMP0 = T * W;   F = TEMP0;   F = F - 0.066; } else {   TEMP1 = 0.02 * T;   F = TEMP1; } end if;F = F + uniform([-8.200000, 14.800000], 2);Genotype:
[329, 243, 65, 132, 203, 82, 329, 479, 157, 431, 420, 109, 314, 14, 117, 201, 294, 126, 303, 225, 47, 21, 150, 144, 142, 85, 314, 3, 493, 242, 33, 154, 109, 497, 20, 248, 452, 69, 420, 285, 155, 372, 409, 20, 262, 381, 359, 82, 441, 19, 137, 317, 347, 445, 378, 352, 313, 178, 53, 38, 472, 195, 293, 462, 415, 96, 53, 206, 429, 407, 280, 196, 226, 1, 59, 174, 204, 147, 156, 118, 145, 47, 55, 30, 465, 140, 342, 245, 202, 99, 213, 19, 89, 158, 312, 15, 147, 262, 372, 73, 34, 262, 457, 133, 73, 496, 80, 34, 499, 457, 356, 254, 97, 174, 197, 498, 123, 118, 240, 207, 85, 406, 392, 114, 293, 33, 399, 454, 287, 69, 451, 73, 298, 372, 409, 34, 262, 378, 18, 244, 479, 351, 84, 265, 198, 273, 63, 457, 237, 262, 457, 40, 455, 195, 438, 475, 177, 157, 183, 226, 414, 77, 250, 405, 352, 313, 178, 60, 393, 70, 372, 366, 223, 153, 457, 486, 77, 78, 179, 351, 94, 264, 434, 210, 314, 166, 282, 2, 93, 388, 157, 382, 468, 298, 193, 320, 78, 111, 294, 272, 174, 204, 453, 24, 118, 360, 266, 85, 479, 5, 191, 305, 39, 141, 327, 320, 38, 401, 309, 255, 141, 127, 42, 413, 270, 26, 388, 40, 231, 482, 249, 130, 45, 49, 277, 490, 493, 152, 101, 397, 29, 274, 192, 406, 178, 265, 149, 62, 250, 4, 211, 411, 41, 283, 468, 238, 288, 170, 200, 470, 143, 15, 181, 30, 387, 5, 191, 284, 179, 141, 264, 320, 38, 496, 133, 255, 443, 127, 42, 413, 270, 2, 388, 157, 231, 29, 142, 66, 127, 265, 277, 490, 234, 152, 158, 370, 329, 274, 29, 406, 268, 265, 100, 62, 18, 4, 324, 352, 372, 439, 468, 238, 395, 170, 211]
Tree:
None
Fitness on 5000 data:
-68.17887406457925

Fitness:
-68.17887406457925