Generation:
398

Phenotype:
5
V1 = gm([8.7e1, +9.8e0, 3.0e0]);
V2 = gm([0.9e0, +1.0e1, 1.9e0]);
V3 = gm([3.2e0, +4.9e0, 1.5e0]);

Pre-processed Program
:T = gm([1.000000], [9.8], [3]);F = gm([1.000000], [10], [1.9]);C = gm([1.000000], [4.9], [1.5]);Genotype:
[117, 178, 146, 262, 424, 442, 338, 267, 101, 274, 338, 139, 88, 112, 349, 23, 210, 210, 176, 330, 168, 414, 100, 449, 80, 403, 338, 271, 130, 247, 182, 1, 259, 250, 340, 103, 54, 457, 203, 12, 112, 427, 430, 114, 139, 156, 441, 241, 275, 80, 385, 361, 29, 240, 492, 27, 212, 456, 474, 480, 368, 378, 164, 215, 128, 495, 246, 359, 311, 145, 302, 17, 392, 330, 196, 64, 236, 312, 233, 263, 93, 393, 320, 147, 159, 468, 14, 44, 106, 108, 460, 468, 284, 370, 350]
Tree:
None
Fitness on 5000 data:
-50.01428581498744

Fitness:
-50.01428581498744