Generation:
798

Phenotype:
5
V1 = gm([8.2e1, +9.8e0, 3.0e0]);
V2 = gm([4.9e0, +1.0e1, 2.0e0]);
V3 = gm([3.3e0, +4.9e0, 1.5e0]);

Pre-processed Program
:T = gm([1.000000], [9.8], [3]);F = gm([1.000000], [10], [2]);C = gm([1.000000], [4.9], [1.5]);Genotype:
[130, 178, 146, 262, 108, 442, 338, 272, 101, 274, 256, 139, 88, 494, 17, 23, 210, 210, 438, 330, 142, 44, 64, 449, 80, 358, 338, 111, 130, 247, 474, 132, 40, 250, 340, 370, 54, 494, 203, 273, 222, 427, 228, 114, 139, 156, 441, 241, 275, 424, 385, 361, 29, 240, 492, 27, 212, 456, 474, 480, 368, 378, 164, 215, 128, 495, 246, 359, 311, 145, 302, 17, 392, 330, 196, 64, 236, 312, 233, 263, 93, 393, 320, 147, 159, 468, 14, 44, 106, 108, 460, 468, 284, 370, 350]
Tree:
None
Fitness on 5000 data:
-49.99918366773178

Fitness:
-49.99918366773178