0	[-187.7471363568143, -1]
1	[-183.07333689149092, -1]
1	[-168.26789257664913, -2]
2	[-201.7362207144986, 0]
2	[-183.07333689149092, -1]
2	[-128.9874071326112, -2]
3	[-201.7362207144986, 0]
3	[-183.07333689149092, -1]
3	[-112.6989534024793, -2]
4	[-201.7362207144986, 0]
4	[-183.07333689149092, -1]
4	[-112.6989534024793, -2]
5	[-158.551773643157, 0]
5	[-112.6989534024793, -2]
6	[-133.99552329551003, 0]
6	[-112.6989534024793, -2]
7	[-131.7046200891145, 0]
7	[-112.6989534024793, -2]
7	[-103.19383106763208, -3]
8	[-131.7046200891145, 0]
8	[-112.6989534024793, -2]
8	[-103.19383106763208, -3]
9	[-131.7046200891145, 0]
9	[-102.98697538995312, -2]
9	[-101.58192156295539, -3]
