Generation:
798

Phenotype:
101
V1 = gm([0.2e0, +6.7e1, 9.3e1], [0.0e0, +6.4e1, 2.5e0], [9.2e1, +9.9e1, 9.9e1]);
V2 = gm([5.0e0, +9.9e0, 2.0e0]);
V3 = gm([7.4e0, +1.5e1, 3.9e0]);
V4 = gm([5.2e0, +4.9e0, 2.1e0]);
V5 = gm([5.0e1, +4.9e0, 2.6e0]);

Pre-processed Program
:P = gm([0.002169, 0.000000, 0.997831], [67, 64, 99], [93, 2.5, 99]);F = gm([1.000000], [9.9], [2]);T = gm([1.000000], [15], [3.9]);C = gm([1.000000], [4.9], [2.1]);W = gm([1.000000], [4.9], [2.6]);Genotype:
[275, 220, 330, 54, 239, 162, 240, 482, 316, 270, 184, 176, 47, 185, 403, 449, 33, 185, 231, 365, 500, 400, 180, 478, 152, 276, 34, 115, 14, 102, 325, 192, 336, 255, 489, 2, 351, 488, 76, 169, 49, 361, 177, 489, 79, 489, 180, 432, 348, 190, 315, 360, 312, 462, 136, 119, 369, 140, 87, 352, 490, 184, 374, 180, 494, 70, 7, 214, 358, 130, 26, 81, 215, 217, 98, 43, 429, 32, 368, 387, 286, 120, 75, 482, 178, 0, 84, 274, 489, 304, 303, 392, 291, 400, 368, 414, 360, 450, 65, 330]
Tree:
None
Fitness on 5000 data:
-161.67214675581295

Fitness:
-161.67214675581295