Generation:
1198

Phenotype:
101
V1 = gm([0.2e0, +6.6e1, 9.5e0], [1.7e0, -4.1e0, 9.8e0], [7.5e1, +9.9e1, 9.9e1]);
V2 = gm([8.8e1, +9.9e0, 2.0e0]);
V3 = gm([4.3e0, +1.5e1, 4.2e0]);
V4 = gm([7.9e1, +4.9e0, 1.6e0]);
V5 = gm([3.5e1, +4.9e0, 2.8e0]);

Pre-processed Program
:P = gm([0.002601, 0.022107, 0.975293], [66, -4.1, 99], [9.5, 9.8, 99]);F = gm([1.000000], [9.9], [2]);T = gm([1.000000], [15], [4.2]);C = gm([1.000000], [4.9], [1.6]);W = gm([1.000000], [4.9], [2.8]);Genotype:
[313, 220, 252, 54, 239, 446, 240, 482, 418, 270, 184, 326, 216, 361, 123, 479, 35, 352, 45, 175, 51, 147, 392, 409, 315, 114, 71, 456, 254, 389, 418, 396, 336, 64, 227, 255, 273, 351, 310, 169, 49, 361, 106, 29, 79, 391, 0, 449, 170, 343, 268, 438, 199, 271, 136, 229, 369, 154, 159, 142, 480, 318, 122, 165, 422, 239, 144, 353, 488, 465, 238, 81, 215, 141, 459, 144, 442, 396, 184, 318, 80, 169, 397, 349, 195, 37, 84, 274, 39, 50, 222, 301, 376, 326, 378, 104, 10, 379, 373, 485]
Tree:
None
Fitness on 5000 data:
-161.13489079464273

Fitness:
-161.13489079464273