Generation:
398

Phenotype:
101
V1 = gm([2.4e0, +1.9e0, 8.6e1], [1.2e0, -5.6e1, 1.5e1], [8.1e1, +9.9e1, 9.9e1]);
V2 = gm([6.0e0, +9.9e0, 2.4e0]);
V3 = gm([3.4e1, +9.8e0, 1.0e1]);
V4 = gm([7.4e1, +4.9e0, 2.2e0], [0.6e0, +0.0e1, 6.2e0]);
V5 = gm([9.6e0, +5.1e0, 2.8e0]);

Pre-processed Program
:P = gm([0.028369, 0.014184, 0.957447], [1.9, -56, 99], [86, 15, 99]);F = gm([1.000000], [9.9], [2.4]);T = gm([1.000000], [9.8], [10]);C = gm([0.991957, 0.008043], [4.9, 0], [2.2, 6.2]);W = gm([1.000000], [5.1], [2.8]);Genotype:
[12, 220, 220, 225, 465, 156, 422, 484, 378, 270, 194, 311, 479, 436, 412, 118, 26, 185, 411, 330, 81, 292, 458, 290, 143, 495, 386, 91, 123, 351, 235, 449, 52, 398, 8, 201, 457, 307, 204, 169, 69, 123, 16, 489, 289, 489, 180, 55, 348, 20, 376, 460, 500, 179, 452, 119, 389, 106, 388, 352, 344, 0, 376, 348, 128, 419, 253, 474, 179, 410, 424, 379, 38, 250, 383, 141, 340, 47, 112, 439, 75, 409, 167, 174, 461, 270, 116, 274, 489, 104, 302, 392, 162, 500, 496, 190, 290, 476, 400, 134]
Tree:
None
Fitness on 5000 data:
-167.7634160884085

Fitness:
-167.7634160884085