Generation:
1500

Phenotype:
101
V1 = gm([2.2e0, +5.1e1, 5.2e0], [0.0e0, +0.0e0, 9.3e1], [9.8e1, +9.9e1, 9.9e1]);
V2 = gm([8.5e0, +9.9e0, 2.0e0]);
V3 = gm([3.8e0, +1.5e1, 4.1e0]);
V4 = gm([9.8e0, +4.9e0, 1.6e0]);
V5 = gm([2.5e1, +4.9e0, 2.8e0]);

Pre-processed Program
:P = gm([0.021956, 0.000000, 0.978044], [51, 0, 99], [5.2, 93, 99]);F = gm([1.000000], [9.9], [2]);T = gm([1.000000], [15], [4.1]);C = gm([1.000000], [4.9], [1.6]);W = gm([1.000000], [4.9], [2.8]);Genotype:
[285, 220, 240, 54, 239, 34, 172, 152, 418, 270, 458, 325, 91, 361, 128, 315, 422, 352, 439, 355, 300, 350, 392, 70, 50, 280, 220, 228, 482, 499, 353, 95, 416, 160, 69, 8, 85, 411, 320, 169, 49, 339, 279, 29, 79, 279, 412, 449, 170, 368, 268, 165, 164, 271, 136, 229, 369, 316, 340, 392, 480, 318, 236, 457, 82, 10, 353, 28, 302, 497, 432, 81, 215, 367, 383, 364, 161, 124, 302, 347, 138, 377, 149, 398, 294, 354, 292, 274, 39, 492, 222, 301, 376, 310, 428, 174, 456, 15, 492, 315]
Tree:
None
Fitness on 5000 data:
-160.90434904820762

Fitness:
-160.90434904820762