Generation:
798

Phenotype:
3
V1 = gm([7.5e1, +5.0e0, 1.5e0]);
V2 = +3.3e0;
V2 = V2 + gm([0.0e1, +5.7e0, 9.5e0], [9.5e0, +6.8e0, 2.0e0]);
V3 = +V2;
V3 = V3 + uniform([-1.8e0, 3.7e0], 2);

Pre-processed Program
:C = gm([1.000000], [5], [1.5]);F = 3.3;F = F + gm([0.000000, 1.000000], [5.7, 6.8], [9.5, 2]);T = F;T = T + uniform([-1.800000, 1.900000], 2);Genotype:
[46, 14, 396, 264, 53, 28, 237, 57, 345, 377, 376, 176, 135, 110, 30, 330, 401, 365, 190, 493, 292, 448, 313, 104, 224, 33, 293, 390, 368, 154, 451, 25, 420, 70, 433, 144, 122, 245, 297, 122, 224, 389, 235, 68, 194, 79, 109, 385, 150, 63, 350, 366, 248, 300, 407, 362, 290, 286, 475, 12, 180, 210, 404, 49, 225, 438, 186, 315, 491, 428, 18, 395, 223, 267, 304, 488, 47, 37, 476, 470, 88, 211, 177, 451, 111, 239, 21, 101, 362, 77, 27, 72, 258, 100, 428, 479, 433, 473, 150, 156]
Tree:
None
Fitness on 5000 data:
-41.17639716941739

Fitness:
-41.17639716941739