Generation:
398

Phenotype:
6
V1 = gm([9.4e1, +0.9e1, 1.7e0], [1.0e0, -0.3e0, 7.1e0]);
V2 = +V1 * +5.6e1;
V2 = V2 + gm([0.6e1, -6.3e1, 8.9e1]);
V3 = +6.4e0;
V3 = V3 + gm([8.4e1, +1.0e1, 4.9e0]);
V4 = -7.1e0;
V4 = V4 + gm([5.8e0, +1.2e1, 2.0e0]);

Pre-processed Program
:F = gm([0.989474, 0.010526], [9, -0.3], [1.7, 7.1]);TEMP0 = 56 * F;E = TEMP0;E = E + gm([1.000000], [-63], [89]);T = 6.4;T = T + gm([1.000000], [10], [4.9]);C = 0;C = C - 7.1;C = C + gm([1.000000], [12], [2]);Genotype:
[72, 341, 365, 226, 164, 381, 334, 329, 94, 133, 8, 92, 100, 49, 281, 147, 221, 237, 266, 374, 8, 121, 480, 226, 63, 157, 380, 153, 112, 185, 7, 171, 416, 442, 72, 63, 180, 10, 216, 380, 437, 462, 344, 265, 376, 389, 76, 339, 68, 159, 400, 456, 73, 3, 227, 306, 43, 165, 498, 88, 59, 67, 444, 412, 194, 209, 363, 236, 386, 254, 12, 232, 120, 16, 417, 288, 124, 455, 146, 106, 371, 90, 395, 78, 14, 449, 482, 232, 118, 302, 155, 425, 207, 17, 21, 214, 58, 187, 348, 496, 475, 258, 98, 149, 410, 491, 82, 93, 218, 272, 210, 46, 445, 422, 341, 439, 453, 437, 20, 1, 21, 85, 364, 24, 332, 141, 278, 334, 155, 188, 286, 103, 435, 408, 100, 414, 32, 178, 103, 342, 266, 110, 311, 122, 307, 9, 323, 389, 476, 388, 316, 101, 86, 97, 318, 188, 402, 45, 180, 164, 34, 470, 116, 301, 350, 275, 126, 75, 76, 215, 468, 477, 334, 312, 46, 165, 313, 71, 156, 189, 446, 408, 179, 99, 244, 380, 24, 417, 269, 149, 47, 120, 346, 422, 349, 102, 247, 324, 299, 6, 386, 107, 354, 177, 270, 392, 23, 94, 200, 316, 314, 0, 249, 332, 29, 73, 446, 311, 342, 371, 294, 496, 10, 417, 262, 208, 460, 120, 268, 410, 9, 102, 366, 275, 57, 8, 429, 190, 22, 435, 245, 392, 459, 225, 185, 482, 408, 374, 27, 265, 306, 94, 272, 237, 252, 14]
Tree:
None
Fitness on 5000 data:
-124.2156857875433

Fitness:
-124.2156857875433