Generation:
798

Phenotype:
6
V1 = gm([7.9e0, +0.9e1, 1.9e0], [0.2e0, +8.9e0, 7.0e0]);
V2 = -V1 * -5.6e1;
V2 = V2 + gm([7.8e1, -6.8e1, 9.9e1]);
V3 = +6.4e0;
V3 = V3 + gm([7.2e1, +1.0e1, 6.3e0]);
V4 = -7.1e0;
V4 = V4 + gm([6.4e0, +1.2e1, 2.0e0]);

Pre-processed Program
:F = gm([0.975309, 0.024691], [9, 8.9], [1.9, 7]);TEMP0 = 56 * F;E = TEMP0;E = E + gm([1.000000], [-68], [99]);T = 6.4;T = T + gm([1.000000], [10], [6.3]);C = 0;C = C - 7.1;C = C + gm([1.000000], [12], [2]);Genotype:
[72, 83, 426, 114, 164, 217, 429, 17, 339, 68, 204, 92, 100, 29, 475, 337, 221, 339, 294, 374, 225, 180, 272, 226, 63, 252, 8, 49, 206, 292, 7, 20, 68, 442, 176, 413, 464, 10, 149, 177, 31, 166, 81, 265, 376, 389, 76, 63, 68, 407, 227, 48, 425, 335, 45, 306, 248, 195, 292, 339, 59, 67, 110, 458, 130, 473, 451, 10, 386, 254, 224, 232, 83, 16, 468, 37, 192, 21, 146, 230, 161, 90, 395, 22, 146, 383, 484, 298, 118, 302, 155, 255, 359, 17, 21, 312, 128, 113, 348, 138, 216, 74, 240, 19, 330, 491, 82, 5, 272, 272, 210, 56, 445, 422, 341, 439, 453, 437, 20, 1, 21, 85, 364, 24, 332, 141, 278, 334, 155, 188, 286, 103, 435, 408, 100, 414, 32, 178, 103, 342, 266, 110, 311, 122, 307, 9, 323, 389, 476, 388, 316, 101, 86, 97, 318, 188, 402, 45, 180, 164, 34, 470, 116, 301, 350, 275, 126, 75, 76, 215, 468, 477, 334, 312, 46, 165, 313, 71, 156, 189, 446, 408, 179, 99, 244, 380, 24, 417, 269, 149, 47, 120, 346, 422, 349, 102, 247, 324, 299, 6, 386, 107, 354, 177, 270, 392, 23, 94, 200, 316, 314, 0, 249, 332, 29, 73, 446, 311, 342, 371, 294, 496, 10, 417, 262, 208, 460, 120, 268, 410, 9, 102, 366, 275, 57, 8, 429, 190, 22, 435, 245, 392, 459, 225, 185, 482, 408, 374, 27, 265, 306, 94, 272, 237, 252, 14]
Tree:
None
Fitness on 5000 data:
-121.55170572507615

Fitness:
-121.55170572507615