Generation:
1198

Phenotype:
3
V1 = uniform([-0.0e1, 2.4e1], 2);
V2 = +7.5e0;
V2 = V2 + uniform([-1.3e0, 7.5e0], 2);
V3 = +V1 * +V1;
V3 = V3 + gm([4.4e1, +0.9e0, 0.9e1], [1.5e1, -6.4e0, 7.9e0]);

Pre-processed Program
:T = uniform([0.000000, 24.000000], 2);F = 7.5;F = F + uniform([-1.300000, 6.200000], 2);TEMP0 = T * T;P = TEMP0;P = P + gm([0.745763, 0.254237], [0.9, -6.4], [9, 7.9]);Genotype:
[365, 194, 70, 223, 27, 147, 173, 130, 330, 371, 141, 282, 434, 155, 138, 486, 130, 167, 18, 460, 87, 205, 240, 75, 230, 72, 59, 301, 173, 142, 274, 67, 365, 420, 183, 398, 31, 366, 256, 398, 462, 50, 156, 276, 450, 231, 223, 371, 484, 444, 75, 453, 354, 310, 449, 12, 77, 60, 49, 177, 384, 500, 361, 275, 305, 224, 435, 336, 164, 450, 161, 417, 399, 228, 238, 307, 45, 37, 0, 432, 390, 419, 326, 66, 492, 255, 417, 34, 174, 300, 346, 312, 50, 4, 346, 166, 247, 207, 191, 290, 29, 214, 138, 457, 149, 208, 308, 335, 352, 407, 139, 286, 31, 215, 382, 238, 404, 280, 330, 20, 392, 494, 450, 302, 255, 3, 307, 358, 351, 276, 98, 35, 235, 295, 3, 12, 390, 240, 498, 73, 301, 254, 190, 151, 162, 51]
Tree:
None
Fitness on 5000 data:
-72.9890144294341

Fitness:
-72.9890144294341