Generation:
300

Phenotype:
3
V1 = gm([44, 6.2, 2.1], [3, 15, 2], [1, 2.9, 6], [0, 15, 5]);
V2 = 3;
V2 = V2 + gm([46, 14, 6], [44, 6.2, 2.1], [3, 15, 2], [1, 2.9, 6], [0, 15, 5]);
V3 = 3;
V3 = V3 + gm([46, 14, 6], [44, 6.2, 2.1], [3, 15, 2], [1, 2.9, 6], [0, 15, 5]);

Pre-processed Program
:C = gm([0.916667, 0.062500, 0.020833, 0.000000], [6.2, 15, 2.9, 15], [2.1, 2, 6, 5]);F = 3;F = F;F = F + gm([0.489362, 0.468085, 0.031915, 0.010638, 0.000000], [14, 6.2, 15, 2.9, 15], [6, 2.1, 2, 6, 5]);T = 3;T = T;T = T + gm([0.489362, 0.468085, 0.031915, 0.010638, 0.000000], [14, 6.2, 15, 2.9, 15], [6, 2.1, 2, 6, 5]);Genotype:
[393, 488, 352, 440, 473, 408, 363, 1, 70, 95, 417, 414, 496, 393, 257, 306, 1, 272, 105, 366, 423, 112, 206, 243, 498, 205, 477, 2, 62, 162, 414, 146, 248, 255, 4, 15, 138, 260, 54, 408, 132, 43, 320, 54, 128, 259, 470, 197]
Tree:
None
Fitness on 5000 data:
-62.91405166893644

Fitness:
[-62.89099936264471, 0]