0	[-256.3577357810486, -1]
1	[-256.3577357810486, -1]
2	[-195.35343091632078, 0]
2	[-122.82541288336037, -2]
3	[-157.29070921254632, 0]
3	[-122.82541288336037, -2]
4	[-156.68974655980924, 0]
4	[-117.90537458514999, -2]
5	[-156.68974655980924, 0]
5	[-128.44852196287167, -1]
5	[-117.90537458514999, -2]
6	[-156.68974655980924, 0]
6	[-128.44852196287167, -1]
6	[-111.25727844208046, -2]
7	[-147.95292587067286, 0]
7	[-128.44852196287167, -1]
7	[-111.25727844208046, -2]
8	[-147.95292587067286, 0]
8	[-128.44852196287167, -1]
8	[-111.25727844208046, -2]
9	[-147.95292587067286, 0]
9	[-128.44852196287167, -1]
9	[-111.25727844208046, -2]
10	[-143.4255123711364, 0]
10	[-128.44852196287167, -1]
10	[-109.0587187245893, -2]
11	[-143.4255123711364, 0]
11	[-122.92380651434678, -1]
11	[-109.0587187245893, -2]
12	[-141.9429899677741, 0]
12	[-122.92380651434678, -1]
12	[-109.0587187245893, -2]
13	[-114.60560801286456, 0]
13	[-108.96244177012005, -2]
14	[-114.60560801286456, 0]
14	[-106.15776363650679, -2]
15	[-114.60560801286456, 0]
15	[-106.15776363650679, -2]
16	[-114.60560801286456, 0]
16	[-106.15776363650679, -2]
17	[-114.60560801286456, 0]
17	[-106.15776363650679, -2]
18	[-114.60560801286456, 0]
18	[-106.15776363650679, -2]
19	[-114.60560801286456, 0]
19	[-106.15776363650679, -2]
20	[-114.60560801286456, 0]
20	[-106.15776363650679, -2]
21	[-114.60560801286456, 0]
21	[-106.57152403544279, -1]
21	[-106.15776363650679, -2]
22	[-114.60560801286456, 0]
22	[-106.57152403544279, -1]
22	[-106.15776363650679, -2]
23	[-114.60560801286456, 0]
23	[-106.57152403544279, -1]
23	[-106.15776363650679, -2]
24	[-114.60560801286456, 0]
24	[-106.57152403544279, -1]
24	[-106.15776363650679, -2]
25	[-114.60560801286456, 0]
25	[-106.57152403544279, -1]
25	[-106.15776363650679, -2]
26	[-114.5929846903842, 0]
26	[-106.57152403544279, -1]
26	[-106.15776363650679, -2]
27	[-114.5929846903842, 0]
27	[-106.57152403544279, -1]
27	[-106.15776363650679, -2]
28	[-114.5929846903842, 0]
28	[-106.57152403544279, -1]
28	[-106.15776363650679, -2]
29	[-114.5929846903842, 0]
29	[-106.57152403544279, -1]
29	[-106.15776363650679, -2]
30	[-114.5929846903842, 0]
30	[-106.57152403544279, -1]
30	[-106.15776363650679, -2]
31	[-108.68976849314447, 0]
31	[-106.57152403544279, -1]
31	[-106.15776363650679, -2]
32	[-108.68976849314447, 0]
32	[-106.57152403544279, -1]
32	[-106.15776363650679, -2]
33	[-108.68976849314447, 0]
33	[-106.57152403544279, -1]
33	[-106.15776363650679, -2]
34	[-108.68976849314447, 0]
34	[-106.57152403544279, -1]
34	[-106.15776363650679, -2]
35	[-108.68976849314447, 0]
35	[-106.57152403544279, -1]
35	[-106.15776363650679, -2]
35	[-105.8591505057128, -3]
36	[-108.68976849314447, 0]
36	[-106.57152403544279, -1]
36	[-105.88577102693493, -2]
36	[-105.8591505057128, -3]
37	[-108.68976849314447, 0]
37	[-106.57152403544279, -1]
37	[-105.88577102693493, -2]
37	[-105.8591505057128, -3]
38	[-108.68976849314447, 0]
38	[-106.57152403544279, -1]
38	[-105.88577102693493, -2]
38	[-105.8591505057128, -3]
39	[-108.52517961712462, 0]
39	[-106.19890661667907, -1]
39	[-105.88577102693493, -2]
39	[-105.8591505057128, -3]
40	[-108.52517961712462, 0]
40	[-106.19890661667907, -1]
40	[-105.88577102693493, -2]
40	[-105.8591505057128, -3]
41	[-108.52517961712462, 0]
41	[-106.19890661667907, -1]
41	[-105.88577102693493, -2]
41	[-105.8591505057128, -3]
42	[-108.52517961712462, 0]
42	[-106.19890661667907, -1]
42	[-105.44399563941738, -2]
43	[-105.16548066226403, 0]
44	[-105.16548066226403, 0]
45	[-105.16548066226403, 0]
46	[-105.16548066226403, 0]
47	[-105.16548066226403, 0]
47	[-104.05213074443519, -2]
48	[-105.16548066226403, 0]
48	[-103.89917165444338, -2]
49	[-105.16548066226403, 0]
49	[-103.5936542872227, -2]
50	[-105.16548066226403, 0]
50	[-103.5936542872227, -2]
51	[-105.16548066226403, 0]
51	[-103.57933487133617, -2]
52	[-105.16548066226403, 0]
52	[-103.57933487133617, -2]
53	[-105.16548066226403, 0]
53	[-105.16548066226403, 0]
53	[-102.54698120376192, -2]
54	[-105.16548066226403, 0]
54	[-105.16548066226403, 0]
54	[-104.48606891621039, -1]
54	[-102.54698120376192, -2]
55	[-105.16548066226403, 0]
55	[-105.16548066226403, 0]
55	[-104.48606891621039, -1]
55	[-102.54698120376192, -2]
56	[-105.16548066226403, 0]
56	[-105.16548066226403, 0]
56	[-104.48606891621039, -1]
56	[-102.54698120376192, -2]
57	[-105.16548066226403, 0]
57	[-105.16548066226403, 0]
57	[-104.48606891621039, -1]
57	[-102.54698120376192, -2]
58	[-105.16548066226403, 0]
58	[-105.16548066226403, 0]
58	[-104.48606891621039, -1]
58	[-102.54698120376192, -2]
59	[-105.16548066226403, 0]
59	[-105.16548066226403, 0]
59	[-104.48606891621039, -1]
59	[-102.54698120376192, -2]
60	[-105.16548066226403, 0]
60	[-105.16548066226403, 0]
60	[-104.48606891621039, -1]
60	[-102.18471409985837, -2]
61	[-104.44246844502462, 0]
61	[-102.18471409985837, -2]
62	[-104.44246844502462, 0]
62	[-102.18471409985837, -2]
63	[-104.44246844502462, 0]
63	[-102.18471409985837, -2]
64	[-104.44246844502462, 0]
64	[-102.18471409985837, -2]
65	[-104.44246844502462, 0]
65	[-102.18471409985837, -2]
66	[-104.44246844502462, 0]
66	[-102.18471409985837, -2]
67	[-104.44246844502462, 0]
67	[-102.00274171946472, -2]
68	[-104.44246844502462, 0]
68	[-102.00274171946472, -2]
69	[-104.44246844502462, 0]
69	[-102.00274171946472, -2]
70	[-104.44246844502462, 0]
70	[-102.00274171946472, -2]
71	[-104.42252921043419, 0]
71	[-102.00274171946472, -2]
72	[-103.43481908419699, 0]
72	[-102.00274171946472, -2]
73	[-103.43481908419699, 0]
73	[-102.00274171946472, -2]
74	[-103.43481908419699, 0]
74	[-102.00274171946472, -2]
75	[-103.43481908419699, 0]
75	[-102.00274171946472, -2]
76	[-103.43481908419699, 0]
76	[-102.00274171946472, -2]
77	[-103.43481908419699, 0]
77	[-102.00274171946472, -2]
78	[-103.43481908419699, 0]
78	[-102.00274171946472, -2]
79	[-103.19016520643251, 0]
79	[-101.61583373755218, -2]
80	[-103.19016520643251, 0]
80	[-101.61583373755218, -2]
81	[-103.19016520643251, 0]
81	[-101.61583373755218, -2]
82	[-103.19016520643251, 0]
82	[-100.37710137030982, -2]
83	[-103.19016520643251, 0]
83	[-100.37710137030982, -2]
84	[-103.19016520643251, 0]
84	[-100.37710137030982, -2]
85	[-103.09422831801416, 0]
85	[-100.37710137030982, -2]
86	[-103.05798110833643, 0]
86	[-100.37710137030982, -2]
87	[-103.05798110833643, 0]
87	[-100.37710137030982, -2]
88	[-103.05798110833643, 0]
88	[-100.37710137030982, -2]
89	[-103.05798110833643, 0]
89	[-100.37710137030982, -2]
90	[-103.05798110833643, 0]
90	[-100.37710137030982, -2]
91	[-103.05798110833643, 0]
91	[-93.04223597933526, -2]
92	[-103.05798110833643, 0]
92	[-95.75515351749452, -1]
92	[-93.04223597933526, -2]
93	[-103.05798110833643, 0]
93	[-95.75515351749452, -1]
93	[-93.04223597933526, -2]
94	[-103.05798110833643, 0]
94	[-95.75515351749452, -1]
94	[-93.04223597933526, -2]
95	[-103.05798110833643, 0]
95	[-95.75515351749452, -1]
95	[-93.04223597933526, -2]
96	[-103.05798110833643, 0]
96	[-95.75515351749452, -1]
96	[-93.04223597933526, -2]
97	[-103.05798110833643, 0]
97	[-95.75515351749452, -1]
97	[-93.04223597933526, -2]
98	[-103.05798110833643, 0]
98	[-95.75515351749452, -1]
98	[-93.04223597933526, -2]
99	[-103.05798110833643, 0]
99	[-95.75515351749452, -1]
99	[-93.04223597933526, -2]
100	[-103.05798110833643, 0]
100	[-95.75515351749452, -1]
100	[-93.04223597933526, -2]
101	[-103.05798110833643, 0]
101	[-95.75515351749452, -1]
101	[-93.04223597933526, -2]
102	[-103.05798110833643, 0]
102	[-95.75515351749452, -1]
102	[-93.04223597933526, -2]
103	[-103.05798110833643, 0]
103	[-95.75515351749452, -1]
103	[-91.59601941290778, -2]
104	[-103.05798110833643, 0]
104	[-95.75515351749452, -1]
104	[-91.59601941290778, -2]
105	[-103.05798110833643, 0]
105	[-95.75515351749452, -1]
105	[-91.55611928673855, -2]
106	[-103.05798110833643, 0]
106	[-95.75515351749452, -1]
106	[-91.55611928673855, -2]
107	[-103.05798110833643, 0]
107	[-95.75515351749452, -1]
107	[-91.55611928673855, -2]
108	[-103.05798110833643, 0]
108	[-95.75515351749452, -1]
108	[-90.92540645734056, -2]
109	[-103.05798110833643, 0]
109	[-95.09044426223332, -1]
109	[-90.92540645734056, -2]
110	[-103.05798110833643, 0]
110	[-95.09044426223332, -1]
110	[-90.92540645734056, -2]
111	[-102.99506674169288, 0]
111	[-95.09044426223332, -1]
111	[-90.92540645734056, -2]
112	[-102.99506674169288, 0]
112	[-95.09044426223332, -1]
112	[-90.92540645734056, -2]
113	[-102.99506674169288, 0]
113	[-94.01867630107373, -1]
113	[-90.92540645734056, -2]
114	[-102.99506674169288, 0]
114	[-94.01867630107373, -1]
114	[-90.92540645734056, -2]
115	[-102.99506674169288, 0]
115	[-94.01867630107373, -1]
115	[-90.92540645734056, -2]
116	[-102.99506674169288, 0]
116	[-93.30064211158789, -1]
116	[-90.92540645734056, -2]
117	[-102.99506674169288, 0]
117	[-93.30064211158789, -1]
117	[-90.92540645734056, -2]
118	[-102.99506674169288, 0]
118	[-93.30064211158789, -1]
118	[-90.92540645734056, -2]
119	[-102.99506674169288, 0]
119	[-93.30064211158789, -1]
119	[-90.92540645734056, -2]
120	[-102.99506674169288, 0]
120	[-93.30064211158789, -1]
120	[-90.92540645734056, -2]
121	[-102.99506674169288, 0]
121	[-92.64802182115518, -1]
121	[-90.92540645734056, -2]
122	[-102.99506674169288, 0]
122	[-92.64802182115518, -1]
122	[-90.92540645734056, -2]
123	[-102.99506674169288, 0]
123	[-92.64802182115518, -1]
123	[-90.0663266268622, -2]
124	[-102.99506674169288, 0]
124	[-92.64802182115518, -1]
124	[-90.0663266268622, -2]
125	[-102.99506674169288, 0]
125	[-92.64802182115518, -1]
125	[-89.10075685058219, -2]
126	[-102.99506674169288, 0]
126	[-92.64802182115518, -1]
126	[-89.10075685058219, -2]
127	[-102.99506674169288, 0]
127	[-92.64802182115518, -1]
127	[-89.10075685058219, -2]
128	[-102.99506674169288, 0]
128	[-92.64802182115518, -1]
128	[-89.10075685058219, -2]
129	[-102.99506674169288, 0]
129	[-92.64802182115518, -1]
129	[-89.10075685058219, -2]
130	[-102.70554682087709, 0]
130	[-92.64802182115518, -1]
130	[-89.10075685058219, -2]
131	[-102.70554682087709, 0]
131	[-92.64802182115518, -1]
131	[-89.10075685058219, -2]
132	[-102.70554682087709, 0]
132	[-92.64802182115518, -1]
132	[-89.10075685058219, -2]
133	[-102.70554682087709, 0]
133	[-92.64802182115518, -1]
133	[-89.10075685058219, -2]
134	[-102.70554682087709, 0]
134	[-92.64802182115518, -1]
134	[-89.10075685058219, -2]
135	[-102.70554682087709, 0]
135	[-92.64802182115518, -1]
135	[-89.10075685058219, -2]
136	[-102.70554682087709, 0]
136	[-92.64802182115518, -1]
136	[-89.10075685058219, -2]
137	[-102.70554682087709, 0]
137	[-91.29146879069893, -1]
137	[-89.10075685058219, -2]
138	[-102.70554682087709, 0]
138	[-91.29146879069893, -1]
138	[-89.10075685058219, -2]
139	[-102.70554682087709, 0]
139	[-91.29146879069893, -1]
139	[-89.10075685058219, -2]
140	[-102.70554682087709, 0]
140	[-91.29146879069893, -1]
140	[-89.10075685058219, -2]
141	[-102.70554682087709, 0]
141	[-91.29146879069893, -1]
141	[-89.10075685058219, -2]
142	[-102.70554682087709, 0]
142	[-91.11961929259591, -1]
142	[-89.10075685058219, -2]
143	[-102.70554682087709, 0]
143	[-91.11961929259591, -1]
143	[-89.10075685058219, -2]
144	[-102.70554682087709, 0]
144	[-91.11961929259591, -1]
144	[-89.10075685058219, -2]
145	[-102.70554682087709, 0]
145	[-91.11961929259591, -1]
145	[-89.10075685058219, -2]
146	[-102.70554682087709, 0]
146	[-91.11961929259591, -1]
146	[-89.10075685058219, -2]
147	[-102.70554682087709, 0]
147	[-91.11961929259591, -1]
147	[-89.10075685058219, -2]
148	[-102.70554682087709, 0]
148	[-91.11961929259591, -1]
148	[-89.10075685058219, -2]
149	[-102.70554682087709, 0]
149	[-91.11961929259591, -1]
149	[-91.11961929259591, -1]
149	[-89.08991567830378, -2]
150	[-102.70554682087709, 0]
150	[-91.11961929259591, -1]
150	[-91.11961929259591, -1]
150	[-89.08991567830378, -2]
151	[-102.70554682087709, 0]
151	[-91.11961929259591, -1]
151	[-91.11961929259591, -1]
151	[-89.08991567830378, -2]
152	[-102.70554682087709, 0]
152	[-91.11961929259591, -1]
152	[-91.11961929259591, -1]
152	[-89.08991567830378, -2]
153	[-102.70554682087709, 0]
153	[-91.11961929259591, -1]
153	[-91.11961929259591, -1]
153	[-89.08991567830378, -2]
154	[-102.70554682087709, 0]
154	[-91.11961929259591, -1]
154	[-91.11961929259591, -1]
154	[-91.11961929259591, -1]
154	[-89.08991567830378, -2]
155	[-102.70554682087709, 0]
155	[-91.11961929259591, -1]
155	[-91.11961929259591, -1]
155	[-91.11961929259591, -1]
155	[-89.08991567830378, -2]
156	[-102.70554682087709, 0]
156	[-91.11961929259591, -1]
156	[-91.11961929259591, -1]
156	[-91.11961929259591, -1]
156	[-89.08991567830378, -2]
157	[-102.70554682087709, 0]
157	[-91.11961929259591, -1]
157	[-91.11961929259591, -1]
157	[-91.11961929259591, -1]
157	[-89.08991567830378, -2]
158	[-102.70554682087709, 0]
158	[-86.07513203354955, -1]
159	[-102.70554682087709, 0]
159	[-86.07513203354955, -1]
160	[-102.70554682087709, 0]
160	[-86.07513203354955, -1]
161	[-102.70554682087709, 0]
161	[-86.06330469748056, -1]
162	[-102.70554682087709, 0]
162	[-86.06330469748056, -1]
163	[-102.70554682087709, 0]
163	[-86.06330469748056, -1]
164	[-102.70554682087709, 0]
164	[-86.06330469748056, -1]
165	[-102.70554682087709, 0]
165	[-86.06330469748056, -1]
166	[-102.70554682087709, 0]
166	[-84.79017026620451, -1]
167	[-102.70554682087709, 0]
167	[-84.79017026620451, -1]
168	[-102.70554682087709, 0]
168	[-84.79017026620451, -1]
169	[-102.70554682087709, 0]
169	[-84.79017026620451, -1]
170	[-102.70554682087709, 0]
170	[-84.50507214807996, -1]
171	[-102.70554682087709, 0]
171	[-84.50507214807996, -1]
172	[-102.70554682087709, 0]
172	[-84.50507214807996, -1]
173	[-100.2942945444914, 0]
173	[-84.50507214807996, -1]
174	[-100.2942945444914, 0]
174	[-84.50507214807996, -1]
175	[-100.2942945444914, 0]
175	[-84.50507214807996, -1]
176	[-100.2942945444914, 0]
176	[-84.50507214807996, -1]
177	[-100.2942945444914, 0]
177	[-84.17862055413097, -1]
178	[-100.2942945444914, 0]
178	[-84.17862055413097, -1]
179	[-100.2942945444914, 0]
179	[-100.2942945444914, 0]
179	[-82.43403710899223, -1]
180	[-100.2942945444914, 0]
180	[-100.2942945444914, 0]
180	[-82.43403710899223, -1]
181	[-100.2942945444914, 0]
181	[-100.2942945444914, 0]
181	[-82.43403710899223, -1]
182	[-100.2942945444914, 0]
182	[-100.2942945444914, 0]
182	[-82.43403710899223, -1]
183	[-100.2942945444914, 0]
183	[-100.2942945444914, 0]
183	[-82.43403710899223, -1]
184	[-100.2942945444914, 0]
184	[-100.2942945444914, 0]
184	[-82.43403710899223, -1]
185	[-99.87597101369653, 0]
185	[-82.43403710899223, -1]
186	[-99.87597101369653, 0]
186	[-82.43403710899223, -1]
187	[-99.87597101369653, 0]
187	[-82.43403710899223, -1]
188	[-99.87597101369653, 0]
188	[-82.43403710899223, -1]
189	[-99.87597101369653, 0]
189	[-82.43403710899223, -1]
190	[-99.87597101369653, 0]
190	[-82.43403710899223, -1]
191	[-99.87597101369653, 0]
191	[-82.43403710899223, -1]
192	[-99.87597101369653, 0]
192	[-82.43403710899223, -1]
193	[-99.87597101369653, 0]
193	[-82.43403710899223, -1]
194	[-99.87597101369653, 0]
194	[-99.87597101369653, 0]
194	[-82.43403710899223, -1]
195	[-99.87597101369653, 0]
195	[-99.87597101369653, 0]
195	[-82.40506270708951, -1]
196	[-99.87597101369653, 0]
196	[-99.87597101369653, 0]
196	[-82.40506270708951, -1]
197	[-99.87597101369653, 0]
197	[-99.87597101369653, 0]
197	[-82.39293511504431, -1]
198	[-99.87597101369653, 0]
198	[-99.87597101369653, 0]
198	[-82.39293511504431, -1]
199	[-99.87597101369653, 0]
199	[-99.87597101369653, 0]
199	[-82.39293511504431, -1]
200	[-99.81088312300945, 0]
200	[-82.39293511504431, -1]
201	[-99.81088312300945, 0]
201	[-82.39293511504431, -1]
202	[-99.69423053190268, 0]
202	[-81.54199256564192, -1]
203	[-99.69423053190268, 0]
203	[-81.54199256564192, -1]
204	[-99.69423053190268, 0]
204	[-81.54199256564192, -1]
205	[-99.69423053190268, 0]
205	[-80.44594926891594, -1]
206	[-99.69423053190268, 0]
206	[-80.44594926891594, -1]
207	[-99.51196384645252, 0]
207	[-80.44594926891594, -1]
208	[-99.51196384645252, 0]
208	[-80.44594926891594, -1]
209	[-99.50002696824923, 0]
209	[-80.44594926891594, -1]
210	[-99.50002696824923, 0]
210	[-80.44594926891594, -1]
211	[-99.50002696824923, 0]
211	[-80.44594926891594, -1]
212	[-99.50002696824923, 0]
212	[-80.44594926891594, -1]
213	[-99.50002696824923, 0]
213	[-80.44594926891594, -1]
214	[-99.50002696824923, 0]
214	[-80.44594926891594, -1]
215	[-99.48044034209381, 0]
215	[-80.44594926891594, -1]
216	[-99.48044034209381, 0]
216	[-80.44594926891594, -1]
217	[-99.48044034209381, 0]
217	[-80.44594926891594, -1]
218	[-99.48044034209381, 0]
218	[-80.44594926891594, -1]
219	[-99.48044034209381, 0]
219	[-80.44594926891594, -1]
220	[-99.48044034209381, 0]
220	[-80.44594926891594, -1]
221	[-99.48044034209381, 0]
221	[-80.44594926891594, -1]
222	[-99.43023042452651, 0]
222	[-80.44594926891594, -1]
223	[-99.43023042452651, 0]
223	[-80.44594926891594, -1]
224	[-99.43023042452651, 0]
224	[-80.44594926891594, -1]
225	[-99.43023042452651, 0]
225	[-80.44594926891594, -1]
226	[-99.43023042452651, 0]
226	[-80.44594926891594, -1]
227	[-99.43023042452651, 0]
227	[-80.44594926891594, -1]
228	[-99.43023042452651, 0]
228	[-80.44594926891594, -1]
229	[-99.43023042452651, 0]
229	[-80.44594926891594, -1]
230	[-99.43023042452651, 0]
230	[-80.44594926891594, -1]
231	[-99.2675205151311, 0]
231	[-80.44594926891594, -1]
232	[-99.2675205151311, 0]
232	[-80.44594926891594, -1]
233	[-98.50720134330682, 0]
233	[-80.44594926891594, -1]
234	[-98.50720134330682, 0]
234	[-80.44594926891594, -1]
235	[-98.49740987332177, 0]
235	[-80.44594926891594, -1]
236	[-98.49740987332177, 0]
236	[-80.44594926891594, -1]
236	[-80.44594926891594, -1]
237	[-98.49740987332177, 0]
237	[-80.44594926891594, -1]
237	[-80.44594926891594, -1]
238	[-98.49740987332177, 0]
238	[-80.44594926891594, -1]
238	[-80.44594926891594, -1]
239	[-98.49740987332177, 0]
239	[-80.44594926891594, -1]
239	[-80.44594926891594, -1]
240	[-98.49740987332177, 0]
240	[-80.44594926891594, -1]
240	[-80.44594926891594, -1]
241	[-98.49740987332177, 0]
241	[-80.44594926891594, -1]
241	[-80.44594926891594, -1]
242	[-98.49740987332177, 0]
242	[-79.90490959033353, -1]
243	[-98.49740987332177, 0]
243	[-79.90490959033353, -1]
244	[-98.49740987332177, 0]
244	[-79.90490959033353, -1]
245	[-98.49740987332177, 0]
245	[-79.90490959033353, -1]
246	[-98.49740987332177, 0]
246	[-79.90490959033353, -1]
247	[-98.49740987332177, 0]
247	[-79.90490959033353, -1]
248	[-98.49740987332177, 0]
248	[-79.84193803371346, -1]
249	[-98.49740987332177, 0]
249	[-79.84193803371346, -1]
250	[-97.43547442034291, 0]
250	[-79.84193803371346, -1]
251	[-97.43547442034291, 0]
251	[-79.84193803371346, -1]
252	[-97.43547442034291, 0]
252	[-79.84193803371346, -1]
253	[-97.43547442034291, 0]
253	[-79.84193803371346, -1]
254	[-97.43547442034291, 0]
254	[-79.84193803371346, -1]
255	[-97.43547442034291, 0]
255	[-79.84193803371346, -1]
256	[-97.43547442034291, 0]
256	[-79.84193803371346, -1]
257	[-97.39161587136533, 0]
257	[-79.84193803371346, -1]
258	[-97.39161587136533, 0]
258	[-79.84193803371346, -1]
259	[-97.39161587136533, 0]
259	[-79.84193803371346, -1]
260	[-97.39161587136533, 0]
260	[-78.93993235025438, -1]
261	[-97.39161587136533, 0]
261	[-78.93993235025438, -1]
262	[-97.3883445286122, 0]
262	[-78.93993235025438, -1]
263	[-97.3883445286122, 0]
263	[-78.93993235025438, -1]
264	[-97.3883445286122, 0]
264	[-78.93993235025438, -1]
265	[-97.3883445286122, 0]
265	[-78.93993235025438, -1]
266	[-97.3883445286122, 0]
266	[-78.93993235025438, -1]
267	[-97.3883445286122, 0]
267	[-78.93993235025438, -1]
268	[-97.3883445286122, 0]
268	[-78.93993235025438, -1]
269	[-97.31295218563979, 0]
269	[-78.93993235025438, -1]
270	[-97.31295218563979, 0]
270	[-78.93993235025438, -1]
271	[-97.30391361104336, 0]
271	[-78.93993235025438, -1]
272	[-97.30391361104336, 0]
272	[-78.93993235025438, -1]
273	[-97.30001495848482, 0]
273	[-78.93993235025438, -1]
274	[-97.30001495848482, 0]
274	[-78.93993235025438, -1]
275	[-97.30001495848482, 0]
275	[-78.93993235025438, -1]
276	[-97.30001495848482, 0]
276	[-78.93993235025438, -1]
277	[-97.30001495848482, 0]
277	[-78.93993235025438, -1]
278	[-97.30001495848482, 0]
278	[-78.93993235025438, -1]
279	[-97.30001495848482, 0]
279	[-78.67406209080377, -1]
280	[-97.30001495848482, 0]
280	[-78.67406209080377, -1]
281	[-97.30001495848482, 0]
281	[-78.67406209080377, -1]
282	[-97.30001495848482, 0]
282	[-78.67406209080377, -1]
283	[-97.30001495848482, 0]
283	[-78.67406209080377, -1]
284	[-97.30001495848482, 0]
284	[-78.67406209080377, -1]
285	[-97.30001495848482, 0]
285	[-78.67406209080377, -1]
286	[-97.30001495848482, 0]
286	[-78.67406209080377, -1]
287	[-97.30001495848482, 0]
287	[-77.86085764018694, -1]
288	[-97.30001495848482, 0]
288	[-77.86085764018694, -1]
289	[-97.30001495848482, 0]
289	[-77.86085764018694, -1]
290	[-97.30001495848482, 0]
290	[-77.86085764018694, -1]
291	[-97.30001495848482, 0]
291	[-77.86085764018694, -1]
292	[-97.30001495848482, 0]
292	[-77.86085764018694, -1]
293	[-97.30001495848482, 0]
293	[-77.86085764018694, -1]
294	[-97.30001495848482, 0]
294	[-77.86085764018694, -1]
295	[-97.30001495848482, 0]
295	[-77.86085764018694, -1]
296	[-97.30001495848482, 0]
296	[-77.86085764018694, -1]
297	[-97.30001495848482, 0]
297	[-77.86085764018694, -1]
298	[-97.30001495848482, 0]
298	[-77.86085764018694, -1]
299	[-97.26828150467115, 0]
299	[-77.86085764018694, -1]
300	[-97.26828150467115, 0]
300	[-77.86085764018694, -1]
300	[-97.26828150467115, 0]
300	[-77.86085764018694, -1]
