Generation:
798

Phenotype:
4
V1 = gm([4.5e0, +6.1e0, 3.2e0], [7.3e0, +1.9e1, 2.0e0]);
V2 = +V1 * +9.7e0;
V2 = V2 + gm([8.7e0, -1.8e1, 9.7e0], [1.2e1, +9.9e1, 9.7e1]);
V3 = +3.9e0;
V3 = V3 + gm([0.1e0, +6.4e1, 3.0e0], [8.4e1, +0.6e1, 2.3e0]);

Pre-processed Program
:T = gm([0.381356, 0.618644], [6.1, 19], [3.2, 2]);TEMP0 = 9.7 * T;P = TEMP0;P = P + gm([0.420290, 0.579710], [-18, 99], [9.7, 97]);F = 3.9;F = F + gm([0.001189, 0.998811], [64, 6], [3, 2.3]);Genotype:
[477, 303, 230, 40, 312, 325, 288, 184, 325, 0, 234, 380, 76, 21, 422, 372, 473, 372, 256, 456, 155, 327, 383, 44, 260, 24, 481, 399, 225, 342, 52, 270, 366, 283, 492, 343, 418, 30, 32, 234, 207, 370, 450, 49, 67, 130, 6, 440, 447, 405, 308, 307, 408, 18, 401, 1, 228, 299, 363, 379, 267, 496, 272, 251, 361, 282, 93, 34, 310, 199, 99, 307, 238, 379, 117, 349, 265, 370, 264, 271, 76, 210, 73, 209, 374, 380, 319, 237, 238, 40, 161, 2, 365, 432, 386, 484, 221]
Tree:
None
Fitness on 5000 data:
-82.21989734221206

Fitness:
-82.21989734221206