Generation:
798

Phenotype:
6
V1 = gm([4.8e1, +9.9e1, 9.9e1]);
V2 = +4.4e0;
V2 = V2 + uniform([-5.4e0, 1.7e1], 2);
V3 = +7.0e0;
V3 = V3 + gm([8.1e0, +0.3e1, 2.0e0]);

Pre-processed Program
:P = gm([1.000000], [99], [99]);T = 4.4;T = T + uniform([-5.400000, 11.600000], 2);F = 7;F = F + gm([1.000000], [3], [2]);Genotype:
[411, 269, 301, 284, 159, 272, 249, 34, 158, 59, 156, 300, 179, 89, 137, 74, 429, 319, 295, 90, 440, 250, 379, 497, 162, 304, 84, 322, 219, 85, 122, 275, 35, 444, 244, 404, 341, 137, 135, 239, 42, 230, 147, 292, 436, 147, 10, 168, 52, 434, 480, 210, 388, 361, 438, 248, 438, 100, 233, 357, 14, 332, 210, 114, 345, 495, 313, 158, 128, 262, 177, 12, 186, 341, 416, 6, 134, 359, 417, 345, 418, 298, 243, 196, 444, 151, 206, 461, 135, 123, 24, 318, 148, 343, 483, 459, 104, 93, 294, 122, 79, 23, 399, 280, 325, 470, 193, 486, 8, 181, 174, 359, 492, 130, 455, 319, 497, 186, 487, 179, 6, 461, 164, 105, 345, 149, 52, 437, 196, 245, 106, 73, 226, 359, 374, 124, 318]
Tree:
None
Fitness on 5000 data:
-89.99725768330407

Fitness:
-89.99725768330407