Generation:
1500

Phenotype:
1
V1 = uniform([+6.3e0, 7.3e0], 2);
V2 = uniform([-0.5e0, 1.6e1], 2);
V3 = gm([7.2e1, +9.9e1, 9.9e1], [4.5e1, +9.9e0, 1.5e1]);

Pre-processed Program
:F = uniform([6.300000, 13.600000], 2);T = uniform([-0.500000, 15.500000], 2);P = gm([0.615385, 0.384615], [99, 9.9], [99, 15]);Genotype:
[403, 78, 37, 215, 129, 288, 456, 373, 492, 222, 47, 3, 304, 467, 85, 477, 219, 380, 295, 4, 187, 261, 256, 269, 230, 319, 229, 140, 77, 122, 243, 356, 482, 289, 79, 113, 435, 339, 459, 425, 374, 285, 394, 215, 147, 192, 18, 269, 229, 186, 197, 321, 355, 321, 495, 401, 169, 81, 440, 93, 229, 260, 314, 405, 372, 157, 414, 197, 351, 37, 203, 431, 249, 194, 56, 236, 79, 419, 1, 156, 88, 331, 146, 356, 364, 4, 355, 37, 498, 485, 467, 76, 54, 84, 201, 388, 18, 360, 270, 182, 409, 119, 220, 310, 336, 481, 62, 360, 49]
Tree:
None
Fitness on 5000 data:
-88.35148301632292

Fitness:
-88.35148301632292