Generation:
398

Phenotype:
3
V1 = gm([4.4e1, +5.0e0, 2.9e0]);
V2 = +3.0e0;
V2 = V2 + uniform([+3.1e0, 8.0e0], 2);
V3 = +V1;
V3 = V3 + gm([3.7e0, +9.9e0, 2.3e0]);

Pre-processed Program
:W = gm([1.000000], [5], [2.9]);F = 3;F = F + uniform([3.100000, 11.100000], 2);T = W;T = T + gm([1.000000], [9.9], [2.3]);Genotype:
[76, 464, 46, 98, 350, 448, 329, 344, 244, 277, 340, 408, 395, 310, 290, 11, 232, 49, 210, 210, 464, 472, 85, 378, 278, 213, 320, 84, 39, 290, 156, 392, 143, 341, 10, 414, 368, 390, 414, 12, 422, 340, 164, 132, 260, 492, 78, 312, 455, 123, 167, 326, 263, 338, 379, 499, 462, 41, 122, 43, 462, 213, 90, 209, 358, 64, 251, 152, 48, 23, 317, 353, 123, 495, 90, 433, 196, 317, 38, 181, 219, 372, 247, 199, 30, 188, 66, 4, 149, 147, 191, 446, 385, 365, 396, 195, 141, 227, 452, 120]
Tree:
None
Fitness on 5000 data:
-6.972704250802199

Fitness:
-6.972704250802199