Generation:
1500

Phenotype:
3
V1 = gm([4.5e0, +5.0e0, 2.9e0]);
V2 = +2.9e0;
V2 = V2 + uniform([+3.3e0, 7.6e0], 2);
V3 = +V1;
V3 = V3 + gm([4.9e0, +9.9e0, 2.3e0]);

Pre-processed Program
:W = gm([1.000000], [5], [2.9]);F = 2.9;F = F + uniform([3.300000, 10.900000], 2);T = W;T = T + gm([1.000000], [9.9], [2.3]);Genotype:
[76, 464, 357, 40, 350, 448, 168, 404, 155, 404, 340, 344, 395, 310, 290, 180, 232, 49, 290, 72, 448, 470, 85, 39, 408, 62, 149, 470, 39, 290, 63, 378, 143, 483, 420, 182, 137, 276, 422, 381, 344, 196, 242, 132, 260, 492, 146, 312, 85, 404, 19, 478, 311, 340, 379, 229, 2, 41, 122, 43, 46, 213, 90, 209, 358, 64, 251, 152, 48, 23, 317, 353, 123, 495, 90, 433, 196, 317, 38, 181, 219, 372, 247, 199, 30, 188, 66, 4, 149, 147, 191, 446, 385, 365, 396, 195, 141, 227, 452, 120]
Tree:
None
Fitness on 5000 data:
-6.9633829585680465

Fitness:
-6.9633829585680465