Generation:
798

Phenotype:
6
V1 = uniform([+0.1e1, 4.0e1], 2);
V2 = +9.2e1 + +V1 * +V1;
V2 = V2 + uniform([+7.9e1, 9.5e1], 2);
V3 = +4.2e0;
V3 = V3 + gm([8.3e0, +6.1e0, 2.3e0], [1.8e0, +5.5e0, 3.2e0]);
V4 = +1.1e0 * +9.1e0;
V4 = V4 + gm([0.1e0, +4.6e1, 3.3e1], [8.6e0, -4.9e0, 1.3e0]);

Pre-processed Program
:F = uniform([1.000000, 41.000000], 2);TEMP0 = F * F;E = 92;E = E + TEMP0;E = E + uniform([79.000000, 174.000000], 2);T = 4.2;T = T + gm([0.821782, 0.178218], [6.1, 5.5], [2.3, 3.2]);C = 10.01;C = C + gm([0.011494, 0.988506], [46, -4.9], [33, 1.3]);Genotype:
[141, 77, 69, 223, 17, 13, 448, 360, 331, 399, 203, 4, 380, 411, 492, 469, 292, 210, 233, 109, 492, 269, 102, 379, 296, 157, 56, 446, 142, 490, 120, 374, 181, 289, 194, 471, 440, 417, 319, 213, 44, 349, 335, 259, 252, 394, 288, 143, 241, 340, 404, 152, 308, 58, 176, 211, 418, 58, 173, 168, 417, 480, 96, 461, 362, 122, 142, 83, 344, 318, 159, 111, 88, 122, 16, 88, 95, 95, 56, 285, 353, 332, 356, 437, 200, 87, 144, 353, 208, 80, 431, 61, 182, 119, 406, 62, 459, 441, 160, 112, 369, 39, 202, 250, 31, 124, 407, 170, 374, 176, 389, 157, 53, 483, 145, 132, 94, 78, 326, 228, 316, 129, 494, 159, 206, 204, 271, 93, 456, 118, 207, 498, 32, 141, 63, 238, 454, 441, 308, 98, 484, 211, 122, 46, 315, 469, 258, 344, 96, 490, 142, 116, 142, 246, 110, 366, 111, 403, 299, 414, 10, 177, 327, 33, 276, 202, 337, 332, 356, 112, 398, 87, 154, 353, 31, 128, 431, 12, 182, 231, 135, 196, 448, 15, 276, 288]
Tree:
None
Fitness on 5000 data:
-12.775919685070626

Fitness:
-12.775919685070626