Generation:
1198

Phenotype:
6
V1 = uniform([+0.1e1, 4.0e1], 2);
V2 = +9.2e1 + +V1 * +V1;
V2 = V2 + uniform([+7.9e1, 9.5e1], 2);
V3 = +4.2e0;
V3 = V3 + gm([8.7e0, +6.0e0, 2.3e0], [4.3e0, +5.5e0, 2.0e0]);
V4 = +1.1e0 * +9.1e0;
V4 = V4 + gm([0.1e0, -4.8e1, 3.5e1], [8.3e1, -4.9e0, 1.3e0]);

Pre-processed Program
:F = uniform([1.000000, 41.000000], 2);TEMP0 = F * F;E = 92;E = E + TEMP0;E = E + uniform([79.000000, 174.000000], 2);T = 4.2;T = T + gm([0.669231, 0.330769], [6, 5.5], [2.3, 2]);C = 10.01;C = C + gm([0.001203, 0.998797], [-48, -4.9], [35, 1.3]);Genotype:
[141, 77, 69, 407, 17, 256, 448, 460, 331, 399, 163, 4, 380, 411, 219, 3, 30, 88, 233, 109, 492, 269, 102, 379, 296, 157, 56, 446, 142, 335, 120, 392, 181, 289, 409, 181, 440, 417, 319, 213, 44, 299, 335, 259, 481, 394, 288, 295, 241, 460, 404, 152, 308, 58, 176, 211, 418, 58, 47, 6, 417, 480, 96, 0, 362, 122, 32, 83, 344, 262, 262, 284, 213, 122, 48, 88, 5, 95, 56, 26, 122, 70, 356, 437, 394, 87, 144, 353, 220, 80, 431, 61, 182, 119, 406, 62, 459, 281, 160, 112, 58, 39, 16, 250, 31, 124, 407, 47, 374, 28, 499, 157, 53, 25, 145, 278, 44, 78, 373, 231, 316, 129, 494, 159, 206, 204, 271, 93, 456, 118, 207, 498, 32, 141, 63, 238, 454, 441, 308, 98, 484, 211, 122, 46, 315, 469, 258, 344, 96, 490, 142, 116, 142, 246, 110, 366, 111, 403, 299, 414, 10, 177, 327, 33, 276, 202, 337, 332, 356, 112, 398, 87, 154, 353, 31, 128, 431, 12, 182, 231, 135, 196, 448, 15, 276, 288]
Tree:
None
Fitness on 5000 data:
-12.7510604888119

Fitness:
-12.7510604888119