Generation:
398

Phenotype:
6
V1 = uniform([-0.1e0, 5.3e1], 2);
V2 = +9.5e1 + +V1 * +V1;
V2 = V2 + uniform([+7.9e1, 1.6e0], 2);
V3 = +4.1e0;
V3 = V3 + gm([8.3e1, +6.0e0, 2.3e0], [8.6e0, +8.3e0, 1.2e0]);
V4 = +1.2e0 * +8.2e0;
V4 = V4 + gm([0.1e0, -0.5e0, 8.0e1], [7.7e0, -4.7e0, 1.1e0]);

Pre-processed Program
:F = uniform([-0.100000, 52.900000], 2);TEMP0 = F * F;E = 95;E = E + TEMP0;E = E + uniform([79.000000, 80.600000], 2);T = 4.1;T = T + gm([0.906114, 0.093886], [6, 8.3], [2.3, 1.2]);C = 9.84;C = C + gm([0.012821, 0.987179], [-0.5, -4.7], [80, 1.1]);Genotype:
[35, 77, 141, 123, 198, 378, 451, 360, 331, 152, 7, 255, 23, 63, 324, 469, 368, 210, 233, 274, 492, 269, 235, 275, 296, 157, 424, 442, 142, 412, 120, 374, 3, 289, 194, 219, 440, 417, 319, 159, 448, 161, 436, 118, 328, 498, 32, 141, 10, 238, 404, 441, 308, 98, 145, 211, 411, 58, 253, 97, 461, 480, 96, 490, 362, 484, 142, 83, 438, 366, 111, 248, 446, 414, 252, 88, 248, 123, 276, 390, 441, 332, 356, 460, 224, 87, 154, 353, 278, 238, 431, 12, 182, 231, 49, 196, 448, 132, 224, 278, 450, 469, 368, 250, 31, 264, 487, 269, 180, 275, 50, 157, 48, 260, 425, 412, 148, 167, 457, 344, 194, 219, 494, 307, 206, 99, 271, 161, 456, 118, 207, 498, 32, 141, 63, 238, 454, 441, 308, 98, 484, 211, 122, 46, 315, 469, 258, 344, 96, 490, 142, 116, 142, 246, 110, 366, 111, 403, 299, 414, 10, 177, 327, 33, 276, 202, 337, 332, 356, 112, 398, 87, 154, 353, 31, 128, 431, 12, 182, 231, 135, 196, 448, 15, 276, 288]
Tree:
None
Fitness on 5000 data:
-13.195835056650877

Fitness:
-13.195835056650877