Generation:
398

Phenotype:
4
V1 = gm([9.9e1, +1.9e1, 2.0e0], [5.7e1, +3.8e0, 3.0e0], [1.9e1, +2.0e1, 1.6e0]);
V2 = +V1 * +V1;
V2 = V2 + gm([0.9e0, +3.4e0, 6.9e0], [7.4e1, -1.3e0, 8.7e0]);
V3 = +3.6e0;
V3 = V3 + uniform([+0.3e0, 1.1e1], 2);

Pre-processed Program
:T = gm([0.565714, 0.325714, 0.108571], [19, 3.8, 20], [2, 3, 1.6]);TEMP0 = T * T;P = TEMP0;P = P + gm([0.012016, 0.987984], [3.4, -1.3], [6.9, 8.7]);F = 3.6;F = F + uniform([0.300000, 11.300000], 2);Genotype:
[470, 483, 252, 472, 321, 101, 383, 129, 149, 111, 188, 60, 221, 259, 89, 281, 282, 180, 192, 77, 49, 125, 467, 89, 5, 396, 493, 308, 130, 207, 113, 0, 264, 202, 427, 51, 289, 261, 467, 214, 32, 150, 411, 231, 401, 446, 452, 131, 114, 9, 28, 324, 328, 318, 174, 160, 129, 454, 285, 149, 415, 260, 299, 190, 85, 96, 163, 24, 52, 397, 186, 489, 158, 488, 311, 287, 454, 51, 493, 485, 481, 133, 188, 394, 188, 487, 312, 314, 18, 262, 431, 375, 346, 43, 196, 282, 205, 404, 285, 482]
Tree:
None
Fitness on 5000 data:
-69.53771177849787

Fitness:
-69.53771177849787