Generation:
798

Phenotype:
4
V1 = gm([0.0e1, +8.0e0, 3.2e0], [4.3e1, +3.9e0, 3.0e0], [8.5e1, +2.0e1, 1.0e0]);
V2 = +V1 * +V1;
V2 = V2 + gm([1.2e0, +6.4e0, 9.0e0], [6.4e0, +1.4e0, 9.4e0]);
V3 = +4.0e0;
V3 = V3 + uniform([+0.2e1, 8.0e0], 2);

Pre-processed Program
:T = gm([0.000000, 0.335938, 0.664062], [8, 3.9, 20], [3.2, 3, 1]);TEMP0 = T * T;P = TEMP0;P = P + gm([0.157895, 0.842105], [6.4, 1.4], [9, 9.4]);F = 4;F = F + uniform([2.000000, 10.000000], 2);Genotype:
[500, 423, 252, 100, 184, 171, 75, 70, 410, 139, 403, 486, 488, 210, 44, 337, 413, 302, 412, 77, 402, 94, 73, 151, 297, 396, 493, 179, 152, 266, 113, 0, 414, 202, 132, 398, 35, 285, 293, 214, 32, 150, 415, 235, 481, 360, 194, 393, 226, 317, 328, 150, 182, 1, 174, 48, 20, 14, 285, 167, 415, 271, 492, 30, 124, 96, 56, 24, 80, 397, 339, 210, 490, 422, 108, 406, 224, 490, 181, 138, 481, 394, 188, 293, 29, 224, 22, 314, 18, 104, 301, 167, 100, 484, 250, 246, 333, 217, 71, 328, 150, 182, 1, 174, 48, 20, 14, 285, 167, 415, 271]
Tree:
None
Fitness on 5000 data:
-66.15363650919042

Fitness:
-66.15363650919042