0	[-187.6687321611408, -1]
1	[-183.09672715723278, -1]
1	[-168.26697160623002, -2]
2	[-5071.709956899599, 0]
2	[-131.7192807058773, -1]
2	[-131.2077881508737, -3]
3	[-201.84208241516143, 0]
3	[-131.7192807058773, -1]
3	[-131.2077881508737, -3]
4	[-201.84208241516143, 0]
4	[-127.68760201331311, -1]
5	[-127.5253999383561, 0]
5	[-98.7898789705307, -3]
6	[-127.5253999383561, 0]
6	[-125.20757085269491, -1]
6	[-98.7898789705307, -3]
7	[-127.5253999383561, 0]
7	[-107.95053002059193, -1]
7	[-98.7898789705307, -3]
8	[-127.5253999383561, 0]
8	[-107.95053002059193, -1]
8	[-98.7898789705307, -3]
9	[-107.44901414085786, 0]
9	[-98.7898789705307, -3]
