Generation:
300

Phenotype:
2
V1 = + gm([28, 10, 2.1]);
V2 = 5 * 3;
V2 = V2 - gm([43, 0, 6.2]);
V3 = V1;
V3 = V3 - uniform([3, 5], 1);

Pre-processed Program
:F = gm([1.000000], [10], [2.1]);T = 15;T = T;T = T - gm([1.000000], [0], [6.2]);C = F;C = C;C = C - uniform([3.000000, 8.000000], 1);Genotype:
[163, 313, 35, 276, 56, 52, 174, 258, 487, 88, 469, 9, 461, 432, 426, 326, 353, 326, 135, 360, 56, 313, 48, 3, 23, 172, 431, 104, 166, 247, 134, 51, 157, 159, 163, 102, 242, 374, 116, 176, 381, 87, 85, 54, 182, 283, 348, 178, 34, 379, 278, 218, 480, 269, 0, 152, 415, 337, 369, 97, 44, 227, 329, 312, 351, 101, 179, 395, 196, 168, 242, 212, 451, 68, 340, 202, 64, 473, 50, 281, 362, 313, 314, 305, 393, 143, 167, 451, 149, 486, 328, 325, 290, 141, 284, 240, 84, 475, 448, 425, 69, 208, 486, 191, 107, 332, 214, 317, 200, 110, 212, 258, 484, 445, 189, 185, 307, 292, 53, 92, 307, 419, 5, 414, 126, 366, 414, 168, 186, 469, 146, 340, 136, 468, 99, 390, 287, 456, 198, 473, 233, 159, 252, 143, 450, 419]
Tree:
None
Fitness on 5000 data:
-57.255790385770005

Fitness:
-57.255790385770005