Generation:
398

Phenotype:
38
V1 = gm([5.1e-0, -6.6e-0, 9.6e-2], [5.6e+2, +2.9e+0, 3.0e+0]);
V2 = -V1 * -V1;
V2 = V2 + uniform([-8.4e-0, 4.8e-2], 2);
V3 = +V1;
V3 = V3 + gm([1.4e-0, -8.2e-2, 4.4e+1], [5.9e+0, +8.0e-0, 0.5e-0], [2.3e+1, +6.4e+0, 3.1e-0], [1.0e+0, +6.1e-2, 9.8e+1], [5.9e+2, +1.4e+0, 4.5e+0], [7.4e+2, +5.1e-0, 1.6e+0], [9.6e-2, -5.6e+2, 0.2e-2]);
V4 = -V3 * -V2;
V4 = V4 + gm([7.6e-1, -8.4e-0, 4.8e-2]);
V5 = +V1;
V5 = V5 + gm([1.4e-0, -8.2e-2, 4.4e+1], [5.9e+0, +8.0e-0, 0.5e-0], [2.3e+1, +6.4e+0, 3.1e-0], [1.0e+0, +6.1e-2, 9.8e+1], [5.9e+2, +1.4e+0, 4.5e+0], [7.4e+2, +5.1e-0, 1.6e+0], [9.6e-2, -5.6e+2, 0.2e-2]);

Pre-processed Program
:C = gm([0.009025, 0.990975], [-6.6, 2.9], [0.096, 3]);TEMP0 = C * C;T = TEMP0;T = T + uniform([-8.400000, -8.352000], 2);F = C;F = F + gm([0.001028, 0.004334, 0.016894, 0.000735, 0.433379, 0.543560, 0.000071], [-0.082, 8, 6.4, 0.061, 1.4, 5.1, -560], [44, 0.5, 3.1, 98, 4.5, 1.6, 0.002]);TEMP1 = F * T;P = TEMP1;P = P + gm([1.000000], [-8.4], [0.048]);W = C;W = W + gm([0.001028, 0.004334, 0.016894, 0.000735, 0.433379, 0.543560, 0.000071], [-0.082, 8, 6.4, 0.061, 1.4, 5.1, -560], [44, 0.5, 3.1, 98, 4.5, 1.6, 0.002]);Genotype:
[158, 277, 194, 322, 155, 233, 452, 395, 231, 61, 246, 395, 171, 326, 26, 231, 384, 221, 269, 486, 465, 74, 452, 145, 125, 136, 178, 113, 383, 180, 182, 9, 8, 39, 266, 403, 160, 320, 189, 443, 296, 203, 106, 210, 297, 110, 288, 347, 266, 439, 316, 140, 39, 208, 74, 265, 303, 246, 364, 228, 445, 449, 185, 150, 20, 92, 376, 36, 466, 193, 381, 237, 41, 454, 213, 303, 192, 3, 58, 242, 415, 410, 335, 184, 44, 308, 61, 357, 62, 375, 219, 108, 192, 72, 256, 38, 280, 29, 123, 279, 480, 75, 311, 309, 33, 409, 2, 353, 8, 94, 456, 300, 366, 484, 202, 123, 251, 483, 481, 379, 456, 83, 261, 241, 410, 62, 234, 128, 340, 406, 41, 7, 17, 1, 499, 338, 48, 265, 367, 1, 355, 299, 494, 173, 360, 488, 161, 4, 88, 318, 154, 4, 265, 314, 390, 105]
Tree:
None
Fitness on 5000 data:
-17.184993101708862

Fitness:
-17.184993101708862