Generation:
1500

Phenotype:
38
V1 = gm([5.1e+0, -1.0e+0, 0.1e+0], [6.1e+2, +3.7e-0, 3.0e+0]);
V2 = -V1 * -V1;
V2 = V2 + uniform([-9.8e-0, 0.2e-1], 2);
V3 = +V1;
V3 = V3 + gm([9.7e-1, -8.5e+0, 3.6e-1], [2.9e+0, -4.3e-1, 5.6e+1], [7.9e+0, +8.2e+0, 1.2e+0], [0.4e+0, -3.6e-1, 0.3e-1], [4.5e-2, -7.0e-0, 2.6e+2], [7.8e+2, +5.1e+0, 1.1e+0], [0.1e+0, +6.1e+2, 4.3e-2]);
V4 = -V3 * -V2;
V4 = V4 + gm([1.7e-2, -9.8e-0, 0.2e-1], [6.4e+0, +5.6e-2, 3.7e-2]);
V5 = +1.8e-1;
V5 = V5 + gm([0.1e+1, +4.5e+0, 3.1e-0]);

Pre-processed Program
:C = gm([0.008291, 0.991709], [-1, 3.7], [0.1, 3]);TEMP0 = C * C;T = TEMP0;T = T + uniform([-9.800000, -9.780000], 2);F = C;F = F + gm([0.001224, 0.003660, 0.009971, 0.000505, 0.000057, 0.984457, 0.000126], [-8.5, -0.43, 8.2, -0.36, -7, 5.1, 610], [0.36, 56, 1.2, 0.03, 260, 1.1, 0.043]);TEMP1 = F * T;P = TEMP1;P = P + gm([0.002649, 0.997351], [-9.8, 0.056], [0.02, 0.037]);W = 0.18;W = W + gm([1.000000], [4.5], [3.1]);Genotype:
[390, 277, 448, 266, 329, 125, 106, 395, 361, 16, 33, 287, 391, 121, 40, 162, 66, 291, 150, 141, 480, 378, 56, 462, 216, 61, 324, 155, 229, 4, 363, 277, 377, 315, 204, 403, 200, 278, 321, 158, 338, 297, 124, 354, 89, 303, 90, 51, 157, 439, 500, 60, 187, 139, 388, 405, 303, 259, 430, 12, 367, 178, 108, 14, 306, 254, 376, 252, 98, 380, 405, 326, 469, 137, 187, 463, 417, 3, 98, 485, 430, 108, 183, 443, 316, 111, 328, 303, 118, 372, 159, 152, 90, 450, 191, 144, 253, 479, 358, 64, 475, 336, 234, 418, 3, 121, 397, 399, 40, 45, 171, 332, 408, 402, 158, 81, 428, 281, 352, 18, 168, 339, 40, 440, 124, 134, 138, 126, 81, 333, 266, 53, 244, 206, 90, 223, 57, 397, 369, 143, 464, 115, 253, 146, 412, 345, 37, 420, 331, 9, 289, 192, 246, 282, 437, 119]
Tree:
None
Fitness on 5000 data:
-15.901441028960203

Fitness:
-15.901441028960203