Generation:
1198

Phenotype:
38
V1 = gm([5.1e+0, -0.8e+0, 0.8e+0], [7.1e+2, +3.8e-0, 3.0e+0]);
V2 = -V1 * -V1;
V2 = V2 + uniform([-9.8e-0, 0.0e+2], 2);
V3 = +V1;
V3 = V3 + gm([3.6e-1, -0.6e+0, 4.6e-2], [2.8e+0, +8.1e-1, 1.4e-1], [1.9e-0, +2.2e-0, 1.3e+0], [3.8e+0, +3.8e-1, 8.3e+2], [5.2e-2, +0.3e-0, 2.5e+0], [7.5e+2, +5.1e+0, 1.0e+0], [0.8e+0, -7.1e+2, 8.3e+2]);
V4 = -V3 * -V2;
V4 = V4 + gm([1.3e-0, -9.8e-0, 0.0e+2], [8.4e+0, -5.6e-0, 6.6e-0]);
V5 = +3.9e-1;
V5 = V5 + gm([7.0e+2, +4.1e+0, 3.7e-0]);

Pre-processed Program
:C = gm([0.007132, 0.992868], [-0.8, 3.8], [0.8, 3]);TEMP0 = C * C;T = TEMP0;T = T + uniform([-9.800000, -9.800000], 2);F = C;F = F + gm([0.000474, 0.003686, 0.002501, 0.005002, 0.000068, 0.987216, 0.001053], [-0.6, 0.81, 2.2, 0.38, 0.3, 5.1, -710], [0.046, 0.14, 1.3, 830, 2.5, 1, 830]);TEMP1 = F * T;P = TEMP1;P = P + gm([0.134021, 0.865979], [-9.8, -5.6], [0, 6.6]);W = 0.39;W = W + gm([1.000000], [4.1], [3.7]);Genotype:
[291, 277, 175, 124, 155, 233, 360, 395, 361, 396, 129, 287, 391, 220, 98, 162, 66, 291, 150, 168, 342, 378, 376, 163, 217, 231, 96, 155, 99, 88, 363, 488, 377, 315, 204, 403, 200, 72, 321, 158, 210, 297, 124, 354, 213, 459, 8, 51, 313, 439, 447, 60, 241, 139, 388, 65, 303, 380, 430, 300, 218, 110, 108, 14, 438, 254, 376, 204, 8, 181, 405, 326, 33, 426, 115, 346, 66, 3, 300, 436, 478, 414, 421, 364, 316, 313, 329, 303, 130, 392, 428, 152, 369, 147, 400, 418, 11, 479, 358, 64, 131, 344, 135, 193, 333, 307, 51, 399, 63, 72, 485, 332, 172, 402, 15, 123, 306, 281, 453, 18, 456, 303, 149, 253, 148, 134, 138, 126, 134, 333, 408, 479, 280, 172, 478, 223, 70, 41, 67, 47, 355, 72, 253, 209, 412, 494, 80, 293, 331, 216, 404, 192, 265, 192, 390, 435]
Tree:
None
Fitness on 5000 data:
-15.994800256175234

Fitness:
-15.994800256175234