Generation:
798

Phenotype:
38
V1 = gm([5.1e+0, -0.8e+1, 2.8e-1], [7.2e+2, +3.9e+0, 3.0e+0]);
V2 = -V1 * -V1;
V2 = V2 + uniform([-9.8e+0, 0.0e-1], 2);
V3 = +V1;
V3 = V3 + gm([7.6e-1, -8.3e+0, 3.2e-0], [2.4e+1, +2.8e+0, 6.5e-1], [2.9e+1, +1.6e-0, 1.3e+0], [3.3e+0, +8.8e+1, 8.7e-0], [5.6e+2, -1.0e-0, 2.5e+0], [7.2e+2, +5.1e+0, 1.0e+0], [2.8e-1, -7.2e+2, 0.3e-1]);
V4 = -V3 * -V2;
V4 = V4 + gm([1.2e-0, -9.8e+0, 0.0e-1]);
V5 = +V1;
V5 = V5 + gm([7.6e-1, -8.3e+0, 3.2e-0], [2.4e+1, +2.8e+0, 6.5e-1], [2.9e+1, +1.6e-0, 1.3e+0], [3.3e+0, +8.8e+1, 8.7e-0], [5.6e+2, -1.0e-0, 2.5e+0], [7.2e+2, +5.1e+0, 1.0e+0], [2.8e-1, -7.2e+2, 0.3e-1]);

Pre-processed Program
:C = gm([0.007034, 0.992966], [-8, 3.9], [0.28, 3]);TEMP0 = C * C;T = TEMP0;T = T + uniform([-9.800000, -9.800000], 2);F = C;F = F + gm([0.000568, 0.017946, 0.021685, 0.002468, 0.418742, 0.538382, 0.000209], [-8.3, 2.8, 1.6, 88, -1, 5.1, -720], [3.2, 0.65, 1.3, 8.7, 2.5, 1, 0.03]);TEMP1 = F * T;P = TEMP1;P = P + gm([1.000000], [-9.8], [0]);W = C;W = W + gm([0.000568, 0.017946, 0.021685, 0.002468, 0.418742, 0.538382, 0.000209], [-8.3, 2.8, 1.6, 88, -1, 5.1, -720], [3.2, 0.65, 1.3, 8.7, 2.5, 1, 0.03]);Genotype:
[147, 277, 42, 124, 155, 233, 360, 395, 361, 76, 348, 395, 171, 220, 468, 162, 232, 224, 132, 298, 465, 466, 286, 61, 217, 462, 96, 113, 99, 180, 363, 9, 298, 39, 250, 403, 410, 222, 321, 158, 210, 171, 106, 182, 297, 398, 8, 51, 312, 439, 447, 314, 347, 139, 388, 256, 303, 246, 430, 300, 67, 340, 108, 150, 288, 92, 376, 204, 466, 181, 103, 468, 267, 426, 115, 346, 276, 3, 58, 3, 432, 393, 57, 213, 272, 495, 195, 477, 140, 2, 464, 152, 37, 129, 400, 122, 398, 12, 123, 418, 236, 185, 135, 193, 469, 128, 2, 399, 358, 340, 402, 332, 191, 376, 457, 123, 306, 281, 453, 44, 456, 303, 149, 253, 3, 134, 453, 396, 232, 278, 408, 196, 130, 235, 478, 457, 279, 315, 367, 36, 355, 386, 494, 8, 269, 55, 161, 80, 131, 468, 404, 192, 265, 110, 390, 11]
Tree:
None
Fitness on 5000 data:
-16.827693191862426

Fitness:
-16.827693191862426