0	[-985.0507479652142, 0]
0	[-189.9632733862218, -2]
1	[-243.9622482621546, 0]
1	[-170.66829448626063, -2]
2	[-164.35478137856464, 0]
2	[-131.41602331360735, -2]
3	[-148.80944485919437, 0]
3	[-131.41602331360735, -2]
4	[-136.6628036948462, 0]
4	[-126.23985641276731, -1]
4	[-125.61170025021114, -2]
5	[-136.6628036948462, 0]
5	[-118.49283166856185, -1]
5	[-115.55364018481599, -3]
6	[-129.19133002305935, 0]
6	[-110.26798408973036, -1]
7	[-129.19133002305935, 0]
7	[-110.26798408973036, -1]
8	[-129.19133002305935, 0]
8	[-102.32942308851649, -1]
9	[-128.2776609835607, 0]
9	[-102.32942308851649, -1]
10	[-128.2776609835607, 0]
10	[-128.2776609835607, 0]
10	[-101.35613664152673, -1]
11	[-125.39237784772175, 0]
11	[-101.35613664152673, -1]
12	[-125.39237784772175, 0]
12	[-101.35613664152673, -1]
13	[-125.39237784772175, 0]
13	[-101.35613664152673, -1]
14	[-113.76885402621997, 0]
14	[-101.35613664152673, -1]
15	[-113.76885402621997, 0]
15	[-101.35613664152673, -1]
16	[-113.76885402621997, 0]
16	[-101.35613664152673, -1]
17	[-113.76885402621997, 0]
17	[-99.90274952739134, -1]
18	[-113.76885402621997, 0]
18	[-99.90274952739134, -1]
19	[-113.76885402621997, 0]
19	[-99.90274952739134, -1]
20	[-113.76885402621997, 0]
20	[-97.10022677117914, -1]
21	[-113.76885402621997, 0]
21	[-113.76885402621997, 0]
21	[-97.10022677117914, -1]
22	[-112.97732785567204, 0]
22	[-97.10022677117914, -1]
23	[-112.97732785567204, 0]
23	[-97.10022677117914, -1]
24	[-111.11885591330895, 0]
24	[-97.10022677117914, -1]
25	[-111.11885591330895, 0]
25	[-92.17410487815481, -1]
26	[-111.11885591330895, 0]
26	[-89.1900280887521, -1]
27	[-106.39401172633617, 0]
27	[-89.1900280887521, -1]
28	[-106.39401172633617, 0]
28	[-89.1900280887521, -1]
29	[-105.46164706505631, 0]
29	[-89.1900280887521, -1]
30	[-105.46164706505631, 0]
30	[-89.1900280887521, -1]
31	[-105.46164706505631, 0]
31	[-87.64721663111689, -1]
32	[-105.46164706505631, 0]
32	[-86.6620391638409, -1]
33	[-105.46164706505631, 0]
33	[-86.6620391638409, -1]
34	[-105.46164706505631, 0]
34	[-86.6620391638409, -1]
35	[-101.41956797554217, 0]
35	[-85.17223344612218, -1]
36	[-101.41956797554217, 0]
36	[-78.19448345403957, -1]
37	[-101.41956797554217, 0]
37	[-78.19448345403957, -1]
38	[-101.41956797554217, 0]
38	[-78.19448345403957, -1]
39	[-101.41956797554217, 0]
39	[-78.19448345403957, -1]
40	[-101.41956797554217, 0]
40	[-78.19448345403957, -1]
41	[-101.41956797554217, 0]
41	[-78.19448345403957, -1]
