Generation:
798

Phenotype:
3
V1 = uniform([+2.2e0, 5.6e0], 2);
V2 = -5.8e1;
V2 = V2 + uniform([+6.4e1, 7.7e0], 2);
V3 = +V2;
V3 = V3 + gm([5.9e1, -0.0e0, 1.0e0]);

Pre-processed Program
:C = uniform([2.200000, 7.800000], 2);F = 0;F = F - 58;F = F + uniform([64.000000, 71.700000], 2);T = F;T = T + gm([1.000000], [0], [1]);Genotype:
[40, 92, 119, 483, 491, 230, 324, 132, 52, 454, 181, 265, 446, 14, 321, 56, 106, 291, 322, 79, 275, 318, 157, 489, 90, 399, 430, 226, 244, 279, 196, 377, 387, 26, 154, 24, 22, 30, 334, 215, 224, 23, 354, 438, 315, 229, 295, 302, 381, 180, 390, 390, 402, 301, 100, 476, 251, 265, 345, 130, 81, 221, 285, 210, 245, 282, 15, 376, 262, 210, 467, 229, 55, 186, 153, 101, 304, 148, 59, 181, 64, 273, 472, 141, 474, 23, 52, 168, 207, 425, 495, 299, 106, 259, 317, 297, 73, 264, 29, 12]
Tree:
None
Fitness on 5000 data:
-41.75398405743484

Fitness:
-41.75398405743484