Generation:
398

Phenotype:
3
V1 = uniform([+0.2e1, 6.0e0], 2);
V2 = -5.8e1;
V2 = V2 + uniform([+6.3e1, 9.0e0], 2);
V3 = +V2;
V3 = V3 + gm([2.2e1, +0.0e0, 1.0e0]);

Pre-processed Program
:C = uniform([2.000000, 8.000000], 2);F = 0;F = F - 58;F = F + uniform([63.000000, 72.000000], 2);T = F;T = T + gm([1.000000], [0], [1]);Genotype:
[98, 92, 394, 233, 353, 307, 324, 230, 382, 257, 444, 6, 270, 338, 0, 392, 150, 33, 15, 153, 465, 318, 437, 367, 300, 205, 430, 36, 93, 321, 196, 399, 280, 476, 446, 136, 300, 264, 222, 277, 224, 446, 410, 333, 342, 52, 481, 122, 122, 180, 390, 390, 369, 101, 380, 476, 251, 265, 345, 130, 81, 221, 285, 210, 245, 282, 15, 376, 262, 210, 467, 229, 55, 186, 153, 101, 304, 148, 59, 181, 64, 273, 472, 141, 474, 23, 52, 168, 207, 425, 495, 299, 106, 259, 317, 297, 73, 264, 29, 12]
Tree:
None
Fitness on 5000 data:
-42.13653671969684

Fitness:
-42.13653671969684