Generation:
1500

Phenotype:
3
V1 = gm([8.5e0, +5.0e0, 1.1e0]);
V2 = +V1;
V2 = V2 + uniform([+2.9e0, 4.2e0], 2);
V3 = -3.1e0;
V3 = V3 + uniform([+7.5e0, 2.0e1], 2);

Pre-processed Program
:C = gm([1.000000], [5], [1.1]);F = C;F = F + uniform([2.900000, 7.100000], 2);T = 0;T = T - 3.1;T = T + uniform([7.500000, 27.500000], 2);Genotype:
[40, 170, 488, 486, 273, 410, 290, 18, 305, 302, 253, 412, 95, 220, 470, 391, 51, 351, 438, 23, 222, 316, 184, 390, 18, 171, 210, 404, 98, 432, 499, 192, 211, 164, 472, 228, 464, 480, 414, 491, 403, 217, 23, 151, 28, 463, 133, 259, 348, 397, 295, 254, 402, 12, 100, 467, 465, 418, 205, 4, 221, 119, 420, 220, 291, 238, 150, 416, 2, 89, 353, 293, 232, 275, 34, 331, 397, 7, 342, 22, 408, 46, 65, 201, 196, 306, 89, 375, 112, 333, 280, 55, 15, 443, 20, 201, 207, 417, 144, 87]
Tree:
None
Fitness on 5000 data:
-6.043192879035685

Fitness:
-6.043192879035685