Generation:
398

Phenotype:
3
V1 = gm([8.2e0, +5.0e0, 0.1e1]);
V2 = +V1;
V2 = V2 + uniform([+2.9e0, 4.2e0], 2);
V3 = -4.1e0;
V3 = V3 + uniform([+7.3e0, 2.2e1], 2);

Pre-processed Program
:C = gm([1.000000], [5], [1]);F = C;F = F + uniform([2.900000, 7.100000], 2);T = 0;T = T - 4.1;T = T + uniform([7.300000, 29.300000], 2);Genotype:
[40, 170, 238, 460, 345, 410, 290, 18, 52, 188, 370, 412, 95, 40, 376, 460, 30, 351, 195, 254, 222, 316, 184, 390, 385, 365, 289, 64, 126, 432, 499, 222, 493, 164, 472, 228, 464, 414, 414, 309, 490, 217, 54, 151, 28, 359, 98, 288, 94, 397, 243, 116, 402, 12, 112, 467, 465, 418, 205, 4, 221, 119, 420, 220, 291, 238, 150, 416, 2, 89, 353, 293, 232, 275, 34, 331, 397, 7, 342, 22, 408, 46, 65, 201, 196, 306, 89, 375, 112, 333, 280, 55, 15, 443, 20, 201, 207, 417, 144, 87]
Tree:
None
Fitness on 5000 data:
-6.095112170133376

Fitness:
-6.095112170133376