Generation:
798

Phenotype:
6
V1 = gm([7.7e0, +1.4e1, 4.9e0]);
V2 = uniform([+0.1e0, 9.9e0], 2);
V3 = gm([2.9e1, +9.9e0, 2.0e0], [1.2e0, +1.0e1, 0.9e0]);

Pre-processed Program
:T = gm([1.000000], [14], [4.9]);W = uniform([0.100000, 10.000000], 2);F = gm([0.960265, 0.039735], [9.9, 10], [2, 0.9]);Genotype:
[450, 329, 6, 416, 126, 483, 307, 17, 198, 106, 268, 391, 354, 39, 258, 334, 379, 112, 271, 189, 379, 332, 90, 211, 48, 204, 69, 389, 84, 448, 178, 355, 357, 242, 239, 223, 375, 166, 149, 29, 80, 298, 22, 440, 474, 226, 297, 451, 312, 310, 294, 362, 381, 40, 77, 107, 310, 29, 52, 350, 202, 440, 293, 414, 75, 252, 38, 79, 79, 177, 128, 178, 254, 119, 466, 213, 92, 240, 117, 404, 124, 246, 26, 208, 291, 214, 158, 29, 86, 259, 438, 300, 158, 337, 150, 332, 58, 98, 301, 492, 228, 392, 224, 436, 427, 285, 495, 368, 462, 149, 433, 394, 196, 463, 374, 79, 29, 494, 203, 366, 386, 302, 94, 450, 443]
Tree:
None
Fitness on 5000 data:
-58.14690262724549

Fitness:
-58.14690262724549