Generation:
1500

Phenotype:
6
V1 = gm([4.6e1, +1.4e1, 5.1e0]);
V2 = uniform([+0.1e0, 9.9e0], 2);
V3 = gm([8.7e1, +9.8e0, 2.0e0], [2.7e0, +1.2e1, 0.3e0]);

Pre-processed Program
:T = gm([1.000000], [14], [5.1]);W = uniform([0.100000, 10.000000], 2);F = gm([0.969900, 0.030100], [9.8, 12], [2, 0.3]);Genotype:
[433, 329, 6, 50, 126, 149, 104, 356, 447, 120, 324, 391, 454, 39, 118, 405, 451, 190, 271, 335, 0, 332, 90, 481, 48, 255, 69, 419, 52, 282, 68, 355, 487, 298, 177, 61, 196, 50, 149, 48, 80, 16, 22, 440, 474, 226, 494, 142, 87, 310, 284, 112, 381, 162, 447, 103, 310, 133, 258, 350, 202, 440, 293, 414, 75, 252, 38, 79, 79, 177, 128, 178, 254, 119, 466, 213, 92, 240, 117, 404, 124, 246, 26, 208, 291, 214, 158, 29, 86, 259, 438, 300, 158, 337, 150, 332, 58, 98, 301, 492, 228, 392, 224, 436, 427, 285, 495, 368, 462, 149, 433, 394, 196, 463, 374, 79, 29, 494, 203, 366, 386, 302, 94, 450, 443]
Tree:
None
Fitness on 5000 data:
-58.115952948418155

Fitness:
-58.115952948418155