Generation:
398

Phenotype:
6
V1 = gm([4.3e0, +1.4e1, 4.9e0]);
V2 = uniform([+0.1e0, 9.9e0], 2);
V3 = gm([6.8e1, +9.9e0, 2.0e0], [0.5e0, +6.0e0, 1.0e0]);

Pre-processed Program
:T = gm([1.000000], [14], [4.9]);W = uniform([0.100000, 10.000000], 2);F = gm([0.992701, 0.007299], [9.9, 6], [2, 1]);Genotype:
[22, 215, 232, 47, 126, 204, 404, 33, 100, 376, 268, 371, 354, 33, 422, 334, 179, 412, 269, 320, 66, 332, 90, 211, 284, 433, 69, 389, 330, 118, 100, 355, 324, 26, 248, 5, 309, 166, 149, 269, 80, 302, 22, 440, 300, 226, 68, 210, 475, 310, 116, 362, 126, 40, 450, 439, 51, 180, 438, 350, 202, 440, 293, 414, 75, 252, 38, 79, 79, 177, 128, 178, 254, 119, 466, 213, 92, 240, 117, 404, 124, 246, 26, 208, 291, 214, 158, 29, 86, 259, 438, 300, 158, 337, 150, 332, 58, 98, 301, 492, 228, 392, 224, 436, 427, 285, 495, 368, 462, 149, 433, 394, 196, 463, 374, 79, 29, 494, 203, 366, 386, 302, 94, 450, 443]
Tree:
None
Fitness on 5000 data:
-58.14824928593736

Fitness:
-58.14824928593736