Generation:
398

Phenotype:
3
V1 = gm([0.9e0, +2.0e0, 2.5e0], [6.5e0, +0.7e0, 0.7e0], [6.6e1, +8.8e0, 3.5e0], [1.1e0, -1.2e1, 9.8e0]);
V2 = gm([8.1e1, +9.8e0, 2.0e0]);
V3 = gm([5.6e0, +1.4e0, 8.3e0], [1.0e0, -0.0e0, 0.3e1], [2.7e1, +9.9e1, 9.9e1], [8.6e0, +1.9e1, 9.8e0]);

Pre-processed Program
:T = gm([0.012081, 0.087248, 0.885906, 0.014765], [2, 0.7, 8.8, -12], [2.5, 0.7, 3.5, 9.8]);F = gm([1.000000], [9.8], [2]);P = gm([0.132701, 0.023697, 0.639810, 0.203791], [1.4, 0, 99, 19], [8.3, 3, 99, 9.8]);Genotype:
[406, 182, 228, 81, 79, 97, 490, 89, 298, 230, 284, 362, 30, 122, 238, 112, 475, 188, 355, 226, 6, 345, 118, 471, 104, 140, 7, 98, 303, 480, 477, 52, 21, 20, 436, 366, 37, 100, 60, 328, 238, 360, 413, 93, 245, 156, 272, 417, 91, 351, 218, 429, 129, 31, 232, 249, 329, 429, 278, 68, 98, 326]
Tree:
None
Fitness on 5000 data:
-86.28294749441129

Fitness:
-86.28294749441129