Generation:
1500

Phenotype:
3
V1 = gm([0.9e0, +2.0e0, 1.5e0], [8.8e0, +0.7e0, 0.9e0], [8.8e1, +9.5e0, 3.5e0], [1.0e0, -1.0e1, 1.6e1]);
V2 = gm([4.1e1, +9.8e0, 2.0e0]);
V3 = gm([5.0e0, +2.0e0, 6.2e0], [1.5e0, -0.6e1, 0.5e1], [2.7e1, +9.9e1, 9.9e1], [8.9e0, +1.9e1, 9.8e0]);

Pre-processed Program
:T = gm([0.009119, 0.089159, 0.891591, 0.010132], [2, 0.7, 9.5, -10], [1.5, 0.9, 3.5, 16]);F = gm([1.000000], [9.8], [2]);P = gm([0.117925, 0.035377, 0.636792, 0.209906], [2, -6, 99, 19], [6.2, 5, 99, 9.8]);Genotype:
[292, 14, 34, 81, 299, 213, 490, 279, 308, 150, 42, 142, 30, 400, 238, 251, 145, 108, 385, 120, 248, 68, 338, 12, 340, 270, 427, 266, 492, 480, 259, 78, 21, 175, 468, 58, 369, 100, 326, 79, 285, 460, 265, 93, 465, 138, 272, 477, 91, 270, 432, 459, 29, 121, 70, 249, 329, 121, 26, 259, 98, 299]
Tree:
None
Fitness on 5000 data:
-86.05843255238825

Fitness:
-86.05843255238825