Generation:
798

Phenotype:
3
V1 = gm([0.9e0, +2.0e0, 0.5e0], [6.6e0, +0.7e0, 0.7e0], [8.4e1, +9.5e0, 3.5e0], [1.0e0, -1.4e1, 3.1e1]);
V2 = gm([4.1e1, +9.8e0, 2.0e0]);
V3 = gm([5.0e0, +2.0e0, 6.1e0], [1.5e0, -0.6e1, 0.7e1], [2.7e1, +9.9e1, 9.9e1], [8.9e0, +1.9e1, 9.8e0], [0.2e0, -8.5e0, 6.8e0]);

Pre-processed Program
:T = gm([0.009730, 0.071351, 0.908108, 0.010811], [2, 0.7, 9.5, -14], [0.5, 0.7, 3.5, 31]);F = gm([1.000000], [9.8], [2]);P = gm([0.117371, 0.035211, 0.633803, 0.208920, 0.004695], [2, -6, 99, 19, -8.5], [6.1, 7, 99, 9.8, 6.8]);Genotype:
[406, 182, 34, 81, 79, 453, 490, 89, 308, 302, 250, 142, 30, 122, 238, 410, 145, 108, 385, 120, 6, 486, 118, 12, 340, 140, 7, 266, 381, 480, 477, 144, 21, 175, 468, 484, 37, 100, 326, 79, 285, 460, 337, 93, 285, 278, 272, 477, 91, 270, 218, 429, 129, 31, 364, 249, 329, 483, 11, 143, 98, 299]
Tree:
None
Fitness on 5000 data:
-86.09511547811454

Fitness:
-86.09511547811454