Generation:
1198

Phenotype:
3
V1 = gm([0.9e0, +2.0e0, 0.5e0], [8.6e0, +0.7e0, 0.9e0], [8.6e1, +9.5e0, 3.5e0], [1.0e0, -1.0e1, 3.1e1]);
V2 = gm([4.1e1, +9.8e0, 2.0e0]);
V3 = gm([5.0e0, +2.0e0, 6.4e0], [1.5e0, -0.6e1, 0.5e1], [2.7e1, +9.9e1, 9.9e1], [8.9e0, +1.9e1, 9.8e0], [0.0e0, -8.5e0, 6.8e0]);

Pre-processed Program
:T = gm([0.009326, 0.089119, 0.891192, 0.010363], [2, 0.7, 9.5, -10], [0.5, 0.9, 3.5, 31]);F = gm([1.000000], [9.8], [2]);P = gm([0.117925, 0.035377, 0.636792, 0.209906, 0.000000], [2, -6, 99, 19, -8.5], [6.4, 5, 99, 9.8, 6.8]);Genotype:
[292, 14, 34, 81, 299, 453, 490, 279, 308, 150, 42, 142, 30, 400, 238, 410, 145, 108, 385, 120, 58, 486, 338, 12, 340, 270, 427, 266, 464, 480, 259, 144, 21, 175, 468, 486, 369, 100, 326, 79, 285, 460, 265, 93, 465, 278, 272, 477, 91, 270, 432, 459, 29, 121, 360, 249, 329, 483, 11, 143, 98, 299]
Tree:
None
Fitness on 5000 data:
-86.06473605845007

Fitness:
-86.06473605845007