Generation:
300

Phenotype:
2
V1 = + gm([37.8, 9.9, 3], [0, 48, 38.7]);
V2 = V1;
V2 = V2 + gm([7.6, 6, 5]);
V3 = 21;
V3 = V3 - gm([14, 16, 2]);

Pre-processed Program
:F = gm([1.000000, 0.000000], [9.9, 48], [3, 38.7]);T = F;T = T;T = T + gm([1.000000], [6], [5]);C = 21;C = C;C = C - gm([1.000000], [16], [2]);Genotype:
[285, 67, 259, 58, 294, 39, 319, 235, 37, 484, 213, 162, 98, 488, 54, 402, 228, 357, 246, 99, 15, 395, 123, 124, 196, 196, 126, 320, 190, 378, 75, 412, 139, 466, 158, 60, 57, 4, 362, 300, 300, 40, 61, 182, 429, 385, 122, 346, 120, 232, 218, 374, 67, 174, 206, 131, 146, 273, 134, 378, 182, 65, 262, 354, 383, 57, 386, 423, 228, 460, 308, 146, 346, 195, 93, 334, 125, 58, 100, 473, 58, 227, 493, 32, 297, 397, 488, 390, 39, 196, 344, 242, 476, 33, 356, 290, 358, 449, 265]
Tree:
None
Fitness on 5000 data:
-54.800741229835054

Fitness:
[-54.800741229835054, -1]