Generation:
300

Phenotype:
2
V1 = + gm([11.8, 9.9, 3], [0, 3, 10.9]);
V2 = V1;
V2 = V2 + gm([16.4, 6, 5]);
V3 = 21;
V3 = V3 - gm([43, 16, 2]);

Pre-processed Program
:F = gm([1.000000, 0.000000], [9.9, 3], [3, 10.9]);T = F;T = T;T = T + gm([1.000000], [6], [5]);C = 21;C = C;C = C - gm([1.000000], [16], [2]);Genotype:
[83, 67, 362, 58, 294, 39, 319, 235, 266, 484, 213, 162, 98, 488, 54, 402, 228, 357, 330, 105, 15, 163, 449, 124, 196, 196, 492, 320, 210, 30, 75, 412, 139, 16, 30, 268, 57, 4, 362, 126, 300, 500, 61, 182, 429, 385, 122, 116, 200, 366, 94, 374, 67, 174, 206, 131, 146, 273, 134, 378, 182, 65, 262, 354, 383, 57, 386, 423, 228, 460, 308, 146, 346, 195, 93, 334, 125, 58, 100, 473, 58, 227, 493, 32, 297, 397, 488, 390, 39, 196, 344, 242, 476, 33, 356, 290, 358, 449, 265]
Tree:
None
Fitness on 5000 data:
-54.800741229835054

Fitness:
[-54.800741229835054, -1]