0	[-187.6738726808444, -1]
1	[-183.08967888115558, -1]
1	[-168.26966630947305, -2]
2	[-5071.724539681869, 0]
2	[-131.71743958185868, -1]
2	[-131.12171971428222, -3]
3	[-201.84285427922606, 0]
3	[-131.71743958185868, -1]
3	[-131.12171971428222, -3]
4	[-201.84285427922606, 0]
4	[-127.70084452376358, -1]
5	[-127.56402967421472, 0]
5	[-98.78261911575223, -3]
6	[-127.56402967421472, 0]
6	[-125.21650888517982, -1]
6	[-98.78261911575223, -3]
7	[-121.83990786822935, 0]
7	[-98.78261911575223, -3]
8	[-121.83990786822935, 0]
8	[-111.29776907519268, -2]
8	[-94.9649062096326, -3]
9	[-121.83990786822935, 0]
9	[-106.90733727190394, -1]
9	[-102.5800001601472, -2]
9	[-94.9649062096326, -3]
10	[-121.83990786822935, 0]
10	[-102.0332166071264, -1]
10	[-92.09325612297889, -2]
11	[-121.83990786822935, 0]
11	[-102.0332166071264, -1]
11	[-92.09325612297889, -2]
12	[-110.79419027546732, 0]
12	[-99.95765751960295, -1]
12	[-92.04172562453944, -2]
13	[-108.4707519634949, 0]
13	[-99.95765751960295, -1]
13	[-92.04172562453944, -2]
14	[-108.4707519634949, 0]
14	[-99.95765751960295, -1]
14	[-92.04172562453944, -2]
15	[-108.4707519634949, 0]
15	[-96.12985939302499, -1]
15	[-84.29687810771885, -2]
16	[-108.4707519634949, 0]
16	[-96.12985939302499, -1]
16	[-84.29687810771885, -2]
17	[-108.4707519634949, 0]
17	[-79.6261459245947, -1]
18	[-107.51598471973662, 0]
18	[-79.6261459245947, -1]
19	[-102.62068723626115, 0]
19	[-79.6261459245947, -1]
20	[-102.62068723626115, 0]
20	[-79.59286782921458, -1]
20	[-79.09768512650183, -2]
21	[-102.30009589602088, 0]
21	[-79.59286782921458, -1]
21	[-79.0693146881608, -2]
22	[-97.46892629694534, 0]
22	[-79.12438036944503, -1]
22	[-79.00731904211204, -2]
23	[-86.31482366346198, 0]
23	[-77.83044502014462, -1]
24	[-83.25844371227657, 0]
24	[-77.83044502014462, -1]
25	[-83.25844371227657, 0]
25	[-77.83044502014462, -1]
26	[-83.25844371227657, 0]
26	[-77.83044502014462, -1]
27	[-83.25844371227657, 0]
27	[-77.83044502014462, -1]
28	[-83.25844371227657, 0]
28	[-77.83044502014462, -1]
29	[-83.25844371227657, 0]
29	[-77.83044502014462, -1]
30	[-83.25844371227657, 0]
30	[-77.83044502014462, -1]
31	[-83.25844371227657, 0]
31	[-77.83044502014462, -1]
32	[-83.25844371227657, 0]
32	[-77.83044502014462, -1]
33	[-83.25844371227657, 0]
33	[-77.83044502014462, -1]
34	[-83.25844371227657, 0]
34	[-77.83044502014462, -1]
35	[-83.25844371227657, 0]
35	[-74.85491296868894, -1]
36	[-83.25844371227657, 0]
36	[-74.85491296868894, -1]
37	[-83.25844371227657, 0]
37	[-73.58386320222581, -1]
38	[-81.60152854468011, 0]
38	[-72.86347363139414, -1]
39	[-79.06573703497719, 0]
39	[-72.86347363139414, -1]
40	[-79.06573703497719, 0]
40	[-72.86347363139414, -1]
41	[-79.06573703497719, 0]
41	[-72.86347363139414, -1]
42	[-79.06573703497719, 0]
42	[-72.86347363139414, -1]
43	[-79.06573703497719, 0]
43	[-72.43907217522818, -1]
44	[-79.06573703497719, 0]
44	[-70.57791163846798, -1]
45	[-78.95323828809107, 0]
45	[-70.57791163846798, -1]
46	[-78.95323828809107, 0]
46	[-70.57791163846798, -1]
47	[-78.95323828809107, 0]
47	[-70.57791163846798, -1]
48	[-78.95323828809107, 0]
48	[-70.57791163846798, -1]
48	[-70.57791163846798, -1]
49	[-78.95323828809107, 0]
49	[-70.57791163846798, -1]
49	[-70.57791163846798, -1]
50	[-78.95323828809107, 0]
50	[-70.57791163846798, -1]
50	[-70.57791163846798, -1]
51	[-78.34365193311112, 0]
51	[-70.57791163846798, -1]
51	[-70.57791163846798, -1]
52	[-78.34365193311112, 0]
52	[-70.50257463836013, -1]
53	[-78.34365193311112, 0]
53	[-70.50257463836013, -1]
54	[-78.34365193311112, 0]
54	[-70.50257463836013, -1]
55	[-78.34365193311112, 0]
55	[-70.50257463836013, -1]
56	[-78.34365193311112, 0]
56	[-70.50257463836013, -1]
57	[-78.34365193311112, 0]
57	[-70.50257463836013, -1]
58	[-76.2075005413538, 0]
58	[-70.50257463836013, -1]
59	[-76.2075005413538, 0]
59	[-70.50257463836013, -1]
60	[-76.2075005413538, 0]
60	[-66.23327086530033, -1]
61	[-76.2075005413538, 0]
61	[-66.23327086530033, -1]
62	[-76.2075005413538, 0]
62	[-66.23327086530033, -1]
63	[-74.61604710547711, 0]
63	[-66.23327086530033, -1]
