Generation:
300

Phenotype:
4
V1 = gm([31, 13, 7], [18, 6, 4]);
V2 = 16.1;
V2 = V2 + 16 * gm([15.8, 8, 20], [49.1, 0, 0.9], [46.3, 15.9, 12.3], [37, 17.6, 8]);
V3 = 8.5;
V3 = V3 + gm([33.5, 2, 4]);

Pre-processed Program
:T = gm([0.632653, 0.367347], [13, 6], [7, 4]);P = 16.1;P = P;P = P + 16 * gm([0.106613, 0.331309, 0.312416, 0.249663], [8, 0, 15.9, 17.6], [20, 0.9, 12.3, 8]);F = 8.5;F = F;F = F + gm([1.000000], [2], [4]);Genotype:
[282, 21, 180, 230, 371, 22, 294, 97, 52, 133, 392, 166, 494, 7, 326, 356, 120, 438, 159, 480, 412, 328, 266, 180, 87, 381, 424, 351, 284, 460, 282, 16, 100, 218, 343, 171, 117, 169, 304, 314, 480, 224, 467, 117, 355, 171, 380, 204, 439, 306, 89, 333, 329, 454, 65, 39, 372, 368, 261, 369, 191, 460, 164, 496, 179, 476, 14, 434, 365, 110, 356, 122, 477, 499, 110, 355, 350, 343, 64, 459, 382, 429, 237, 319, 236, 359, 258, 310, 460, 266, 273, 167, 197, 180, 259, 201, 324, 480, 301, 126]
Tree:
None
Fitness on 5000 data:
-93.71911356674842

Fitness:
[-93.7774718644523, 0]