Generation:
398

Phenotype:
2
V1 = gm([6.3e1, +9.9e0, 0.2e1]);
V2 = gm([6.0e0, +9.8e0, 2.9e0]);
V3 = gm([7.6e1, +5.0e0, 1.5e0]);

Pre-processed Program
:F = gm([1.000000], [9.9], [2]);T = gm([1.000000], [9.8], [2.9]);C = gm([1.000000], [5], [1.5]);Genotype:
[406, 7, 200, 493, 162, 413, 236, 393, 263, 144, 412, 339, 409, 126, 56, 390, 422, 475, 288, 421, 76, 260, 496, 240, 336, 198, 74, 329, 348, 48, 440, 2, 89, 22, 54, 187, 138, 103, 427, 456, 111, 493, 370, 225, 120, 8, 417, 381, 225, 430, 123, 112, 383, 3, 485, 225, 456, 25, 21, 29, 366, 121, 416, 23, 446, 205, 192, 392, 362, 365, 116, 150, 317, 322, 380, 74, 326, 270, 105, 89, 459, 167, 484, 463, 468, 6, 306, 154, 472, 35, 130, 176, 226, 157, 188, 108, 475, 275, 68, 443, 473, 16, 368, 172, 43, 315, 50, 471, 478, 71]
Tree:
None
Fitness on 5000 data:
-50.04075210497313

Fitness:
-50.04075210497313