Generation:
798

Phenotype:
2
V1 = gm([8.5e1, +9.9e0, 0.2e1]);
V2 = gm([9.9e0, +9.8e0, 3.0e0]);
V3 = gm([7.6e0, +5.0e0, 1.5e0]);

Pre-processed Program
:F = gm([1.000000], [9.9], [2]);T = gm([1.000000], [9.8], [3]);C = gm([1.000000], [5], [1.5]);Genotype:
[465, 145, 200, 93, 162, 79, 428, 305, 263, 63, 412, 339, 409, 412, 35, 390, 422, 475, 358, 352, 76, 346, 169, 409, 382, 378, 208, 39, 78, 82, 440, 133, 500, 278, 250, 225, 408, 103, 427, 456, 408, 223, 370, 225, 120, 346, 5, 381, 25, 430, 123, 112, 383, 3, 485, 225, 456, 25, 21, 29, 366, 121, 416, 23, 446, 205, 192, 392, 362, 365, 116, 150, 317, 322, 380, 74, 326, 270, 105, 89, 459, 167, 484, 463, 468, 6, 306, 154, 472, 35, 130, 176, 226, 157, 188, 108, 475, 275, 68, 443, 473, 16, 368, 172, 43, 315, 50, 471, 478, 71]
Tree:
None
Fitness on 5000 data:
-50.02328715779456

Fitness:
-50.02328715779456