0	[-187.71143397728386, -1]
1	[-183.09398561726067, -1]
1	[-168.26692353373295, -2]
2	[-201.7354126365318, 0]
2	[-183.09398561726067, -1]
2	[-128.98274651400365, -2]
3	[-201.7354126365318, 0]
3	[-160.5209135740366, -1]
3	[-128.98274651400365, -2]
4	[-179.1899809571508, 0]
4	[-160.5209135740366, -1]
4	[-121.85999009166159, -2]
5	[-179.1899809571508, 0]
5	[-157.09913695873985, -1]
5	[-121.85999009166159, -2]
5	[-106.47940362921928, -3]
6	[-179.1899809571508, 0]
6	[-157.09913695873985, -1]
6	[-121.85999009166159, -2]
6	[-106.47940362921928, -3]
7	[-166.5974915489479, 0]
7	[-155.7821907040227, -1]
7	[-120.54685596973353, -2]
7	[-106.47940362921928, -3]
8	[-166.5974915489479, 0]
8	[-109.73201322726517, -1]
8	[-106.47940362921928, -3]
9	[-166.5974915489479, 0]
9	[-109.73201322726517, -1]
9	[-109.73201322726517, -1]
9	[-106.47940362921928, -3]
10	[-155.94219884583006, 0]
10	[-109.46144200280033, -1]
10	[-106.47940362921928, -3]
11	[-147.77412252729877, 0]
11	[-108.70869860171062, -1]
11	[-106.47940362921928, -3]
12	[-147.77412252729877, 0]
12	[-108.70869860171062, -1]
12	[-104.60925935797644, -3]
13	[-147.77412252729877, 0]
13	[-108.70869860171062, -1]
13	[-104.60925935797644, -3]
14	[-147.77412252729877, 0]
14	[-102.37572432640059, -1]
15	[-136.01096053661746, 0]
15	[-102.37572432640059, -1]
16	[-133.42859437425486, 0]
16	[-102.37572432640059, -1]
17	[-133.42859437425486, 0]
17	[-102.37572432640059, -1]
18	[-133.42176502968994, 0]
18	[-102.37572432640059, -1]
19	[-100.98766074035157, 0]
19	[-96.97378174131008, -1]
20	[-100.98766074035157, 0]
20	[-96.97378174131008, -1]
20	[-96.97378174131008, -1]
21	[-100.98766074035157, 0]
21	[-96.97378174131008, -1]
21	[-96.97378174131008, -1]
22	[-100.98766074035157, 0]
22	[-96.96864975397239, -1]
22	[-95.82180490556493, -3]
23	[-100.98766074035157, 0]
23	[-96.96864975397239, -1]
23	[-95.82180490556493, -3]
24	[-100.63192300631783, 0]
24	[-96.96864975397239, -1]
24	[-96.96864975397239, -1]
24	[-95.82180490556493, -3]
25	[-100.63192300631783, 0]
25	[-95.78630718488802, -1]
26	[-100.63192300631783, 0]
26	[-95.78630718488802, -1]
27	[-100.63192300631783, 0]
27	[-93.52823201822955, -1]
28	[-100.63192300631783, 0]
28	[-93.52823201822955, -1]
29	[-100.63192300631783, 0]
29	[-93.52823201822955, -1]
30	[-98.132410599874, 0]
30	[-93.52823201822955, -1]
31	[-97.14462292010796, 0]
31	[-92.43201284857489, -1]
32	[-97.14462292010796, 0]
32	[-92.43201284857489, -1]
33	[-97.14462292010796, 0]
33	[-92.03280571451599, -1]
34	[-97.14462292010796, 0]
34	[-92.03280571451599, -1]
35	[-97.14462292010796, 0]
35	[-91.57375855721529, -1]
36	[-97.14462292010796, 0]
36	[-91.57375855721529, -1]
37	[-88.21155022912812, 0]
38	[-88.21155022912812, 0]
38	[-86.62122622547994, -1]
39	[-88.21155022912812, 0]
39	[-86.62122622547994, -1]
40	[-88.21155022912812, 0]
40	[-84.67557182098311, -1]
41	[-88.21155022912812, 0]
41	[-84.67557182098311, -1]
42	[-88.21155022912812, 0]
42	[-84.57439719753086, -1]
43	[-88.21155022912812, 0]
43	[-84.57439719753086, -1]
44	[-88.21155022912812, 0]
44	[-83.65144351939664, -1]
45	[-88.21155022912812, 0]
45	[-83.65144351939664, -1]
46	[-88.21155022912812, 0]
46	[-83.65144351939664, -1]
47	[-88.21155022912812, 0]
47	[-83.65144351939664, -1]
48	[-87.78761472840637, 0]
48	[-83.65144351939664, -1]
49	[-87.69472591161494, 0]
49	[-83.65144351939664, -1]
50	[-87.69472591161494, 0]
50	[-83.58310430734919, -1]
51	[-86.34851378955271, 0]
51	[-83.58310430734919, -1]
52	[-83.25916052007247, 0]
53	[-83.25916052007247, 0]
54	[-83.25916052007247, 0]
54	[-82.68386247444799, -1]
54	[-81.46216918748857, -2]
55	[-83.25916052007247, 0]
55	[-82.68386247444799, -1]
55	[-81.46216918748857, -2]
56	[-80.1901980913989, 0]
57	[-80.1901980913989, 0]
58	[-80.1901980913989, 0]
59	[-80.1901980913989, 0]
60	[-80.1901980913989, 0]
61	[-80.1901980913989, 0]
62	[-80.1901980913989, 0]
62	[-78.65491359095195, -2]
63	[-80.1901980913989, 0]
63	[-78.65491359095195, -2]
64	[-80.1901980913989, 0]
64	[-80.1901980913989, 0]
64	[-78.65491359095195, -2]
65	[-80.1901980913989, 0]
65	[-80.1901980913989, 0]
65	[-78.65491359095195, -2]
66	[-80.1901980913989, 0]
66	[-80.1901980913989, 0]
66	[-78.65491359095195, -2]
67	[-79.99691119554842, 0]
67	[-78.65491359095195, -2]
68	[-79.99691119554842, 0]
68	[-78.65491359095195, -2]
69	[-79.99691119554842, 0]
69	[-78.65491359095195, -2]
70	[-79.99691119554842, 0]
70	[-78.65491359095195, -2]
71	[-78.3571274201833, 0]
71	[-76.43409207187423, -2]
72	[-78.14436502486366, 0]
72	[-76.43409207187423, -2]
73	[-77.87208634893535, 0]
73	[-76.43409207187423, -2]
74	[-77.87208634893535, 0]
74	[-76.43409207187423, -2]
75	[-77.87208634893535, 0]
75	[-76.43409207187423, -2]
75	[-76.43409207187423, -2]
76	[-77.87044564575802, 0]
76	[-76.43409207187423, -2]
76	[-76.43409207187423, -2]
77	[-73.56671629768378, 0]
78	[-73.56671629768378, 0]
79	[-73.56671629768378, 0]
80	[-73.18375820309213, 0]
81	[-73.18375820309213, 0]
82	[-73.18375820309213, 0]
83	[-73.18375820309213, 0]
84	[-73.18375820309213, 0]
85	[-73.18375820309213, 0]
86	[-73.18375820309213, 0]
87	[-73.18375820309213, 0]
88	[-73.18375820309213, 0]
89	[-72.95187960519469, 0]
90	[-72.95187960519469, 0]
90	[-72.95187960519469, 0]
91	[-72.95187960519469, 0]
91	[-72.95187960519469, 0]
91	[-72.95187960519469, 0]
92	[-72.95187960519469, 0]
92	[-72.95187960519469, 0]
92	[-72.95187960519469, 0]
92	[-72.95187960519469, 0]
93	[-72.95187960519469, 0]
93	[-72.95187960519469, 0]
93	[-72.95187960519469, 0]
93	[-72.95187960519469, 0]
94	[-72.95187960519469, 0]
94	[-72.95187960519469, 0]
94	[-72.95187960519469, 0]
94	[-72.95187960519469, 0]
95	[-72.95187960519469, 0]
95	[-72.95187960519469, 0]
95	[-72.95187960519469, 0]
95	[-72.95187960519469, 0]
96	[-72.95187960519469, 0]
96	[-72.95187960519469, 0]
96	[-72.95187960519469, 0]
96	[-72.95187960519469, 0]
97	[-72.95187960519469, 0]
97	[-72.95187960519469, 0]
97	[-72.95187960519469, 0]
97	[-72.95187960519469, 0]
97	[-72.72098185003995, -2]
98	[-69.56020811897517, 0]
99	[-69.56020811897517, 0]
100	[-69.56020811897517, 0]
101	[-69.56020811897517, 0]
102	[-69.56020811897517, 0]
103	[-69.56020811897517, 0]
104	[-69.56020811897517, 0]
105	[-69.56020811897517, 0]
106	[-69.56020811897517, 0]
107	[-69.56020811897517, 0]
108	[-69.56020811897517, 0]
109	[-69.56020811897517, 0]
110	[-69.56020811897517, 0]
111	[-69.56020811897517, 0]
112	[-69.56020811897517, 0]
113	[-69.56020811897517, 0]
114	[-69.56020811897517, 0]
115	[-69.56020811897517, 0]
116	[-69.56020811897517, 0]
117	[-69.55689309126421, 0]
118	[-69.55689309126421, 0]
119	[-69.55689309126421, 0]
120	[-69.55689309126421, 0]
121	[-69.55689309126421, 0]
122	[-69.55689309126421, 0]
123	[-69.55689309126421, 0]
124	[-69.55689309126421, 0]
125	[-69.55689309126421, 0]
126	[-69.55689309126421, 0]
127	[-68.56409565717503, 0]
128	[-68.56409565717503, 0]
129	[-68.56409565717503, 0]
130	[-68.56409565717503, 0]
131	[-68.56409565717503, 0]
132	[-68.56409565717503, 0]
133	[-68.56409565717503, 0]
134	[-68.56409565717503, 0]
135	[-68.56409565717503, 0]
136	[-68.56409565717503, 0]
137	[-68.56409565717503, 0]
138	[-68.56409565717503, 0]
139	[-68.56409565717503, 0]
140	[-68.56409565717503, 0]
141	[-68.56409565717503, 0]
142	[-68.56409565717503, 0]
143	[-68.56409565717503, 0]
144	[-68.56409565717503, 0]
145	[-68.56409565717503, 0]
146	[-67.25719960737219, 0]
147	[-67.25719960737219, 0]
148	[-67.25719960737219, 0]
148	[-67.25719960737219, 0]
148	[-67.25719960737219, 0]
149	[-67.03674215946343, 0]
150	[-67.03674215946343, 0]
151	[-67.03674215946343, 0]
151	[-67.03674215946343, 0]
152	[-67.03674215946343, 0]
152	[-67.03674215946343, 0]
153	[-67.03674215946343, 0]
153	[-67.03674215946343, 0]
154	[-67.03674215946343, 0]
154	[-67.03674215946343, 0]
155	[-67.03674215946343, 0]
155	[-67.03674215946343, 0]
156	[-67.03674215946343, 0]
156	[-67.03674215946343, 0]
157	[-67.03674215946343, 0]
157	[-67.03674215946343, 0]
158	[-67.03674215946343, 0]
158	[-67.03674215946343, 0]
159	[-67.01739896191727, 0]
160	[-67.01739896191727, 0]
161	[-67.01739896191727, 0]
162	[-66.24198722514947, 0]
163	[-66.24198722514947, 0]
164	[-66.24198722514947, 0]
165	[-66.24198722514947, 0]
166	[-66.23978733075803, 0]
167	[-66.11119876815285, 0]
168	[-66.11119876815285, 0]
169	[-66.11119876815285, 0]
170	[-66.11119876815285, 0]
171	[-66.11119876815285, 0]
171	[-66.11119876815285, 0]
172	[-66.11119876815285, 0]
172	[-66.11119876815285, 0]
173	[-66.11119876815285, 0]
173	[-66.11119876815285, 0]
174	[-66.11119876815285, 0]
174	[-66.11119876815285, 0]
175	[-66.11119876815285, 0]
175	[-66.11119876815285, 0]
176	[-66.11119876815285, 0]
176	[-66.11119876815285, 0]
177	[-66.11119876815285, 0]
177	[-66.11119876815285, 0]
177	[-66.11119876815285, 0]
178	[-66.11119876815285, 0]
178	[-66.11119876815285, 0]
178	[-66.11119876815285, 0]
179	[-66.11119876815285, 0]
179	[-66.11119876815285, 0]
179	[-66.11119876815285, 0]
180	[-66.11119876815285, 0]
180	[-66.11119876815285, 0]
180	[-66.11119876815285, 0]
181	[-66.11119876815285, 0]
181	[-66.11119876815285, 0]
181	[-66.11119876815285, 0]
182	[-66.11119876815285, 0]
182	[-66.11119876815285, 0]
182	[-66.11119876815285, 0]
