Generation:
300

Phenotype:
1
V1 = gm([34.5, 10.1, 3], [1.2, 10.8, 20.4]);
V2 = 5;
V2 = V2 + gm([36.2, 0, 3.2]);
V3 = 13.4;
V3 = V3 + gm([11, 11.2, 3.2], [8, 1, 8.7]);

Pre-processed Program
:F = gm([0.966387, 0.033613], [10.1, 10.8], [3, 20.4]);W = 5;W = W;W = W + gm([1.000000], [0], [3.2]);T = 13.4;T = T;T = T + gm([0.578947, 0.421053], [11.2, 1], [3.2, 8.7]);Genotype:
[257, 228, 422, 482, 423, 480, 16, 281, 215, 187, 103, 99, 367, 423, 190, 156, 280, 39, 409, 280, 437, 418, 232, 329, 428, 255, 194, 198, 408, 75, 112, 158, 200, 9, 154, 411, 496, 139, 342, 442, 318, 408, 171, 411, 109, 130, 50, 470, 17, 433, 217, 309, 246, 95, 96, 284, 421, 48, 11, 5, 62, 163, 107, 360, 46, 100, 298, 161, 410, 256, 309, 365, 6, 239, 285, 366, 212, 406, 50, 176, 86, 390, 476, 81, 392, 283, 286, 396, 155, 447, 490, 224, 397, 133, 109, 274, 352, 252, 37, 8]
Tree:
None
Fitness on 5000 data:
-63.05633812756925

Fitness:
[-63.08213725562237, 0]