0	[-187.62250345712962, -1]
1	[-183.1001729278919, -1]
1	[-168.2722385653044, -2]
2	[-201.7352297474404, 0]
2	[-183.1001729278919, -1]
2	[-128.98979214564395, -2]
3	[-201.7352297474404, 0]
3	[-183.1001729278919, -1]
3	[-112.70283469720864, -2]
4	[-201.7352297474404, 0]
4	[-183.1001729278919, -1]
4	[-112.70283469720864, -2]
5	[-158.55686577534868, 0]
5	[-112.70283469720864, -2]
6	[-133.99699511382582, 0]
6	[-112.70283469720864, -2]
7	[-131.7057705397873, 0]
7	[-112.70283469720864, -2]
7	[-103.27324656276755, -3]
8	[-131.7057705397873, 0]
8	[-112.70283469720864, -2]
8	[-103.27324656276755, -3]
9	[-131.7057705397873, 0]
9	[-102.98862029635724, -2]
9	[-101.5519869402188, -3]
10	[-127.5865769711931, 0]
10	[-102.98862029635724, -2]
10	[-101.5519869402188, -3]
11	[-127.5865769711931, 0]
11	[-127.52344067386505, -1]
11	[-102.98862029635724, -2]
11	[-97.4973192333926, -3]
12	[-127.5865769711931, 0]
12	[-127.52344067386505, -1]
12	[-102.98862029635724, -2]
12	[-97.4973192333926, -3]
13	[-127.5865769711931, 0]
13	[-107.97016199344522, -1]
13	[-102.98862029635724, -2]
13	[-97.4973192333926, -3]
14	[-127.5865769711931, 0]
14	[-107.97016199344522, -1]
14	[-102.98862029635724, -2]
14	[-97.4973192333926, -3]
15	[-127.5865769711931, 0]
15	[-107.97016199344522, -1]
15	[-102.98862029635724, -2]
15	[-96.75723891690582, -3]
16	[-106.12401199493945, 0]
16	[-94.55003270493029, -2]
17	[-106.12401199493945, 0]
17	[-94.55003270493029, -2]
18	[-106.12401199493945, 0]
18	[-94.55003270493029, -2]
19	[-106.12401199493945, 0]
19	[-94.55003270493029, -2]
20	[-105.71061728246755, 0]
20	[-94.55003270493029, -2]
21	[-99.3958934664144, 0]
21	[-94.55003270493029, -2]
22	[-99.3958934664144, 0]
22	[-94.54739890893953, -2]
23	[-99.3958934664144, 0]
23	[-94.54739890893953, -2]
24	[-93.37372980033147, 0]
25	[-89.66753895764434, 0]
26	[-79.52696584428762, 0]
27	[-79.52696584428762, 0]
28	[-79.52696584428762, 0]
29	[-79.52696584428762, 0]
30	[-79.52696584428762, 0]
31	[-79.52696584428762, 0]
32	[-79.51317509936588, 0]
33	[-79.51317509936588, 0]
34	[-79.51317509936588, 0]
35	[-79.5043055008336, 0]
36	[-79.29294361897449, 0]
37	[-76.08196504496742, 0]
38	[-76.08196504496742, 0]
39	[-76.08196504496742, 0]
40	[-76.08196504496742, 0]
41	[-76.08196504496742, 0]
42	[-76.08196504496742, 0]
43	[-76.08196504496742, 0]
44	[-76.08196504496742, 0]
45	[-76.08196504496742, 0]
46	[-74.44468895743134, 0]
47	[-74.37437750990537, 0]
48	[-74.37437750990537, 0]
49	[-74.37437750990537, 0]
50	[-74.37437750990537, 0]
51	[-73.08656507037828, 0]
52	[-73.08656507037828, 0]
53	[-73.08656507037828, 0]
54	[-73.01107476714512, 0]
55	[-73.01107476714512, 0]
55	[-70.08444618004557, -3]
56	[-73.01107476714512, 0]
56	[-70.07370074508566, -3]
57	[-73.01107476714512, 0]
57	[-70.03205952377932, -3]
58	[-73.01107476714512, 0]
58	[-70.03205952377932, -3]
59	[-73.01107476714512, 0]
59	[-70.03205952377932, -3]
60	[-71.42273346552355, 0]
60	[-68.71990670755999, -3]
61	[-71.42273346552355, 0]
61	[-68.7071619618704, -3]
62	[-70.33798896273522, 0]
62	[-68.62370691992133, -3]
63	[-70.33798896273522, 0]
63	[-68.62370691992133, -3]
64	[-70.33798896273522, 0]
64	[-68.62370691992133, -3]
65	[-70.33798896273522, 0]
65	[-68.61663769930637, -3]
66	[-70.33798896273522, 0]
66	[-68.5398037239868, -3]
67	[-70.33798896273522, 0]
67	[-68.5398037239868, -3]
68	[-70.33798896273522, 0]
68	[-68.30628095877158, -3]
69	[-69.59731117617844, 0]
69	[-68.30628095877158, -3]
70	[-69.59731117617844, 0]
70	[-67.39772401339071, -3]
71	[-69.59731117617844, 0]
71	[-67.39772401339071, -3]
72	[-69.59731117617844, 0]
72	[-67.39772401339071, -3]
73	[-69.59731117617844, 0]
73	[-67.39772401339071, -3]
74	[-69.59731117617844, 0]
74	[-67.39772401339071, -3]
75	[-69.59731117617844, 0]
75	[-67.39772401339071, -3]
76	[-69.59731117617844, 0]
76	[-66.33958398024308, -3]
77	[-69.59731117617844, 0]
77	[-66.33958398024308, -3]
78	[-69.59731117617844, 0]
78	[-66.33958398024308, -3]
79	[-69.59731117617844, 0]
79	[-66.33958398024308, -3]
80	[-69.59731117617844, 0]
80	[-66.33958398024308, -3]
81	[-69.59731117617844, 0]
81	[-66.33958398024308, -3]
81	[-66.33958398024308, -3]
82	[-69.59731117617844, 0]
82	[-66.33958398024308, -3]
82	[-66.33958398024308, -3]
83	[-69.59731117617844, 0]
83	[-66.33958398024308, -3]
83	[-66.33958398024308, -3]
84	[-69.59731117617844, 0]
84	[-66.33958398024308, -3]
84	[-66.33958398024308, -3]
85	[-69.59731117617844, 0]
85	[-66.04256078009588, -3]
86	[-69.53156793107568, 0]
86	[-66.04256078009588, -3]
87	[-69.53156793107568, 0]
87	[-66.03514338603513, -3]
88	[-69.53156793107568, 0]
88	[-66.03514338603513, -3]
89	[-69.53156793107568, 0]
89	[-65.84673373504239, -3]
90	[-69.47279342649011, 0]
90	[-65.84673373504239, -3]
91	[-69.47279342649011, 0]
91	[-65.40236213264413, -3]
92	[-69.47279342649011, 0]
92	[-65.40236213264413, -3]
93	[-69.47279342649011, 0]
93	[-65.40236213264413, -3]
94	[-69.47279342649011, 0]
94	[-65.39847615123244, -3]
95	[-69.47279342649011, 0]
95	[-69.47279342649011, 0]
95	[-65.21742625643468, -3]
96	[-69.47279342649011, 0]
96	[-69.47279342649011, 0]
96	[-65.21742625643468, -3]
97	[-69.47279342649011, 0]
97	[-69.47279342649011, 0]
97	[-69.47279342649011, 0]
97	[-65.21742625643468, -3]
98	[-69.47279342649011, 0]
98	[-69.47279342649011, 0]
98	[-69.47279342649011, 0]
98	[-63.81981689782265, -3]
99	[-69.47279342649011, 0]
99	[-69.47279342649011, 0]
99	[-69.47279342649011, 0]
99	[-63.81981689782265, -3]
100	[-69.47279342649011, 0]
100	[-69.47279342649011, 0]
100	[-69.47279342649011, 0]
100	[-63.81981689782265, -3]
101	[-69.47279342649011, 0]
101	[-69.47279342649011, 0]
101	[-69.47279342649011, 0]
101	[-69.47279342649011, 0]
101	[-63.81981689782265, -3]
102	[-68.3012846720957, 0]
102	[-63.81142144926508, -3]
103	[-68.26825046031823, 0]
103	[-63.81142144926508, -3]
104	[-68.26825046031823, 0]
104	[-63.81142144926508, -3]
105	[-68.26825046031823, 0]
105	[-63.81142144926508, -3]
106	[-67.95924663193944, 0]
106	[-63.81142144926508, -3]
107	[-67.95924663193944, 0]
107	[-63.81142144926508, -3]
108	[-67.95924663193944, 0]
108	[-63.81142144926508, -3]
109	[-67.95924663193944, 0]
109	[-63.81142144926508, -3]
110	[-67.95924663193944, 0]
110	[-67.95924663193944, 0]
110	[-63.81142144926508, -3]
111	[-67.95924663193944, 0]
111	[-67.95924663193944, 0]
111	[-63.81142144926508, -3]
112	[-67.82492562818379, 0]
112	[-63.755498010300705, -3]
113	[-67.82492562818379, 0]
113	[-63.755498010300705, -3]
114	[-67.80636219845391, 0]
114	[-63.755498010300705, -3]
115	[-67.80636219845391, 0]
115	[-63.755498010300705, -3]
116	[-67.80636219845391, 0]
116	[-63.755498010300705, -3]
117	[-67.71905194867924, 0]
117	[-63.755498010300705, -3]
118	[-67.71905194867924, 0]
118	[-63.755498010300705, -3]
119	[-67.71905194867924, 0]
119	[-67.71905194867924, 0]
119	[-63.755498010300705, -3]
119	[-63.755498010300705, -3]
120	[-67.71905194867924, 0]
120	[-67.71905194867924, 0]
120	[-63.738855994591326, -3]
121	[-67.71905194867924, 0]
121	[-67.71905194867924, 0]
121	[-63.721180465337824, -3]
122	[-67.71905194867924, 0]
122	[-67.71905194867924, 0]
122	[-63.66744267825098, -3]
123	[-67.09638978721507, 0]
123	[-63.66744267825098, -3]
124	[-67.09638978721507, 0]
124	[-63.62095303506939, -3]
125	[-67.09638978721507, 0]
125	[-63.62095303506939, -3]
126	[-67.09638978721507, 0]
126	[-63.62095303506939, -3]
127	[-67.09638978721507, 0]
127	[-63.62095303506939, -3]
128	[-67.09638978721507, 0]
128	[-63.60389964194492, -3]
129	[-67.09638978721507, 0]
129	[-63.538967190634395, -3]
130	[-67.09638978721507, 0]
130	[-63.538967190634395, -3]
131	[-67.09638978721507, 0]
131	[-63.538967190634395, -3]
132	[-67.09638978721507, 0]
132	[-63.538967190634395, -3]
133	[-67.09638978721507, 0]
133	[-63.538967190634395, -3]
134	[-67.09638978721507, 0]
134	[-63.538967190634395, -3]
135	[-66.54939943051075, 0]
135	[-63.538967190634395, -3]
136	[-66.54939943051075, 0]
136	[-63.538967190634395, -3]
137	[-66.54939943051075, 0]
137	[-63.538967190634395, -3]
138	[-66.54939943051075, 0]
138	[-63.538967190634395, -3]
139	[-66.54939943051075, 0]
139	[-63.538967190634395, -3]
140	[-64.84165222243351, 0]
140	[-63.538967190634395, -3]
141	[-64.74032185722497, 0]
141	[-63.538967190634395, -3]
142	[-64.61843909909027, 0]
142	[-63.538967190634395, -3]
143	[-62.45542425769624, 0]
144	[-62.45542425769624, 0]
145	[-62.45542425769624, 0]
146	[-62.45542425769624, 0]
147	[-62.45542425769624, 0]
148	[-62.45542425769624, 0]
149	[-62.45542425769624, 0]
150	[-62.45542425769624, 0]
151	[-62.45542425769624, 0]
152	[-62.45542425769624, 0]
153	[-62.45542425769624, 0]
154	[-62.45542425769624, 0]
155	[-62.45542425769624, 0]
156	[-62.45542425769624, 0]
157	[-62.42832064453967, 0]
158	[-62.42832064453967, 0]
159	[-62.42832064453967, 0]
160	[-62.42832064453967, 0]
