Generation:
398

Phenotype:
4
V1 = gm([3.4e0, +7.9e0, 4.1e0]);
V2 = -V1 * -V1 + -V1;
V2 = V2 + gm([7.7e0, +3.0e1, 0.5e1], [8.5e0, -5.3e0, 8.4e0], [3.6e0, -3.2e0, 5.2e0], [3.8e1, +8.9e0, 8.9e0]);
V3 = -4.2e0;
V3 = V3 + gm([2.1e0, +3.3e0, 8.9e1], [9.6e1, +1.4e1, 1.9e0]);

Pre-processed Program
:T = gm([1.000000], [7.9], [4.1]);TEMP0 = T * T;P = TEMP0;P = P - T;P = P + gm([0.133218, 0.147059, 0.062284, 0.657439], [30, -5.3, -3.2, 8.9], [5, 8.4, 5.2, 8.9]);F = 0;F = F - 4.2;F = F + gm([0.021407, 0.978593], [3.3, 14], [89, 1.9]);Genotype:
[216, 33, 383, 402, 338, 318, 39, 73, 324, 188, 39, 106, 287, 259, 464, 201, 364, 341, 2, 391, 59, 492, 455, 198, 322, 405, 245, 22, 159, 10, 166, 186, 194, 351, 462, 404, 439, 461, 420, 477, 297, 174, 356, 170, 203, 410, 147, 350, 450, 245, 171, 27, 24, 478, 285, 60, 172, 51, 405, 13, 96, 159, 438, 464, 430, 409, 126, 373, 286, 26, 432, 21, 293, 322, 88, 77, 235, 142, 216, 34, 368, 453, 248, 229, 18, 276, 48, 79, 138, 208, 248, 299, 224, 49, 480, 314, 215, 482, 105, 244, 482, 462, 324, 440, 293, 325, 452, 211, 488, 311]
Tree:
None
Fitness on 5000 data:
-73.54636099629505

Fitness:
-73.54636099629505