Generation:
1198

Phenotype:
5
V1 = gm([7.9e0, +1.4e1, 1.6e1], [1.2e1, +9.9e1, 9.9e1]);
V2 = uniform([+6.5e0, 6.9e0], 2);
V3 = gm([0.5e1, +8.7e0, 4.3e0]);

Pre-processed Program
:P = gm([0.396985, 0.603015], [14, 99], [16, 99]);F = uniform([6.500000, 13.400000], 2);T = gm([1.000000], [8.7], [4.3]);Genotype:
[193, 340, 394, 316, 225, 227, 237, 489, 304, 128, 146, 291, 354, 27, 111, 251, 356, 121, 192, 82, 201, 212, 423, 464, 286, 99, 29, 297, 431, 249, 469, 165, 427, 130, 429, 190, 406, 165, 382, 470, 446, 359, 270, 474, 330, 44, 213, 470, 465, 59, 311, 420, 338, 157, 256, 217, 294, 393, 62, 38, 33, 149, 56, 218, 283, 11, 266, 37, 173, 163, 307, 396, 366, 418, 472, 69, 492, 22, 141, 348, 104, 80, 338, 241, 367, 110, 230, 297, 356, 96, 277, 277, 88, 41, 484, 52, 206, 383, 482, 325]
Tree:
None
Fitness on 5000 data:
-87.36651449670042

Fitness:
-87.36651449670042