Generation:
398

Phenotype:
5
V1 = gm([7.5e0, +9.9e0, 1.5e1], [1.2e1, +9.9e1, 9.9e1]);
V2 = uniform([+7.0e0, 6.8e0], 2);
V3 = gm([9.3e0, +8.7e0, 4.3e0]);

Pre-processed Program
:P = gm([0.384615, 0.615385], [9.9, 99], [15, 99]);F = uniform([7.000000, 13.800000], 2);T = gm([1.000000], [8.7], [4.3]);Genotype:
[266, 340, 394, 224, 159, 340, 27, 195, 30, 241, 306, 279, 349, 48, 366, 251, 225, 103, 354, 166, 201, 292, 423, 37, 260, 419, 29, 441, 388, 249, 469, 165, 55, 361, 188, 400, 347, 290, 136, 164, 446, 58, 316, 270, 175, 126, 152, 99, 43, 440, 378, 14, 338, 477, 282, 183, 294, 303, 62, 38, 33, 149, 56, 218, 283, 11, 266, 37, 173, 163, 307, 396, 366, 418, 472, 69, 492, 22, 141, 348, 104, 80, 338, 241, 367, 110, 230, 297, 356, 96, 277, 277, 88, 41, 484, 52, 206, 383, 482, 325]
Tree:
None
Fitness on 5000 data:
-87.66438313463266

Fitness:
-87.66438313463266