0	[-268.5721409186002, 0]
0	[-165.52296620871397, -2]
1	[-268.5721409186002, 0]
1	[-161.88725955020536, -2]
2	[-266.1504971018193, 0]
2	[-254.59381204505223, -1]
2	[-161.88725955020536, -2]
3	[-266.1504971018193, 0]
3	[-201.28524327957652, -1]
3	[-159.5525614202781, -2]
4	[-266.1504971018193, 0]
4	[-201.28524327957652, -1]
4	[-159.5525614202781, -2]
5	[-266.1504971018193, 0]
5	[-167.5660216500528, -1]
5	[-159.5525614202781, -2]
6	[-266.1504971018193, 0]
6	[-164.84901487552602, -1]
6	[-155.68897772543912, -2]
7	[-266.1504971018193, 0]
7	[-164.84901487552602, -1]
7	[-155.68897772543912, -2]
7	[-141.98247625201435, -3]
8	[-266.1504971018193, 0]
8	[-162.5766989465851, -1]
8	[-155.68897772543912, -2]
8	[-141.98247625201435, -3]
9	[-171.74202685340808, 0]
9	[-162.5766989465851, -1]
9	[-149.92820247706354, -2]
9	[-141.98247625201435, -3]
10	[-171.74202685340808, 0]
10	[-162.5766989465851, -1]
10	[-149.92820247706354, -2]
10	[-141.98247625201435, -3]
11	[-168.2122988647117, 0]
11	[-162.41126033924792, -1]
11	[-149.92820247706354, -2]
11	[-141.98247625201435, -3]
12	[-167.58394557575124, 0]
12	[-162.41126033924792, -1]
12	[-149.92820247706354, -2]
12	[-141.98247625201435, -3]
13	[-167.58394557575124, 0]
13	[-162.41126033924792, -1]
13	[-149.92820247706354, -2]
13	[-141.98247625201435, -3]
14	[-152.20602303976062, 0]
14	[-148.07342682703296, -2]
14	[-141.98247625201435, -3]
15	[-152.20602303976062, 0]
15	[-147.53594364032628, -2]
15	[-141.98247625201435, -3]
16	[-152.20602303976062, 0]
16	[-141.88753607967925, -1]
17	[-152.20602303976062, 0]
17	[-141.88753607967925, -1]
18	[-136.13455720877022, 0]
19	[-136.13455720877022, 0]
20	[-132.88952475770353, 0]
21	[-132.88952475770353, 0]
22	[-132.46250535964379, 0]
22	[-132.20477209548622, -2]
23	[-118.95525999086553, 0]
24	[-118.95525999086553, 0]
25	[-116.55589634555241, 0]
26	[-116.55589634555241, 0]
27	[-116.55589634555241, 0]
28	[-111.5879506048145, 0]
29	[-106.34978657864703, 0]
30	[-106.34978657864703, 0]
31	[-106.34978657864703, 0]
32	[-106.34978657864703, 0]
33	[-102.86091094766269, 0]
34	[-102.86091094766269, 0]
35	[-102.81325043701996, 0]
36	[-102.03913567271826, 0]
37	[-101.84062140146249, 0]
38	[-101.84062140146249, 0]
38	[-101.84062140146249, 0]
39	[-101.74610022942123, 0]
40	[-101.74610022942123, 0]
41	[-101.00420230785107, 0]
42	[-101.00420230785107, 0]
43	[-101.00420230785107, 0]
44	[-101.00420230785107, 0]
44	[-100.8875799707773, -1]
45	[-100.60913832174806, 0]
46	[-100.60913832174806, 0]
47	[-100.60913832174806, 0]
48	[-100.60913832174806, 0]
49	[-100.60913832174806, 0]
49	[-94.31178507467288, -2]
50	[-100.60913832174806, 0]
50	[-94.31178507467288, -2]
51	[-100.21791475472327, 0]
51	[-94.31178507467288, -2]
52	[-100.21791475472327, 0]
52	[-94.31178507467288, -2]
52	[-94.31178507467288, -2]
53	[-100.21791475472327, 0]
53	[-94.28157937345193, -2]
54	[-100.21791475472327, 0]
54	[-95.23714426293967, -1]
54	[-94.28157937345193, -2]
55	[-100.21791475472327, 0]
55	[-95.23714426293967, -1]
55	[-94.28157937345193, -2]
55	[-94.28157937345193, -2]
56	[-100.21791475472327, 0]
56	[-100.21791475472327, 0]
56	[-95.23714426293967, -1]
56	[-93.67792225128254, -2]
57	[-100.21791475472327, 0]
57	[-100.21791475472327, 0]
57	[-95.23714426293967, -1]
57	[-93.67792225128254, -2]
58	[-100.21791475472327, 0]
58	[-100.21791475472327, 0]
58	[-95.23714426293967, -1]
58	[-93.67792225128254, -2]
59	[-100.21791475472327, 0]
59	[-100.21791475472327, 0]
59	[-95.23714426293967, -1]
59	[-93.67792225128254, -2]
60	[-100.21791475472327, 0]
60	[-100.21791475472327, 0]
60	[-95.23714426293967, -1]
60	[-93.67792225128254, -2]
61	[-100.05484631970458, 0]
61	[-95.23714426293967, -1]
61	[-93.67792225128254, -2]
62	[-100.05484631970458, 0]
62	[-95.23714426293967, -1]
62	[-93.67792225128254, -2]
63	[-100.05484631970458, 0]
63	[-95.23714426293967, -1]
63	[-93.67792225128254, -2]
64	[-100.05484631970458, 0]
64	[-95.23714426293967, -1]
64	[-93.67792225128254, -2]
65	[-99.90753745865216, 0]
65	[-95.18792329648213, -1]
65	[-92.53460707647386, -2]
66	[-99.90753745865216, 0]
66	[-99.90753745865216, 0]
66	[-95.18792329648213, -1]
66	[-95.18792329648213, -1]
66	[-91.36847861971475, -2]
67	[-99.90753745865216, 0]
67	[-99.90753745865216, 0]
67	[-93.54625345516499, -1]
67	[-91.36847861971475, -2]
68	[-99.90753745865216, 0]
68	[-99.90753745865216, 0]
68	[-93.54625345516499, -1]
68	[-91.36847861971475, -2]
69	[-99.88042274220139, 0]
69	[-93.54032253602361, -1]
69	[-91.36847861971475, -2]
70	[-99.88042274220139, 0]
70	[-93.52904397877336, -1]
70	[-91.36847861971475, -2]
71	[-99.88042274220139, 0]
71	[-93.52904397877336, -1]
71	[-91.36847861971475, -2]
72	[-99.88042274220139, 0]
72	[-93.52904397877336, -1]
72	[-91.36847861971475, -2]
73	[-99.88042274220139, 0]
73	[-93.52904397877336, -1]
73	[-91.36847861971475, -2]
74	[-99.78520631519866, 0]
74	[-93.52904397877336, -1]
74	[-91.36847861971475, -2]
75	[-99.78520631519866, 0]
75	[-93.52904397877336, -1]
75	[-91.36847861971475, -2]
76	[-99.78520631519866, 0]
76	[-93.4710487326559, -1]
76	[-91.36847861971475, -2]
77	[-99.78520631519866, 0]
77	[-93.4710487326559, -1]
77	[-91.36847861971475, -2]
78	[-99.78520631519866, 0]
78	[-93.4710487326559, -1]
78	[-91.36847861971475, -2]
79	[-99.78520631519866, 0]
79	[-93.12884902313172, -1]
79	[-91.36847861971475, -2]
80	[-99.77344188946502, 0]
80	[-93.12884902313172, -1]
80	[-91.36847861971475, -2]
81	[-99.77344188946502, 0]
81	[-92.93325244569682, -1]
81	[-91.36847861971475, -2]
82	[-99.63141036650191, 0]
82	[-92.93325244569682, -1]
82	[-90.20121197384749, -2]
83	[-99.61032749650172, 0]
83	[-92.93325244569682, -1]
83	[-92.93325244569682, -1]
83	[-90.20121197384749, -2]
84	[-98.39275424793418, 0]
84	[-92.93325244569682, -1]
84	[-92.93325244569682, -1]
84	[-90.20121197384749, -2]
85	[-98.39275424793418, 0]
85	[-92.93325244569682, -1]
85	[-92.93325244569682, -1]
85	[-90.20121197384749, -2]
86	[-98.39275424793418, 0]
86	[-92.93325244569682, -1]
86	[-92.93325244569682, -1]
86	[-90.20121197384749, -2]
87	[-98.39275424793418, 0]
87	[-92.93325244569682, -1]
87	[-92.93325244569682, -1]
87	[-90.03153693093972, -2]
88	[-98.39275424793418, 0]
88	[-92.93325244569682, -1]
88	[-92.93325244569682, -1]
88	[-90.03153693093972, -2]
88	[-90.03153693093972, -2]
89	[-98.39275424793418, 0]
89	[-92.93325244569682, -1]
89	[-92.93325244569682, -1]
89	[-92.93325244569682, -1]
89	[-90.03153693093972, -2]
89	[-90.03153693093972, -2]
90	[-98.39275424793418, 0]
90	[-92.83342550157397, -1]
90	[-90.03153693093972, -2]
90	[-90.03153693093972, -2]
91	[-98.39275424793418, 0]
91	[-92.83342550157397, -1]
91	[-90.03153693093972, -2]
91	[-90.03153693093972, -2]
92	[-98.39275424793418, 0]
92	[-92.83342550157397, -1]
92	[-90.03153693093972, -2]
92	[-90.03153693093972, -2]
93	[-98.39275424793418, 0]
93	[-92.83342550157397, -1]
93	[-90.03153693093972, -2]
93	[-90.03153693093972, -2]
94	[-98.26097316116363, 0]
94	[-92.83342550157397, -1]
94	[-90.03153693093972, -2]
94	[-90.03153693093972, -2]
95	[-98.26097316116363, 0]
95	[-98.26097316116363, 0]
95	[-92.83342550157397, -1]
95	[-90.03153693093972, -2]
95	[-90.03153693093972, -2]
96	[-98.26097316116363, 0]
96	[-98.26097316116363, 0]
96	[-92.83342550157397, -1]
96	[-90.03148705977453, -2]
97	[-98.26097316116363, 0]
97	[-98.26097316116363, 0]
97	[-92.83342550157397, -1]
97	[-89.71185588030234, -2]
98	[-98.26097316116363, 0]
98	[-98.26097316116363, 0]
98	[-92.83342550157397, -1]
98	[-89.71185588030234, -2]
99	[-98.26097316116363, 0]
99	[-98.26097316116363, 0]
99	[-92.77585824442579, -1]
99	[-89.71185588030234, -2]
100	[-98.26097316116363, 0]
100	[-98.26097316116363, 0]
100	[-92.77585824442579, -1]
100	[-89.33101689248235, -2]
101	[-98.16718711343188, 0]
101	[-92.77585824442579, -1]
101	[-89.33101689248235, -2]
102	[-98.16718711343188, 0]
102	[-92.77585824442579, -1]
102	[-89.33101689248235, -2]
103	[-98.16718711343188, 0]
103	[-91.55586656176644, -1]
103	[-89.33101689248235, -2]
104	[-98.15552385382983, 0]
104	[-91.55586656176644, -1]
104	[-89.33101689248235, -2]
105	[-98.15552385382983, 0]
105	[-91.55586656176644, -1]
105	[-89.33101689248235, -2]
106	[-98.15552385382983, 0]
106	[-91.55586656176644, -1]
106	[-89.33101689248235, -2]
107	[-98.15552385382983, 0]
107	[-91.1076272993962, -1]
107	[-88.93426696547395, -2]
108	[-98.1444304765397, 0]
108	[-91.1076272993962, -1]
108	[-88.93426696547395, -2]
109	[-98.07027848497876, 0]
109	[-91.1076272993962, -1]
109	[-88.93426696547395, -2]
110	[-98.03997219255976, 0]
110	[-91.1076272993962, -1]
110	[-88.93426696547395, -2]
111	[-98.03997219255976, 0]
111	[-91.00068183281766, -1]
111	[-88.93426696547395, -2]
112	[-97.60998609977271, 0]
112	[-91.00068183281766, -1]
112	[-88.93426696547395, -2]
113	[-97.60998609977271, 0]
113	[-91.00068183281766, -1]
113	[-88.93426696547395, -2]
114	[-97.60998609977271, 0]
114	[-91.00068183281766, -1]
114	[-88.93426696547395, -2]
115	[-97.60998609977271, 0]
115	[-91.00068183281766, -1]
115	[-88.93426696547395, -2]
116	[-97.60998609977271, 0]
116	[-91.00068183281766, -1]
116	[-88.93426696547395, -2]
117	[-97.60998609977271, 0]
117	[-91.00068183281766, -1]
117	[-88.93426696547395, -2]
117	[-88.93426696547395, -2]
118	[-97.60998609977271, 0]
118	[-91.00068183281766, -1]
118	[-88.780294251084, -2]
119	[-97.60998609977271, 0]
119	[-91.00068183281766, -1]
119	[-88.780294251084, -2]
120	[-97.60998609977271, 0]
120	[-97.60998609977271, 0]
120	[-90.99966701214166, -1]
120	[-88.780294251084, -2]
121	[-97.60998609977271, 0]
121	[-97.60998609977271, 0]
121	[-90.94589734223322, -1]
121	[-88.780294251084, -2]
122	[-96.9142153948894, 0]
122	[-90.94589734223322, -1]
122	[-90.94589734223322, -1]
122	[-88.780294251084, -2]
123	[-96.91277399011447, 0]
123	[-90.94589734223322, -1]
123	[-90.94589734223322, -1]
123	[-90.94589734223322, -1]
123	[-88.780294251084, -2]
124	[-96.91277399011447, 0]
124	[-90.94589734223322, -1]
124	[-90.94589734223322, -1]
124	[-90.94589734223322, -1]
124	[-88.780294251084, -2]
125	[-96.53805448640425, 0]
125	[-90.94589734223322, -1]
125	[-90.94589734223322, -1]
125	[-90.94589734223322, -1]
125	[-88.780294251084, -2]
125	[-88.780294251084, -2]
126	[-96.49904358266308, 0]
126	[-90.0262186364219, -1]
126	[-88.780294251084, -2]
126	[-88.780294251084, -2]
126	[-88.780294251084, -2]
127	[-96.49904358266308, 0]
127	[-96.49904358266308, 0]
127	[-90.0262186364219, -1]
127	[-88.780294251084, -2]
127	[-88.780294251084, -2]
127	[-88.780294251084, -2]
127	[-88.780294251084, -2]
128	[-96.49904358266308, 0]
128	[-96.49904358266308, 0]
128	[-90.0262186364219, -1]
128	[-87.58974684512484, -2]
129	[-96.49904358266308, 0]
129	[-96.49904358266308, 0]
129	[-96.49904358266308, 0]
129	[-90.0262186364219, -1]
129	[-87.56848864547152, -2]
130	[-96.49904358266308, 0]
130	[-96.49904358266308, 0]
130	[-96.49904358266308, 0]
130	[-90.0262186364219, -1]
130	[-87.56848864547152, -2]
131	[-94.47782495114342, 0]
131	[-90.0262186364219, -1]
131	[-87.56848864547152, -2]
132	[-94.4696596324662, 0]
132	[-89.63302998203923, -1]
132	[-87.56848864547152, -2]
133	[-94.4696596324662, 0]
133	[-89.11999864834958, -1]
133	[-87.5661407067927, -2]
134	[-94.4696596324662, 0]
134	[-89.11999864834958, -1]
134	[-87.54596956671116, -2]
135	[-94.4696596324662, 0]
135	[-89.11999864834958, -1]
135	[-87.54588411544016, -2]
136	[-94.4696596324662, 0]
136	[-94.4696596324662, 0]
136	[-94.4696596324662, 0]
136	[-89.11999864834958, -1]
136	[-87.54588411544016, -2]
137	[-94.19967546115157, 0]
137	[-88.48686800468657, -1]
137	[-87.54588411544016, -2]
138	[-94.19967546115157, 0]
138	[-88.48686800468657, -1]
138	[-87.54588411544016, -2]
139	[-94.19967546115157, 0]
139	[-88.48686800468657, -1]
139	[-87.54588411544016, -2]
140	[-94.19967546115157, 0]
140	[-88.41838226413161, -1]
140	[-87.54588411544016, -2]
141	[-94.19967546115157, 0]
141	[-88.41838226413161, -1]
141	[-87.54588411544016, -2]
142	[-94.19967546115157, 0]
142	[-88.41838226413161, -1]
142	[-86.4850801522811, -2]
143	[-94.186946432749, 0]
143	[-88.33770696258456, -1]
143	[-86.4850801522811, -2]
144	[-94.186946432749, 0]
144	[-87.30756025642145, -1]
144	[-86.4850801522811, -2]
145	[-94.10289196469697, 0]
145	[-87.14638798139035, -1]
145	[-86.4850801522811, -2]
146	[-94.10289196469697, 0]
146	[-87.14638798139035, -1]
146	[-85.13777246131022, -2]
147	[-94.10289196469697, 0]
147	[-87.14638798139035, -1]
147	[-85.13777246131022, -2]
148	[-94.10289196469697, 0]
148	[-87.13285906085596, -1]
148	[-85.13777246131022, -2]
148	[-85.13777246131022, -2]
149	[-94.10289196469697, 0]
149	[-87.09170826541575, -1]
149	[-85.13777246131022, -2]
149	[-85.13777246131022, -2]
150	[-94.10289196469697, 0]
150	[-87.09170826541575, -1]
150	[-85.13777246131022, -2]
150	[-85.13777246131022, -2]
151	[-94.10289196469697, 0]
151	[-86.92104016313488, -1]
151	[-85.13777246131022, -2]
151	[-85.13777246131022, -2]
152	[-94.10289196469697, 0]
152	[-94.10289196469697, 0]
152	[-86.92104016313488, -1]
152	[-86.92104016313488, -1]
152	[-85.13777246131022, -2]
152	[-85.13777246131022, -2]
153	[-94.10289196469697, 0]
153	[-94.10289196469697, 0]
153	[-86.92104016313488, -1]
153	[-86.92104016313488, -1]
153	[-85.13777246131022, -2]
153	[-85.13777246131022, -2]
154	[-94.10289196469697, 0]
154	[-94.10289196469697, 0]
154	[-94.10289196469697, 0]
154	[-86.92104016313488, -1]
154	[-86.92104016313488, -1]
154	[-86.92104016313488, -1]
154	[-86.92104016313488, -1]
154	[-85.13777246131022, -2]
154	[-85.13777246131022, -2]
155	[-94.10289196469697, 0]
155	[-94.10289196469697, 0]
155	[-94.10289196469697, 0]
155	[-86.92104016313488, -1]
155	[-86.92104016313488, -1]
155	[-86.92104016313488, -1]
155	[-86.92104016313488, -1]
155	[-85.13777246131022, -2]
155	[-85.13777246131022, -2]
156	[-93.9584218151035, 0]
156	[-86.92104016313488, -1]
156	[-86.92104016313488, -1]
156	[-86.92104016313488, -1]
156	[-86.92104016313488, -1]
156	[-85.13777246131022, -2]
156	[-85.13777246131022, -2]
156	[-85.13777246131022, -2]
157	[-93.9584218151035, 0]
157	[-86.91574437222226, -1]
157	[-84.87653947995501, -2]
158	[-93.9584218151035, 0]
158	[-86.91574437222226, -1]
158	[-84.87653947995501, -2]
159	[-93.9584218151035, 0]
159	[-86.91574437222226, -1]
159	[-84.87653947995501, -2]
160	[-93.9584218151035, 0]
160	[-93.9584218151035, 0]
160	[-93.9584218151035, 0]
160	[-86.91574437222226, -1]
160	[-84.87653947995501, -2]
161	[-93.9584218151035, 0]
161	[-93.9584218151035, 0]
161	[-93.9584218151035, 0]
161	[-93.9584218151035, 0]
161	[-86.91574437222226, -1]
161	[-84.87653947995501, -2]
161	[-84.87653947995501, -2]
162	[-93.9584218151035, 0]
162	[-93.9584218151035, 0]
162	[-93.9584218151035, 0]
162	[-93.9584218151035, 0]
162	[-86.91574437222226, -1]
162	[-84.87653947995501, -2]
162	[-84.87653947995501, -2]
162	[-84.87653947995501, -2]
162	[-84.87653947995501, -2]
163	[-93.9584218151035, 0]
163	[-93.9584218151035, 0]
163	[-93.9584218151035, 0]
163	[-93.9584218151035, 0]
163	[-93.9584218151035, 0]
163	[-93.9584218151035, 0]
163	[-86.91574437222226, -1]
163	[-84.87653947995501, -2]
163	[-84.87653947995501, -2]
163	[-84.87653947995501, -2]
163	[-84.87653947995501, -2]
164	[-93.95255446289472, 0]
164	[-86.91574437222226, -1]
164	[-84.87653947995501, -2]
164	[-84.87653947995501, -2]
164	[-84.87653947995501, -2]
164	[-84.87653947995501, -2]
164	[-84.87653947995501, -2]
164	[-84.87653947995501, -2]
165	[-93.95255446289472, 0]
165	[-86.91574437222226, -1]
165	[-86.91574437222226, -1]
165	[-84.85090911732188, -2]
166	[-93.95255446289472, 0]
166	[-86.8776381508836, -1]
166	[-84.85090911732188, -2]
166	[-84.85090911732188, -2]
167	[-93.95255446289472, 0]
167	[-85.50289861968716, -1]
167	[-84.85090911732188, -2]
167	[-84.85090911732188, -2]
168	[-93.95255446289472, 0]
168	[-85.50289861968716, -1]
168	[-82.70727859924628, -2]
169	[-93.81746302419326, 0]
169	[-85.50289861968716, -1]
169	[-82.70727859924628, -2]
170	[-93.81746302419326, 0]
170	[-85.50289861968716, -1]
170	[-85.50289861968716, -1]
170	[-82.70727859924628, -2]
170	[-82.70727859924628, -2]
171	[-93.80282308620583, 0]
171	[-85.50289861968716, -1]
171	[-85.50289861968716, -1]
171	[-82.70727859924628, -2]
171	[-82.70727859924628, -2]
172	[-93.80282308620583, 0]
172	[-85.50289861968716, -1]
172	[-85.50289861968716, -1]
172	[-82.70727859924628, -2]
172	[-82.70727859924628, -2]
172	[-82.70727859924628, -2]
173	[-93.80282308620583, 0]
173	[-83.67954880805564, -1]
173	[-82.70727859924628, -2]
173	[-82.70727859924628, -2]
173	[-82.70727859924628, -2]
173	[-82.70727859924628, -2]
174	[-93.80282308620583, 0]
174	[-83.67954880805564, -1]
174	[-82.70727859924628, -2]
174	[-82.70727859924628, -2]
174	[-82.70727859924628, -2]
174	[-82.70727859924628, -2]
174	[-82.70727859924628, -2]
175	[-93.80282308620583, 0]
175	[-83.67954880805564, -1]
175	[-82.70727859924628, -2]
175	[-82.70727859924628, -2]
175	[-82.70727859924628, -2]
175	[-82.70727859924628, -2]
175	[-82.70727859924628, -2]
175	[-82.70727859924628, -2]
176	[-93.80282308620583, 0]
176	[-83.67954880805564, -1]
176	[-82.70727859924628, -2]
176	[-82.70727859924628, -2]
176	[-82.70727859924628, -2]
176	[-82.70727859924628, -2]
176	[-82.70727859924628, -2]
176	[-82.70727859924628, -2]
176	[-82.70727859924628, -2]
177	[-93.80282308620583, 0]
177	[-83.67954880805564, -1]
177	[-83.67954880805564, -1]
177	[-82.70727859924628, -2]
177	[-82.70727859924628, -2]
177	[-82.70727859924628, -2]
177	[-82.70727859924628, -2]
177	[-82.70727859924628, -2]
177	[-82.70727859924628, -2]
177	[-82.70727859924628, -2]
178	[-93.80282308620583, 0]
178	[-83.67954880805564, -1]
178	[-83.67954880805564, -1]
178	[-82.70727859924628, -2]
178	[-82.70727859924628, -2]
178	[-82.70727859924628, -2]
178	[-82.70727859924628, -2]
178	[-82.70727859924628, -2]
178	[-82.70727859924628, -2]
178	[-82.70727859924628, -2]
179	[-93.80282308620583, 0]
179	[-93.80282308620583, 0]
179	[-83.67954880805564, -1]
179	[-83.67954880805564, -1]
179	[-82.70727859924628, -2]
179	[-82.70727859924628, -2]
179	[-82.70727859924628, -2]
179	[-82.70727859924628, -2]
179	[-82.70727859924628, -2]
179	[-82.70727859924628, -2]
179	[-82.70727859924628, -2]
179	[-82.70727859924628, -2]
180	[-93.80282308620583, 0]
180	[-93.80282308620583, 0]
180	[-83.67954880805564, -1]
180	[-83.67954880805564, -1]
180	[-82.70727859924628, -2]
180	[-82.70727859924628, -2]
180	[-82.70727859924628, -2]
180	[-82.70727859924628, -2]
180	[-82.70727859924628, -2]
180	[-82.70727859924628, -2]
180	[-82.70727859924628, -2]
180	[-82.70727859924628, -2]
181	[-93.80282308620583, 0]
181	[-93.80282308620583, 0]
181	[-83.6662486697908, -1]
181	[-82.70727859924628, -2]
181	[-82.70727859924628, -2]
181	[-82.70727859924628, -2]
181	[-82.70727859924628, -2]
181	[-82.70727859924628, -2]
181	[-82.70727859924628, -2]
181	[-82.70727859924628, -2]
181	[-82.70727859924628, -2]
181	[-82.70727859924628, -2]
182	[-93.80282308620583, 0]
182	[-93.80282308620583, 0]
182	[-83.6662486697908, -1]
182	[-82.70727859924628, -2]
182	[-82.70727859924628, -2]
182	[-82.70727859924628, -2]
182	[-82.70727859924628, -2]
182	[-82.70727859924628, -2]
182	[-82.70727859924628, -2]
182	[-82.70727859924628, -2]
182	[-82.70727859924628, -2]
182	[-82.70727859924628, -2]
183	[-93.80282308620583, 0]
183	[-93.80282308620583, 0]
183	[-83.6662486697908, -1]
183	[-82.70335394825781, -2]
184	[-93.80282308620583, 0]
184	[-93.80282308620583, 0]
184	[-83.6662486697908, -1]
184	[-82.70335394825781, -2]
185	[-93.78425860353396, 0]
185	[-83.6662486697908, -1]
185	[-82.70335394825781, -2]
185	[-82.70335394825781, -2]
186	[-93.78425860353396, 0]
186	[-83.6662486697908, -1]
186	[-82.70335394825781, -2]
186	[-82.70335394825781, -2]
186	[-82.70335394825781, -2]
187	[-93.78425860353396, 0]
187	[-83.6662486697908, -1]
187	[-82.70335394825781, -2]
187	[-82.70335394825781, -2]
187	[-82.70335394825781, -2]
188	[-93.78425860353396, 0]
188	[-83.6662486697908, -1]
188	[-82.70050377698627, -2]
189	[-93.78425860353396, 0]
189	[-83.6662486697908, -1]
189	[-82.70050377698627, -2]
190	[-93.78425860353396, 0]
190	[-83.6662486697908, -1]
190	[-82.70050377698627, -2]
191	[-93.78425860353396, 0]
191	[-83.6662486697908, -1]
191	[-82.70050377698627, -2]
192	[-93.78425860353396, 0]
192	[-83.6662486697908, -1]
192	[-82.67909499507309, -2]
193	[-93.78425860353396, 0]
193	[-83.6662486697908, -1]
193	[-82.67909499507309, -2]
194	[-93.78425860353396, 0]
194	[-83.6662486697908, -1]
194	[-82.67909499507309, -2]
195	[-93.78425860353396, 0]
195	[-93.78425860353396, 0]
195	[-83.6662486697908, -1]
195	[-82.67909499507309, -2]
196	[-93.78425860353396, 0]
196	[-93.78425860353396, 0]
196	[-93.78425860353396, 0]
196	[-83.6662486697908, -1]
196	[-82.67909499507309, -2]
196	[-82.67909499507309, -2]
196	[-82.67909499507309, -2]
197	[-93.78425860353396, 0]
197	[-93.78425860353396, 0]
197	[-93.78425860353396, 0]
197	[-83.6662486697908, -1]
197	[-82.67909499507309, -2]
197	[-82.67909499507309, -2]
197	[-82.67909499507309, -2]
198	[-93.78425860353396, 0]
198	[-93.78425860353396, 0]
198	[-93.78425860353396, 0]
198	[-83.6662486697908, -1]
198	[-82.67909499507309, -2]
198	[-82.67909499507309, -2]
198	[-82.67909499507309, -2]
198	[-82.67909499507309, -2]
199	[-93.78425860353396, 0]
199	[-93.78425860353396, 0]
199	[-93.78425860353396, 0]
199	[-83.65923838574246, -1]
199	[-82.67909499507309, -2]
199	[-82.67909499507309, -2]
199	[-82.67909499507309, -2]
199	[-82.67909499507309, -2]
199	[-82.67909499507309, -2]
200	[-93.48526502025686, 0]
200	[-83.65831335412494, -1]
200	[-82.67909499507309, -2]
200	[-82.67909499507309, -2]
200	[-82.67909499507309, -2]
200	[-82.67909499507309, -2]
200	[-82.67909499507309, -2]
200	[-82.67909499507309, -2]
201	[-93.48526502025686, 0]
201	[-83.65831335412494, -1]
201	[-83.65831335412494, -1]
201	[-82.67909499507309, -2]
201	[-82.67909499507309, -2]
201	[-82.67909499507309, -2]
201	[-82.67909499507309, -2]
201	[-82.67909499507309, -2]
201	[-82.67909499507309, -2]
202	[-93.48526502025686, 0]
202	[-83.6370066703318, -1]
202	[-82.67909499507309, -2]
202	[-82.67909499507309, -2]
202	[-82.67909499507309, -2]
202	[-82.67909499507309, -2]
202	[-82.67909499507309, -2]
202	[-82.67909499507309, -2]
202	[-82.67909499507309, -2]
203	[-93.48526502025686, 0]
203	[-83.6370066703318, -1]
203	[-82.63736902610226, -2]
204	[-93.48526502025686, 0]
204	[-83.6370066703318, -1]
204	[-82.63736902610226, -2]
205	[-93.48526502025686, 0]
205	[-83.6370066703318, -1]
205	[-82.30521447301854, -2]
206	[-93.48526502025686, 0]
206	[-83.6370066703318, -1]
206	[-82.30521447301854, -2]
207	[-93.48526502025686, 0]
207	[-83.6370066703318, -1]
207	[-82.30521447301854, -2]
208	[-93.48526502025686, 0]
208	[-83.6370066703318, -1]
208	[-82.30521447301854, -2]
209	[-93.48526502025686, 0]
209	[-83.6370066703318, -1]
209	[-82.30521447301854, -2]
210	[-93.48526502025686, 0]
210	[-83.6370066703318, -1]
210	[-82.30521447301854, -2]
211	[-93.48526502025686, 0]
211	[-83.6370066703318, -1]
211	[-82.30521447301854, -2]
212	[-93.48526502025686, 0]
212	[-93.48526502025686, 0]
212	[-83.6370066703318, -1]
212	[-82.30521447301854, -2]
213	[-93.48526502025686, 0]
213	[-93.48526502025686, 0]
213	[-83.6370066703318, -1]
213	[-82.30521447301854, -2]
214	[-93.46927011462691, 0]
214	[-83.6370066703318, -1]
214	[-83.6370066703318, -1]
214	[-82.30521447301854, -2]
215	[-93.46927011462691, 0]
215	[-83.6370066703318, -1]
215	[-83.6370066703318, -1]
215	[-82.30521447301854, -2]
216	[-93.38465138745264, 0]
216	[-83.6370066703318, -1]
216	[-83.6370066703318, -1]
216	[-83.6370066703318, -1]
216	[-82.30521447301854, -2]
217	[-93.38465138745264, 0]
217	[-83.6370066703318, -1]
217	[-83.6370066703318, -1]
217	[-83.6370066703318, -1]
217	[-82.30521447301854, -2]
218	[-93.38465138745264, 0]
218	[-83.6370066703318, -1]
218	[-83.6370066703318, -1]
218	[-83.6370066703318, -1]
218	[-82.30521447301854, -2]
219	[-93.38465138745264, 0]
219	[-83.6370066703318, -1]
219	[-83.6370066703318, -1]
219	[-83.6370066703318, -1]
219	[-82.30521447301854, -2]
220	[-93.38465138745264, 0]
220	[-83.6370066703318, -1]
220	[-83.6370066703318, -1]
220	[-83.6370066703318, -1]
220	[-82.30521447301854, -2]
220	[-82.30521447301854, -2]
221	[-93.38465138745264, 0]
221	[-83.6370066703318, -1]
221	[-83.6370066703318, -1]
221	[-83.6370066703318, -1]
221	[-82.30521447301854, -2]
221	[-82.30521447301854, -2]
221	[-82.30521447301854, -2]
222	[-93.35487264785739, 0]
222	[-83.57976017559959, -1]
222	[-82.30521447301854, -2]
222	[-82.30521447301854, -2]
222	[-82.30521447301854, -2]
222	[-82.30521447301854, -2]
223	[-93.35487264785739, 0]
223	[-83.48880027568742, -1]
223	[-82.28860347997482, -2]
224	[-93.35487264785739, 0]
224	[-83.48880027568742, -1]
224	[-82.28860347997482, -2]
225	[-93.35487264785739, 0]
225	[-83.48880027568742, -1]
225	[-83.48880027568742, -1]
225	[-82.28860347997482, -2]
226	[-93.35487264785739, 0]
226	[-83.48880027568742, -1]
226	[-83.48880027568742, -1]
226	[-82.2847230108839, -2]
227	[-93.35487264785739, 0]
227	[-83.48880027568742, -1]
227	[-83.48880027568742, -1]
227	[-82.2847230108839, -2]
228	[-93.35487264785739, 0]
228	[-83.48880027568742, -1]
228	[-83.48880027568742, -1]
228	[-82.26497345724579, -2]
229	[-93.35487264785739, 0]
229	[-83.48880027568742, -1]
229	[-83.48880027568742, -1]
229	[-83.48880027568742, -1]
229	[-82.26497345724579, -2]
230	[-93.35487264785739, 0]
230	[-83.48880027568742, -1]
230	[-83.48880027568742, -1]
230	[-83.48880027568742, -1]
230	[-83.48880027568742, -1]
230	[-83.48880027568742, -1]
230	[-82.26497345724579, -2]
231	[-93.35487264785739, 0]
231	[-83.48880027568742, -1]
231	[-83.48880027568742, -1]
231	[-83.48880027568742, -1]
231	[-83.48880027568742, -1]
231	[-83.48880027568742, -1]
231	[-82.26497345724579, -2]
232	[-93.35487264785739, 0]
232	[-83.27390031277659, -1]
232	[-82.26497345724579, -2]
233	[-93.35487264785739, 0]
233	[-83.27390031277659, -1]
233	[-82.26497345724579, -2]
234	[-93.35487264785739, 0]
234	[-83.27390031277659, -1]
234	[-82.26497345724579, -2]
235	[-93.22717169463222, 0]
235	[-83.27390031277659, -1]
235	[-82.26497345724579, -2]
236	[-93.22717169463222, 0]
236	[-83.27390031277659, -1]
236	[-82.26497345724579, -2]
237	[-93.22717169463222, 0]
237	[-83.27390031277659, -1]
237	[-83.27390031277659, -1]
237	[-82.26497345724579, -2]
238	[-93.22717169463222, 0]
238	[-83.27390031277659, -1]
238	[-83.27390031277659, -1]
238	[-83.27390031277659, -1]
238	[-82.26497345724579, -2]
239	[-93.22717169463222, 0]
239	[-83.27390031277659, -1]
239	[-83.27390031277659, -1]
239	[-83.27390031277659, -1]
239	[-83.27390031277659, -1]
239	[-83.27390031277659, -1]
239	[-82.26497345724579, -2]
240	[-93.22717169463222, 0]
240	[-83.27390031277659, -1]
240	[-83.27390031277659, -1]
240	[-83.27390031277659, -1]
240	[-83.27390031277659, -1]
240	[-83.27390031277659, -1]
240	[-82.26497345724579, -2]
241	[-93.22717169463222, 0]
241	[-83.27390031277659, -1]
241	[-83.27390031277659, -1]
241	[-83.27390031277659, -1]
241	[-83.27390031277659, -1]
241	[-83.27390031277659, -1]
241	[-83.27390031277659, -1]
241	[-82.26497345724579, -2]
242	[-93.22717169463222, 0]
242	[-83.27390031277659, -1]
242	[-83.27390031277659, -1]
242	[-83.27390031277659, -1]
242	[-83.27390031277659, -1]
242	[-83.27390031277659, -1]
242	[-83.27390031277659, -1]
242	[-83.27390031277659, -1]
242	[-83.27390031277659, -1]
242	[-82.26497345724579, -2]
243	[-93.22717169463222, 0]
243	[-83.27390031277659, -1]
243	[-83.27390031277659, -1]
243	[-83.27390031277659, -1]
243	[-83.27390031277659, -1]
243	[-83.27390031277659, -1]
243	[-83.27390031277659, -1]
243	[-83.27390031277659, -1]
243	[-83.27390031277659, -1]
243	[-83.27390031277659, -1]
243	[-82.26497345724579, -2]
244	[-93.22717169463222, 0]
244	[-83.27390031277659, -1]
244	[-83.27390031277659, -1]
244	[-83.27390031277659, -1]
244	[-83.27390031277659, -1]
244	[-83.27390031277659, -1]
244	[-83.27390031277659, -1]
244	[-83.27390031277659, -1]
244	[-83.27390031277659, -1]
244	[-83.27390031277659, -1]
244	[-83.27390031277659, -1]
244	[-82.26497345724579, -2]
245	[-93.22717169463222, 0]
245	[-93.22717169463222, 0]
245	[-83.27390031277659, -1]
245	[-83.27390031277659, -1]
245	[-83.27390031277659, -1]
245	[-83.27390031277659, -1]
245	[-83.27390031277659, -1]
245	[-83.27390031277659, -1]
245	[-83.27390031277659, -1]
245	[-83.27390031277659, -1]
245	[-83.27390031277659, -1]
245	[-83.27390031277659, -1]
245	[-83.27390031277659, -1]
245	[-82.26497345724579, -2]
246	[-93.22717169463222, 0]
246	[-93.22717169463222, 0]
246	[-93.22717169463222, 0]
246	[-83.25014869797687, -1]
246	[-82.26497345724579, -2]
247	[-93.22717169463222, 0]
247	[-93.22717169463222, 0]
247	[-93.22717169463222, 0]
247	[-83.25014869797687, -1]
247	[-82.26497345724579, -2]
248	[-93.22717169463222, 0]
248	[-93.22717169463222, 0]
248	[-93.22717169463222, 0]
248	[-93.22717169463222, 0]
248	[-83.25014869797687, -1]
248	[-82.26497345724579, -2]
249	[-93.22717169463222, 0]
249	[-93.22717169463222, 0]
249	[-93.22717169463222, 0]
249	[-93.22717169463222, 0]
249	[-83.25014869797687, -1]
249	[-82.26497345724579, -2]
249	[-82.26497345724579, -2]
250	[-93.22717169463222, 0]
250	[-93.22717169463222, 0]
250	[-93.22717169463222, 0]
250	[-93.22717169463222, 0]
250	[-83.25014869797687, -1]
250	[-82.26497345724579, -2]
250	[-82.26497345724579, -2]
250	[-82.26497345724579, -2]
251	[-93.20564841333702, 0]
251	[-83.25014869797687, -1]
251	[-82.26497345724579, -2]
251	[-82.26497345724579, -2]
251	[-82.26497345724579, -2]
252	[-93.20564841333702, 0]
252	[-83.25014869797687, -1]
252	[-82.26497345724579, -2]
252	[-82.26497345724579, -2]
252	[-82.26497345724579, -2]
253	[-93.20564841333702, 0]
253	[-83.25014869797687, -1]
253	[-82.26497345724579, -2]
253	[-82.26497345724579, -2]
253	[-82.26497345724579, -2]
254	[-93.20564841333702, 0]
254	[-93.20564841333702, 0]
254	[-83.25014869797687, -1]
254	[-82.26497345724579, -2]
254	[-82.26497345724579, -2]
254	[-82.26497345724579, -2]
255	[-92.98476569262621, 0]
255	[-83.25014869797687, -1]
255	[-82.26497345724579, -2]
255	[-82.26497345724579, -2]
255	[-82.26497345724579, -2]
256	[-92.98476569262621, 0]
256	[-83.25014869797687, -1]
256	[-82.26497345724579, -2]
256	[-82.26497345724579, -2]
256	[-82.26497345724579, -2]
256	[-82.26497345724579, -2]
257	[-92.9665005271919, 0]
257	[-83.25014869797687, -1]
257	[-82.26497345724579, -2]
257	[-82.26497345724579, -2]
257	[-82.26497345724579, -2]
257	[-82.26497345724579, -2]
258	[-92.9665005271919, 0]
258	[-92.9665005271919, 0]
258	[-83.22766210745178, -1]
258	[-82.26497345724579, -2]
258	[-82.26497345724579, -2]
258	[-82.26497345724579, -2]
258	[-82.26497345724579, -2]
258	[-82.26497345724579, -2]
258	[-82.26497345724579, -2]
259	[-92.9665005271919, 0]
259	[-92.9665005271919, 0]
259	[-83.22766210745178, -1]
259	[-83.22766210745178, -1]
259	[-82.26497345724579, -2]
259	[-82.26497345724579, -2]
259	[-82.26497345724579, -2]
259	[-82.26497345724579, -2]
259	[-82.26497345724579, -2]
259	[-82.26497345724579, -2]
259	[-82.26497345724579, -2]
260	[-92.9665005271919, 0]
260	[-92.9665005271919, 0]
260	[-83.22766210745178, -1]
260	[-83.22766210745178, -1]
260	[-82.26497345724579, -2]
260	[-82.26497345724579, -2]
260	[-82.26497345724579, -2]
260	[-82.26497345724579, -2]
260	[-82.26497345724579, -2]
260	[-82.26497345724579, -2]
260	[-82.26497345724579, -2]
261	[-92.96021222660623, 0]
261	[-83.22766210745178, -1]
261	[-83.22766210745178, -1]
261	[-82.26497345724579, -2]
261	[-82.26497345724579, -2]
261	[-82.26497345724579, -2]
261	[-82.26497345724579, -2]
261	[-82.26497345724579, -2]
261	[-82.26497345724579, -2]
261	[-82.26497345724579, -2]
261	[-82.26497345724579, -2]
261	[-82.26497345724579, -2]
262	[-92.96021222660623, 0]
262	[-83.22766210745178, -1]
262	[-83.22766210745178, -1]
262	[-82.26497345724579, -2]
262	[-82.26497345724579, -2]
262	[-82.26497345724579, -2]
262	[-82.26497345724579, -2]
262	[-82.26497345724579, -2]
262	[-82.26497345724579, -2]
262	[-82.26497345724579, -2]
262	[-82.26497345724579, -2]
262	[-82.26497345724579, -2]
263	[-92.96021222660623, 0]
263	[-83.22766210745178, -1]
263	[-83.22766210745178, -1]
263	[-82.26497345724579, -2]
263	[-82.26497345724579, -2]
263	[-82.26497345724579, -2]
263	[-82.26497345724579, -2]
263	[-82.26497345724579, -2]
263	[-82.26497345724579, -2]
263	[-82.26497345724579, -2]
263	[-82.26497345724579, -2]
263	[-82.26497345724579, -2]
264	[-92.96021222660623, 0]
264	[-83.22766210745178, -1]
264	[-83.22766210745178, -1]
264	[-82.26039232034648, -2]
265	[-92.91576296245547, 0]
265	[-83.22766210745178, -1]
265	[-83.22766210745178, -1]
265	[-83.22766210745178, -1]
265	[-82.26039232034648, -2]
266	[-92.91576296245547, 0]
266	[-82.56296275561887, -1]
266	[-82.26039232034648, -2]
267	[-92.91576296245547, 0]
267	[-82.56296275561887, -1]
267	[-82.26039232034648, -2]
268	[-92.91576296245547, 0]
268	[-82.56296275561887, -1]
268	[-82.26039232034648, -2]
268	[-82.26039232034648, -2]
269	[-92.91576296245547, 0]
269	[-82.56296275561887, -1]
269	[-82.26039232034648, -2]
269	[-82.26039232034648, -2]
270	[-92.91576296245547, 0]
270	[-92.91576296245547, 0]
270	[-82.56296275561887, -1]
270	[-82.26039232034648, -2]
270	[-82.26039232034648, -2]
270	[-82.26039232034648, -2]
271	[-92.91576296245547, 0]
271	[-92.91576296245547, 0]
271	[-82.55283224818508, -1]
271	[-82.26039232034648, -2]
271	[-82.26039232034648, -2]
271	[-82.26039232034648, -2]
272	[-92.91576296245547, 0]
272	[-92.91576296245547, 0]
272	[-82.55283224818508, -1]
272	[-82.26039232034648, -2]
272	[-82.26039232034648, -2]
272	[-82.26039232034648, -2]
273	[-92.91576296245547, 0]
273	[-92.91576296245547, 0]
273	[-92.91576296245547, 0]
273	[-82.55283224818508, -1]
273	[-82.26039232034648, -2]
273	[-82.26039232034648, -2]
273	[-82.26039232034648, -2]
274	[-92.91576296245547, 0]
274	[-92.91576296245547, 0]
274	[-92.91576296245547, 0]
274	[-92.91576296245547, 0]
274	[-82.55283224818508, -1]
274	[-82.26039232034648, -2]
274	[-82.26039232034648, -2]
274	[-82.26039232034648, -2]
275	[-92.91576296245547, 0]
275	[-92.91576296245547, 0]
275	[-92.91576296245547, 0]
275	[-92.91576296245547, 0]
275	[-82.55283224818508, -1]
275	[-82.26039232034648, -2]
275	[-82.26039232034648, -2]
275	[-82.26039232034648, -2]
276	[-92.91576296245547, 0]
276	[-92.91576296245547, 0]
276	[-92.91576296245547, 0]
276	[-92.91576296245547, 0]
276	[-82.55283224818508, -1]
276	[-82.25498679627415, -2]
277	[-92.91576296245547, 0]
277	[-92.91576296245547, 0]
277	[-92.91576296245547, 0]
277	[-92.91576296245547, 0]
277	[-82.55283224818508, -1]
277	[-82.25498679627415, -2]
278	[-92.91576296245547, 0]
278	[-92.91576296245547, 0]
278	[-92.91576296245547, 0]
278	[-92.91576296245547, 0]
278	[-82.55283224818508, -1]
278	[-82.25498679627415, -2]
279	[-92.91576296245547, 0]
279	[-92.91576296245547, 0]
279	[-92.91576296245547, 0]
279	[-92.91576296245547, 0]
279	[-82.55283224818508, -1]
279	[-82.25498679627415, -2]
280	[-92.91576296245547, 0]
280	[-92.91576296245547, 0]
280	[-92.91576296245547, 0]
280	[-92.91576296245547, 0]
280	[-92.91576296245547, 0]
280	[-82.55283224818508, -1]
280	[-82.2464895536766, -2]
281	[-92.91576296245547, 0]
281	[-92.91576296245547, 0]
281	[-92.91576296245547, 0]
281	[-92.91576296245547, 0]
281	[-92.91576296245547, 0]
281	[-82.55283224818508, -1]
281	[-82.2464895536766, -2]
282	[-92.91576296245547, 0]
282	[-92.91576296245547, 0]
282	[-92.91576296245547, 0]
282	[-92.91576296245547, 0]
282	[-92.91576296245547, 0]
282	[-82.55283224818508, -1]
282	[-82.2464895536766, -2]
283	[-90.86665036939814, 0]
283	[-82.55283224818508, -1]
283	[-82.2464895536766, -2]
284	[-90.86665036939814, 0]
284	[-82.55283224818508, -1]
284	[-82.2464895536766, -2]
285	[-90.57932314568768, 0]
285	[-82.55283224818508, -1]
285	[-82.2464895536766, -2]
286	[-90.57932314568768, 0]
286	[-82.55283224818508, -1]
286	[-82.2464895536766, -2]
287	[-90.57932314568768, 0]
287	[-82.55283224818508, -1]
287	[-82.2464895536766, -2]
288	[-90.57932314568768, 0]
288	[-82.55283224818508, -1]
288	[-82.2464895536766, -2]
289	[-90.57932314568768, 0]
289	[-82.55283224818508, -1]
289	[-82.22936235317586, -2]
290	[-90.57932314568768, 0]
290	[-90.57932314568768, 0]
290	[-82.55283224818508, -1]
290	[-82.55283224818508, -1]
290	[-82.22936235317586, -2]
291	[-90.57932314568768, 0]
291	[-90.57932314568768, 0]
291	[-82.55283224818508, -1]
291	[-82.55283224818508, -1]
291	[-82.55283224818508, -1]
291	[-82.22936235317586, -2]
292	[-90.57932314568768, 0]
292	[-90.57932314568768, 0]
292	[-82.54095829471368, -1]
292	[-82.22936235317586, -2]
293	[-90.57932314568768, 0]
293	[-90.57932314568768, 0]
293	[-82.54095829471368, -1]
293	[-82.22936235317586, -2]
294	[-90.57932314568768, 0]
294	[-90.57932314568768, 0]
294	[-82.53442574005335, -1]
294	[-82.22936235317586, -2]
295	[-90.57932314568768, 0]
295	[-90.57932314568768, 0]
295	[-82.53442574005335, -1]
295	[-82.22936235317586, -2]
296	[-90.57932314568768, 0]
296	[-90.57932314568768, 0]
296	[-90.57932314568768, 0]
296	[-82.53442574005335, -1]
296	[-82.22936235317586, -2]
297	[-90.57932314568768, 0]
297	[-90.57932314568768, 0]
297	[-90.57932314568768, 0]
297	[-82.53442574005335, -1]
297	[-82.22936235317586, -2]
298	[-90.57932314568768, 0]
298	[-90.57932314568768, 0]
298	[-90.57932314568768, 0]
298	[-82.53442574005335, -1]
298	[-82.22936235317586, -2]
299	[-90.57932314568768, 0]
299	[-90.57932314568768, 0]
299	[-90.57932314568768, 0]
299	[-90.57932314568768, 0]
299	[-82.53442574005335, -1]
299	[-82.53442574005335, -1]
299	[-82.22936235317586, -2]
300	[-90.57932314568768, 0]
300	[-90.57932314568768, 0]
300	[-90.57932314568768, 0]
300	[-90.57932314568768, 0]
300	[-82.53442574005335, -1]
300	[-82.53442574005335, -1]
300	[-81.73986724315596, -2]
300	[-90.57932314568768, 0]
300	[-90.57932314568768, 0]
300	[-90.57932314568768, 0]
300	[-90.57932314568768, 0]
300	[-82.53442574005335, -1]
300	[-82.53442574005335, -1]
300	[-81.73986724315596, -2]
