Generation:
300

Phenotype:
4
V1 = gm([9, 19.5, 27.6], [26.2, 8, 1.6], [15.7, 2.2, 1.7]);
V2 = V1;
V2 = V2 + gm([36.4, 3, 3], [43, 20, 4.1]);
V3 = 7;
V3 = V3 + gm([18.6, 7, 5], [21.5, 2.7, 1.6]);

Pre-processed Program
:W = gm([0.176817, 0.514735, 0.308448], [19.5, 8, 2.2], [27.6, 1.6, 1.7]);T = W;T = T;T = T + gm([0.458438, 0.541562], [3, 20], [3, 4.1]);F = 7;F = F;F = F + gm([0.463840, 0.536160], [7, 2.7], [5, 1.6]);Genotype:
[188, 309, 391, 228, 21, 230, 376, 181, 110, 162, 101, 223, 418, 175, 27, 347, 57, 85, 281, 91, 136, 467, 31, 460, 203, 90, 107, 474, 465, 319, 359, 163, 329, 307, 132, 40, 488, 364, 242, 130, 334, 21, 64, 401, 415, 61, 444, 453, 146, 105, 74, 207, 14, 300, 400, 426, 326, 371, 4, 9, 102, 164, 268, 25, 54, 313, 318, 79, 494, 379, 477, 317, 273, 50, 488, 160, 356, 209, 474, 13, 174, 238, 381, 104, 123, 335, 460, 50, 285, 402, 282, 31, 416, 359, 285, 461, 314, 452, 369, 384, 485, 481, 191, 40, 259, 165, 130, 14, 267, 22, 495, 188, 41, 107, 445, 360, 177, 96, 428, 103, 136, 344, 373, 376, 154, 159, 264, 440, 196, 130, 246, 176, 446, 364, 122, 22, 156, 478, 282, 271, 4, 235, 253, 370, 224, 24, 469, 414, 199, 252, 235, 225, 60, 43, 41, 123, 50, 6, 391, 78, 211, 452]
Tree:
None
Fitness on 5000 data:
-62.395835238035474

Fitness:
[-62.38069678294114, -1]