Generation:
798

Phenotype:
4
V1 = gm([6.2e0, +1.6e0, 1.5e0], [6.9e1, +9.9e0, 3.0e0]);
V2 = +V1 * +V1;
V2 = V2 + gm([4.1e1, -4.0e0, 8.5e0], [1.3e0, +2.2e1, 1.2e1], [4.8e1, +5.4e0, 9.1e0]);
V3 = +0.0e0 * +9.3e1;
V3 = V3 + gm([6.2e0, +1.6e0, 1.5e0], [6.9e1, +9.9e0, 3.0e0]);

Pre-processed Program
:T = gm([0.082447, 0.917553], [1.6, 9.9], [1.5, 3]);TEMP0 = T * T;P = TEMP0;P = P + gm([0.454042, 0.014396, 0.531561], [-4, 22, 5.4], [8.5, 12, 9.1]);F = 0;F = F + gm([0.082447, 0.917553], [1.6, 9.9], [1.5, 3]);Genotype:
[239, 183, 461, 288, 66, 93, 78, 116, 232, 412, 437, 476, 191, 136, 210, 330, 161, 275, 164, 84, 67, 126, 209, 377, 306, 466, 459, 89, 60, 56, 373, 410, 222, 297, 154, 65, 230, 48, 72, 291, 418, 442, 31, 418, 128, 271, 33, 244, 331, 391, 240, 295, 494, 350, 328, 291, 198, 235, 70, 213, 178, 151, 313, 340, 364, 390, 482, 372, 455, 340, 281, 412, 17, 370, 446, 394, 188, 433, 293, 254, 195, 404, 240, 232, 379, 91, 426, 244, 124, 241, 82, 63, 6, 32, 30, 280, 218, 43, 365, 242]
Tree:
None
Fitness on 5000 data:
-70.83334071592233

Fitness:
-70.83334071592233