Generation:
1198

Phenotype:
4
V1 = uniform([-0.5e0, 1.6e1], 2);
V2 = gm([5.9e1, +1.4e1, 1.6e1], [8.7e1, +9.9e1, 9.9e1]);
V3 = uniform([+6.3e0, 7.3e0], 2);

Pre-processed Program
:T = uniform([-0.500000, 15.500000], 2);P = gm([0.404110, 0.595890], [14, 99], [16, 99]);F = uniform([6.300000, 13.600000], 2);Genotype:
[106, 441, 367, 114, 342, 67, 250, 425, 374, 56, 61, 406, 429, 16, 261, 61, 282, 335, 189, 467, 300, 84, 201, 94, 259, 332, 221, 406, 467, 62, 408, 448, 87, 109, 227, 168, 9, 219, 161, 121, 179, 439, 37, 471, 469, 202, 176, 266, 453, 42, 101, 347, 233, 108, 441, 487, 494, 256, 281, 416, 290, 82, 116, 179, 258, 427, 74, 459, 351, 226, 314, 487, 157, 72, 311, 490, 418, 47, 140, 216, 309, 386, 54, 291, 215, 79, 287, 39, 472, 283, 407, 292, 136, 278, 87, 82, 412, 256, 378, 377, 4, 56, 94, 487, 408, 165, 402, 247, 433, 40, 285, 225, 435, 107, 73, 266, 361, 348, 187, 436, 304, 430, 289, 120, 294, 75, 107, 220, 391, 240, 70, 485, 398, 298, 266, 365, 82, 422, 173, 155, 460, 106, 89, 345, 429, 145, 317, 68, 152, 163, 166, 490, 365]
Tree:
None
Fitness on 5000 data:
-88.28784052298965

Fitness:
-88.28784052298965