Generation:
398

Phenotype:
4
V1 = uniform([-3.4e0, 2.0e1], 2);
V2 = gm([6.0e1, +1.4e1, 1.5e1], [8.9e1, +9.9e1, 9.9e1]);
V3 = uniform([+6.5e0, 6.9e0], 2);

Pre-processed Program
:T = uniform([-3.400000, 16.600000], 2);P = gm([0.402685, 0.597315], [14, 99], [15, 99]);F = uniform([6.500000, 13.400000], 2);Genotype:
[65, 441, 481, 325, 22, 219, 383, 464, 392, 353, 142, 170, 57, 100, 474, 97, 431, 226, 230, 199, 139, 270, 91, 474, 75, 486, 401, 35, 215, 6, 211, 448, 339, 467, 307, 388, 379, 459, 327, 40, 179, 49, 403, 353, 290, 412, 100, 266, 115, 6, 191, 496, 249, 300, 441, 487, 494, 256, 281, 416, 290, 82, 116, 179, 258, 427, 74, 459, 351, 226, 314, 487, 157, 72, 311, 490, 418, 47, 140, 216, 309, 386, 54, 291, 215, 79, 287, 39, 472, 283, 407, 292, 136, 278, 87, 82, 412, 256, 378, 377, 4, 56, 94, 487, 408, 165, 402, 247, 433, 40, 285, 225, 435, 107, 73, 266, 361, 348, 187, 436, 304, 430, 289, 120, 294, 75, 107, 220, 391, 240, 70, 485, 398, 298, 266, 365, 82, 422, 173, 155, 460, 106, 89, 345, 429, 145, 317, 68, 152, 163, 166, 490, 365]
Tree:
None
Fitness on 5000 data:
-88.97088850030711

Fitness:
-88.97088850030711