Generation:
300

Phenotype:
3
V1 = gm([8.47e-2, +9.81e-0, 7.56e+0]);
V2 = -3.23e-2;
V2 = V2 + gm([5.07e+0, -9.75e-0, 7.02e-0], [7.70e+3, +9.77e+0, 0.22e+1], [0.91e-1, -8.56e+2, 0.26e+2]);
V3 = +V1 * +V1;
V3 = V3 + gm([2.29e+1, +7.75e+0, 2.20e-2], [2.35e+2, -0.50e-0, 7.39e-1], [1.70e+1, -5.77e+0, 1.49e-3], [8.02e+2, +1.09e-1, 8.98e-0]);

Pre-processed Program
:T = gm([1.000000], [9.81], [7.56]);F = 0;F = F - 0.0323;F = F + gm([0.000658, 0.999330, 0.000012], [-9.75, 9.77, -856], [7.02, 2.2, 26]);TEMP0 = T * T;P = TEMP0;P = P + gm([0.021265, 0.218219, 0.015786, 0.744730], [7.75, -0.5, -5.77, 0.109], [0.022, 0.739, 0.0015, 8.98]);Genotype:
[163, 284, 402, 242, 284, 64, 460, 168, 104, 427, 53, 178, 82, 112, 159, 128, 361, 137, 348, 467, 97, 145, 476, 136, 376, 82, 242, 190, 205, 150, 257, 43, 322, 243, 205, 382, 258, 90, 421, 240, 325, 250, 447, 188, 448, 307, 233, 219, 397, 245, 175, 308, 411, 337, 0, 132, 101, 416, 217, 365, 397, 237, 50, 460, 139, 241, 304, 339, 137, 227, 262, 308, 448, 350, 222, 212, 358, 205, 292, 471, 40, 69, 481, 189, 369, 108, 409, 78, 115, 416, 152, 198, 20, 330, 392, 346, 142, 66, 304, 480]
Tree:
None
Fitness on 5000 data:
-83.10255774196045

Fitness:
-83.10255774196045