Generation:
600

Phenotype:
3
V1 = uniform([+9.99e-1, 7.00e-0], 2);
V2 = +V1;
V2 = V2 + gm([6.28e+3, +5.00e+0, 2.49e+0]);
V3 = +7.57e-1 * +5.36e-1;
V3 = V3 + uniform([+3.05e+0, 2.09e+1], 2);

Pre-processed Program
:C = uniform([0.999000, 7.999000], 2);F = C;F = F + gm([1.000000], [5], [2.49]);T = 0.4058;T = T + uniform([3.050000, 23.950000], 2);Genotype:
[260, 194, 426, 307, 474, 269, 44, 349, 269, 159, 443, 145, 235, 237, 330, 50, 137, 452, 292, 216, 26, 58, 114, 489, 80, 125, 16, 8, 396, 82, 58, 92, 343, 299, 142, 205, 230, 340, 250, 48, 332, 42, 204, 379, 180, 488, 498, 468, 137, 488, 337, 13, 484, 117, 455, 327, 147, 309, 417, 121, 476, 235, 53, 236, 319, 433, 125, 308, 291, 280, 223, 170, 45, 494, 80, 279, 432, 460, 49, 266, 441, 329, 139, 268, 347, 316, 177, 356, 248, 408, 201, 331, 320, 276, 56, 365, 382, 126, 429, 14]
Tree:
None
Fitness on 5000 data:
-105.65325195074084

Fitness:
-105.65325195074084