Generation:
1500

Phenotype:
13
V1 = uniform([+2.8e0, 2.1e1], 2);
V2 = +4.0e1;
V2 = V2 + gm([4.6e0, -2.9e1, 2.2e0]);
V3 = +0.6e0;
V3 = V3 + uniform([+1.3e0, 6.0e0], 2);
V4 = -V1 * -V1 - -5.1e1 * +V3 + -V2;
V4 = V4 + gm([7.9e1, +3.0e0, 8.2e0]);

Pre-processed Program
:T = uniform([2.800000, 23.800000], 2);F = 40;F = F + gm([1.000000], [-29], [2.2]);C = 0.6;C = C + uniform([1.300000, 7.300000], 2);TEMP0 = T * T;TEMP1 = -51 * C;E = TEMP0;E = E - TEMP1;E = E - F;E = E + gm([1.000000], [3], [8.2]);Genotype:
[60, 420, 146, 317, 178, 365, 108, 312, 448, 474, 293, 182, 271, 247, 125, 124, 472, 151, 222, 498, 94, 170, 349, 60, 299, 196, 225, 374, 386, 102, 240, 7, 472, 49, 405, 30, 392, 172, 206, 310, 468, 300, 429, 112, 172, 180, 146, 78, 443, 358, 103, 14, 451, 273, 260, 138, 226, 90, 106, 296, 433, 203, 380, 167, 482, 274, 15, 63, 478, 181, 57, 387, 335, 12, 89, 398, 51, 435, 471, 393, 346, 116, 386, 356, 206, 20, 193, 466, 34, 164, 446, 416, 367, 29, 65, 110, 8, 163, 230, 114, 384, 158, 322, 144, 199, 260, 427, 280, 23, 344, 52, 388, 353, 374, 201, 485, 357, 38, 495, 401, 243, 389, 263, 419, 497, 161, 336, 125, 460, 89, 58, 352, 126, 19, 273, 354, 439, 105, 38, 224, 360, 337, 321, 52, 119, 55, 80, 336, 135, 179, 346, 351, 265, 382, 71, 110, 252, 329, 443, 303, 279, 377, 337, 420, 267, 59, 150, 163, 498, 254, 43, 176, 128, 402, 105, 265, 280, 200, 160, 7, 39, 209, 335, 273, 55, 473, 183, 423, 57, 341, 123, 146, 397, 292, 378, 124, 284, 240, 243, 45, 135, 117, 212, 351, 265, 382, 213, 112, 73, 329, 128, 253, 369, 1, 309, 297, 468, 59, 150, 163, 498, 252, 5, 391, 128, 303, 105, 265, 280, 126, 442, 7, 400, 33, 335, 258, 102, 402, 494, 481, 261, 100, 332, 421, 452, 350, 302, 500, 132, 467, 53, 156, 43, 188, 274, 230, 13, 197, 494, 329, 62, 89, 464, 112, 323, 66, 52, 424, 95, 3, 195, 198, 450, 89, 73, 401, 17, 196, 303, 289, 470, 196, 366, 268, 28, 323, 329, 401, 300, 74, 252, 195, 198, 450, 137, 308, 411, 17, 177]
Tree:
None
Fitness on 5000 data:
-93.98208635353096

Fitness:
-93.98208635353096