Generation:
1500

Phenotype:
3
V1 = gm([0.4e1, +4.9e0, 3.0e0]);
V2 = gm([3.6e1, +9.9e0, 2.0e0], [3.3e0, +9.9e0, 1.3e0]);
V3 = gm([8.2e0, +1.5e1, 4.5e0], [2.3e0, +8.8e0, 4.0e0]);

Pre-processed Program
:W = gm([1.000000], [4.9], [3]);F = gm([0.916031, 0.083969], [9.9, 9.9], [2, 1.3]);T = gm([0.780952, 0.219048], [15, 8.8], [4.5, 4]);Genotype:
[439, 344, 282, 169, 500, 19, 230, 14, 101, 70, 90, 134, 209, 442, 402, 283, 100, 148, 138, 71, 73, 409, 73, 426, 289, 86, 12, 299, 99, 314, 466, 42, 60, 62, 492, 306, 23, 143, 136, 225, 188, 459, 209, 0, 152, 51, 153, 364, 276, 74, 139, 402, 478, 222, 46, 202, 120, 461, 495, 479, 116, 104, 15, 110, 164, 299, 152, 193, 162, 252, 360, 88, 38, 80, 294, 414, 370, 448, 164, 266, 431, 124, 367, 354, 197, 242, 322, 81, 63, 112, 43, 307, 184, 367, 390, 74, 80, 447, 227, 18]
Tree:
None
Fitness on 5000 data:
-58.8809306299522

Fitness:
-58.8809306299522