Generation:
398

Phenotype:
3
V1 = gm([2.5e1, +4.9e0, 3.0e0]);
V2 = gm([3.2e1, +9.9e0, 2.0e0], [4.8e0, +9.9e0, 1.6e0]);
V3 = gm([8.2e0, +1.5e1, 4.5e0], [2.3e0, +8.9e0, 4.1e0]);

Pre-processed Program
:W = gm([1.000000], [4.9], [3]);F = gm([0.869565, 0.130435], [9.9, 9.9], [2, 1.6]);T = gm([0.780952, 0.219048], [15, 8.9], [4.5, 4.1]);Genotype:
[181, 272, 358, 51, 476, 167, 292, 5, 371, 191, 90, 134, 209, 110, 274, 283, 50, 444, 138, 93, 383, 175, 73, 402, 289, 373, 12, 299, 249, 314, 44, 42, 60, 390, 486, 410, 304, 168, 4, 250, 188, 459, 209, 0, 288, 51, 16, 74, 162, 96, 167, 234, 478, 122, 250, 396, 120, 301, 495, 365, 116, 104, 15, 222, 164, 220, 152, 193, 162, 140, 304, 88, 119, 162, 436, 414, 51, 448, 164, 266, 431, 124, 367, 354, 197, 242, 322, 81, 63, 112, 43, 307, 184, 367, 390, 74, 80, 447, 227, 18]
Tree:
None
Fitness on 5000 data:
-58.883690228318926

Fitness:
-58.883690228318926