Generation:
798

Phenotype:
3
V1 = gm([2.5e1, +4.9e0, 3.0e0]);
V2 = gm([3.3e1, +9.9e0, 2.0e0], [3.8e0, +9.9e0, 1.5e0]);
V3 = gm([8.0e0, +1.5e1, 4.5e0], [2.3e0, +8.9e0, 4.0e0]);

Pre-processed Program
:W = gm([1.000000], [4.9], [3]);F = gm([0.896739, 0.103261], [9.9, 9.9], [2, 1.5]);T = gm([0.776699, 0.223301], [15, 8.9], [4.5, 4]);Genotype:
[181, 272, 358, 51, 500, 18, 292, 395, 371, 77, 90, 134, 209, 110, 274, 283, 100, 444, 138, 93, 383, 175, 73, 413, 289, 373, 12, 299, 249, 226, 44, 42, 60, 62, 486, 410, 23, 168, 4, 250, 188, 459, 209, 0, 455, 51, 495, 74, 162, 96, 139, 51, 478, 170, 298, 396, 120, 301, 495, 365, 116, 104, 15, 110, 164, 264, 152, 193, 162, 267, 304, 88, 119, 124, 436, 414, 370, 448, 164, 266, 431, 124, 367, 354, 197, 242, 322, 81, 63, 112, 43, 307, 184, 367, 390, 74, 80, 447, 227, 18]
Tree:
None
Fitness on 5000 data:
-58.88156336060784

Fitness:
-58.88156336060784