Generation:
1198

Phenotype:
3
V1 = gm([2.5e1, +4.9e0, 3.0e0]);
V2 = gm([3.2e1, +9.9e0, 2.0e0], [3.4e0, +9.9e0, 1.3e0]);
V3 = gm([8.1e0, +1.5e1, 4.5e0], [2.3e0, +8.8e0, 4.0e0]);

Pre-processed Program
:W = gm([1.000000], [4.9], [3]);F = gm([0.903955, 0.096045], [9.9, 9.9], [2, 1.3]);T = gm([0.778846, 0.221154], [15, 8.8], [4.5, 4]);Genotype:
[439, 344, 326, 454, 500, 154, 292, 395, 371, 70, 90, 134, 209, 442, 402, 283, 100, 148, 138, 93, 383, 424, 73, 132, 289, 86, 12, 299, 249, 314, 466, 42, 60, 62, 492, 306, 23, 434, 136, 225, 188, 459, 209, 0, 279, 51, 153, 364, 276, 484, 139, 402, 478, 421, 68, 345, 120, 301, 495, 309, 116, 104, 15, 110, 164, 299, 152, 193, 162, 43, 184, 88, 478, 80, 16, 414, 370, 448, 164, 266, 431, 124, 367, 354, 197, 242, 322, 81, 63, 112, 43, 307, 184, 367, 390, 74, 80, 447, 227, 18]
Tree:
None
Fitness on 5000 data:
-58.88108100301891

Fitness:
-58.88108100301891