Generation:
398

Phenotype:
5
V1 = uniform([-8.7e-2, 3.9e+1], 2);
V2 = +V1;
V2 = V2 + uniform([-8.9e-0, 9.0e+2], 2);
V3 = -V1;
V3 = V3 + uniform([+8.2e+0, 1.5e+1], 2);
if V2 > -9.8e+2 { 
   V4 = +9.1e-2 - -V1; 
 } else { 
   V4 = -0.8e-1; 
 } end if;
V4 = V4 + uniform([+6.5e-2, 1.5e+1], 2);

Pre-processed Program
:F = uniform([-0.087000, 38.913000], 2);E = F;E = E + uniform([-8.900000, 891.100000], 2);C = 0;C = C - F;C = C + uniform([8.200000, 23.200000], 2);if E > -980 {   T = 0.091;   T = T + F; } else {   T = 0;   T = T - 0.08; } end if;T = T + uniform([0.065000, 15.065000], 2);Genotype:
[375, 412, 479, 19, 342, 451, 413, 128, 127, 151, 92, 436, 253, 239, 232, 250, 440, 492, 456, 314, 162, 246, 47, 234, 194, 213, 278, 189, 333, 195, 156, 79, 290, 458, 299, 260, 222, 66, 290, 177, 234, 287, 61, 3, 258, 158, 22, 184, 87, 421, 291, 285, 270, 211, 105, 493, 448, 342, 243, 497, 199, 128, 406, 362, 338, 381, 30, 452, 109, 128, 312, 399, 161, 219, 401, 355, 104, 164, 263, 294, 322, 302, 296, 99, 476, 333, 210, 468, 331, 313, 217, 373, 63, 228, 376, 195, 343, 284, 291, 161, 55, 334, 370, 66, 355, 58, 379, 474, 170, 453, 50, 289, 304, 332, 46, 231, 321, 265, 342, 408, 241, 378, 294, 93, 44, 492, 405, 70, 341, 332, 165, 98, 392, 283, 77, 470, 195, 10, 396, 478, 293, 163, 430, 317, 28, 361, 498, 347, 266, 211, 19, 472, 287, 342, 134, 416, 168, 292, 21, 43, 90, 285, 107, 452, 46, 360, 231, 107, 343, 124, 13, 404, 402, 89, 121, 259, 165, 97, 40, 74, 405, 417, 478, 393, 371, 494, 121, 457, 126, 289, 169, 421, 367, 479, 485, 346, 28, 349, 285, 466, 211, 500, 97, 265, 342, 148, 312, 97, 432, 366, 384, 140, 422, 251, 125, 449, 466, 205, 479, 184, 414, 165, 216, 392, 283, 114, 192, 195, 74, 77, 478, 378, 215, 264, 317, 194, 67, 337, 285, 466, 211, 494, 97, 13, 342, 134, 263, 168, 292, 21, 388, 90, 285, 30, 336, 46, 106, 400, 144, 435, 427, 404, 355, 115, 66, 17, 294, 322, 328, 296, 145, 129, 468, 434, 384, 427, 404, 322, 352, 324, 74, 165, 392, 40, 74, 114, 161, 312, 205, 371, 494, 459, 187, 126, 258, 169, 449, 11, 24, 263, 176, 292, 66, 83, 476, 261, 219, 296, 149, 25, 51, 342, 186, 427, 0, 57, 402, 234, 260, 143, 165, 392, 327, 74, 114, 417, 39, 427, 133, 263, 364, 292, 365, 362, 90, 285, 30, 1, 215, 350, 420, 127, 42, 160, 174, 366, 94, 434, 77, 251, 125, 449, 466, 205, 479, 184, 237, 120, 313, 339, 342, 178, 411, 216, 464, 283, 146, 345, 195, 23, 77, 478, 242, 147, 92, 331, 428, 67, 337, 245, 466, 211, 132, 267, 265, 342, 269, 263, 351, 378, 301, 334, 90, 202, 181, 424, 345, 112, 37, 144, 186, 479, 404, 355, 352, 425, 17, 105, 322, 302, 269, 67, 25, 37, 379, 448, 427, 186, 392, 352, 63, 479, 55, 392, 40, 74, 457, 417, 94, 467, 329, 164, 185, 187, 126, 258, 169, 224, 342, 24, 263, 176, 292, 344, 17, 82, 261, 219, 296, 149, 25, 498, 432, 186, 427, 442, 5, 399, 314, 417, 302, 411, 215, 28, 420, 318, 42, 481, 280, 366, 94, 140, 16, 212, 125, 419, 466, 441, 256, 217, 431, 168, 313, 339]
Tree:
None
Fitness on 5000 data:
-140.21774653022808

Fitness:
-140.21774653022808