Generation:
798

Phenotype:
3
V1 = gm([6.8e0, +9.6e0, 2.2e0], [0.8e1, +1.0e1, 1.6e0]);
V2 = uniform([+2.0e0, 6.2e0], 2);
V3 = gm([0.2e0, -5.6e1, 7.3e1], [7.8e1, +1.5e1, 4.1e0], [1.7e0, +1.4e1, 2.1e0], [0.3e0, +8.8e0, 1.8e0]);
V4 = gm([4.6e0, +2.9e0, 2.2e0], [8.0e0, +6.1e0, 3.1e0]);
V5 = gm([0.2e0, +6.2e0, 6.1e0], [6.2e1, +9.9e1, 9.9e1]);

Pre-processed Program
:F = gm([0.459459, 0.540541], [9.6, 10], [2.2, 1.6]);C = uniform([2.000000, 8.200000], 2);T = gm([0.002494, 0.972569, 0.021197, 0.003741], [-56, 15, 14, 8.8], [73, 4.1, 2.1, 1.8]);W = gm([0.365079, 0.634921], [2.9, 6.1], [2.2, 3.1]);P = gm([0.003215, 0.996785], [6.2, 99], [6.1, 99]);Genotype:
[450, 242, 446, 149, 143, 74, 16, 8, 96, 472, 382, 139, 286, 268, 182, 22, 252, 220, 388, 488, 490, 78, 33, 450, 226, 321, 180, 357, 3, 271, 376, 142, 477, 73, 261, 240, 142, 20, 230, 480, 106, 432, 138, 210, 166, 111, 206, 20, 492, 56, 362, 379, 205, 406, 79, 489, 207, 403, 409, 289, 69, 497, 458, 423, 45, 306, 341, 395, 401, 12, 244, 131, 164, 41, 480, 161, 217, 252, 322, 488, 451, 94, 411, 68, 72, 321, 250, 196, 150, 380, 33, 148, 379, 4, 458, 478, 454, 259, 271, 78]
Tree:
None
Fitness on 5000 data:
-161.88687327041976

Fitness:
-161.88687327041976