Generation:
398

Phenotype:
3
V1 = gm([9.0e1, +9.6e0, 3.2e0], [1.0e0, +0.0e1, 2.2e0]);
V2 = uniform([+2.0e0, 6.0e0], 2);
V3 = gm([0.0e0, +2.6e1, 9.3e1], [8.7e1, +1.5e1, 4.5e0], [3.4e0, -6.4e1, 5.1e1], [0.3e0, +2.3e1, 0.4e1]);
V4 = gm([4.9e0, +2.9e0, 2.3e0], [9.1e0, +6.0e0, 3.2e0]);
V5 = gm([0.2e0, +6.0e0, 2.1e1], [6.8e0, +9.9e1, 9.9e1]);

Pre-processed Program
:F = gm([0.989011, 0.010989], [9.6, 0], [3.2, 2.2]);C = uniform([2.000000, 8.000000], 2);T = gm([0.000000, 0.959206, 0.037486, 0.003308], [26, 15, -64, 23], [93, 4.5, 51, 4]);W = gm([0.350000, 0.650000], [2.9, 6], [2.3, 3.2]);P = gm([0.028571, 0.971429], [6, 99], [21, 99]);Genotype:
[3, 242, 250, 149, 143, 424, 319, 260, 63, 426, 382, 129, 176, 268, 182, 263, 252, 124, 254, 459, 51, 10, 298, 426, 266, 160, 180, 315, 53, 12, 212, 282, 331, 233, 261, 240, 22, 20, 230, 104, 106, 220, 296, 210, 422, 251, 211, 20, 500, 386, 8, 160, 462, 46, 79, 489, 199, 463, 29, 289, 55, 118, 17, 423, 255, 70, 341, 395, 235, 447, 244, 405, 432, 291, 480, 463, 294, 104, 89, 83, 296, 94, 411, 489, 215, 321, 325, 76, 320, 40, 33, 184, 11, 4, 162, 83, 233, 56, 200, 314]
Tree:
None
Fitness on 5000 data:
-164.08626832253756

Fitness:
-164.08626832253756