Generation:
1500

Phenotype:
3
V1 = gm([8.8e1, +9.6e0, 2.2e0], [9.8e1, +1.0e1, 1.6e0]);
V2 = uniform([+2.0e0, 6.0e0], 2);
V3 = gm([0.3e0, -5.6e1, 7.0e1], [7.8e1, +1.5e1, 4.1e0], [6.3e0, +1.4e1, 3.5e0], [0.7e0, +7.8e0, 0.2e1]);
V4 = gm([5.8e0, +2.9e0, 2.2e0], [8.9e0, +6.1e0, 3.1e0]);
V5 = gm([0.2e0, +6.0e0, 5.7e1], [6.6e1, +9.9e1, 9.9e1]);

Pre-processed Program
:F = gm([0.473118, 0.526882], [9.6, 10], [2.2, 1.6]);C = uniform([2.000000, 8.000000], 2);T = gm([0.003517, 0.914420, 0.073857, 0.008206], [-56, 15, 14, 7.8], [70, 4.1, 3.5, 2]);W = gm([0.394558, 0.605442], [2.9, 6.1], [2.2, 3.1]);P = gm([0.003021, 0.996979], [6, 99], [57, 99]);Genotype:
[321, 242, 446, 163, 209, 15, 8, 8, 149, 472, 382, 139, 286, 334, 182, 22, 292, 240, 308, 488, 89, 78, 33, 450, 226, 321, 50, 357, 3, 271, 456, 328, 489, 489, 283, 240, 142, 20, 230, 480, 106, 60, 138, 288, 425, 477, 397, 20, 443, 56, 116, 379, 135, 406, 79, 489, 207, 170, 409, 289, 69, 497, 418, 423, 183, 236, 341, 395, 265, 88, 244, 131, 164, 41, 403, 146, 413, 72, 138, 162, 451, 94, 411, 68, 73, 365, 250, 500, 411, 380, 97, 386, 109, 464, 397, 478, 118, 259, 230, 262]
Tree:
None
Fitness on 5000 data:
-161.79330686950166

Fitness:
-161.79330686950166