Generation:
1500

Phenotype:
1
V1 = uniform([+5.9e0, 7.8e0], 2);
V2 = +0.8e0;
V2 = V2 + uniform([+1.4e0, 5.7e0], 2);
V3 = +V1;
V3 = V3 + gm([5.9e0, -0.0e1, 0.1e1]);

Pre-processed Program
:F = uniform([5.900000, 13.700000], 2);C = 0.8;C = C + uniform([1.400000, 7.100000], 2);T = F;T = T + gm([1.000000], [0], [1]);Genotype:
[320, 348, 209, 35, 30, 412, 194, 225, 189, 278, 362, 337, 178, 60, 344, 46, 478, 177, 108, 400, 480, 228, 54, 111, 289, 366, 324, 91, 224, 376, 317, 335, 377, 40, 163, 314, 360, 252, 200, 306, 378, 76, 482, 92, 465, 99, 402, 11, 281, 90, 50, 141, 388, 460, 31, 487, 462, 30, 412, 46, 253, 291, 9, 322, 321, 7, 274, 12, 62, 68, 221, 488, 30, 335, 65, 133, 488, 500, 320, 102, 198, 38, 248, 241, 350, 236, 464, 345, 188, 300, 96, 106, 52, 200, 276, 56, 367, 68, 446, 306]
Tree:
None
Fitness on 5000 data:
-41.75555371818089

Fitness:
-41.75555371818089