Generation:
1500

Phenotype:
6
V1 = gm([6.7e0, +9.9e1, 9.9e1], [3.5e0, +9.4e0, 1.6e1]);
V2 = gm([4.5e1, +8.7e0, 4.2e0]);
V3 = uniform([+6.1e0, 7.7e0], 2);

Pre-processed Program
:P = gm([0.656863, 0.343137], [99, 9.4], [99, 16]);T = gm([1.000000], [8.7], [4.2]);F = uniform([6.100000, 13.800000], 2);Genotype:
[416, 473, 354, 465, 299, 256, 416, 137, 178, 249, 428, 389, 79, 75, 47, 229, 19, 295, 184, 449, 413, 365, 446, 292, 208, 419, 14, 454, 364, 161, 346, 137, 34, 8, 300, 432, 54, 185, 183, 288, 70, 408, 277, 350, 269, 494, 52, 16, 383, 233, 77, 56, 186, 321, 230, 494, 337, 197, 344, 136, 216, 127, 285, 25, 475, 266, 2, 243, 119, 380, 358, 61, 156, 416, 240, 312, 132, 432, 454, 8]
Tree:
None
Fitness on 5000 data:
-87.49722378944831

Fitness:
-87.49722378944831