Generation:
398

Phenotype:
6
V1 = gm([7.4e0, +9.9e1, 9.9e1], [3.5e0, +9.9e0, 9.9e0]);
V2 = gm([2.3e1, +8.7e0, 0.4e1]);
V3 = uniform([+5.9e0, 0.8e1], 2);

Pre-processed Program
:P = gm([0.678899, 0.321101], [99, 9.9], [99, 9.9]);T = gm([1.000000], [8.7], [4]);F = uniform([5.900000, 13.900000], 2);Genotype:
[330, 35, 354, 8, 299, 282, 57, 44, 358, 400, 492, 389, 219, 75, 161, 229, 19, 221, 132, 367, 413, 185, 14, 400, 208, 419, 49, 408, 485, 299, 29, 64, 34, 373, 158, 94, 102, 383, 255, 144, 234, 408, 277, 46, 374, 290, 284, 485, 357, 74, 77, 314, 485, 259, 130, 393, 60, 48, 449, 136, 216, 127, 285, 25, 475, 266, 2, 243, 119, 380, 358, 61, 156, 416, 240, 312, 132, 432, 454, 8]
Tree:
None
Fitness on 5000 data:
-87.8634929310397

Fitness:
-87.8634929310397