Generation:
1198

Phenotype:
6
V1 = gm([7.4e0, +9.9e1, 9.9e1], [3.5e0, +9.9e0, 9.9e0]);
V2 = gm([4.3e1, +8.7e0, 0.4e1]);
V3 = uniform([+5.9e0, 7.7e0], 2);

Pre-processed Program
:P = gm([0.678899, 0.321101], [99, 9.9], [99, 9.9]);T = gm([1.000000], [8.7], [4]);F = uniform([5.900000, 13.600000], 2);Genotype:
[330, 35, 354, 465, 299, 408, 57, 44, 450, 400, 492, 389, 219, 75, 490, 229, 19, 499, 68, 367, 413, 185, 14, 400, 208, 419, 69, 408, 485, 299, 429, 336, 34, 84, 158, 94, 434, 383, 255, 3, 136, 408, 277, 46, 162, 290, 284, 485, 357, 276, 77, 114, 485, 259, 130, 393, 337, 197, 344, 136, 216, 127, 285, 25, 475, 266, 2, 243, 119, 380, 358, 61, 156, 416, 240, 312, 132, 432, 454, 8]
Tree:
None
Fitness on 5000 data:
-87.8209180497336

Fitness:
-87.8209180497336