Generation:
798

Phenotype:
4
V1 = gm([4.2e-1, -7.0e-2, 2.4e+0], [5.8e+2, +5.5e-0, 0.3e+1], [7.8e+1, +8.9e-1, 6.1e-1]);
V2 = +8.9e-2;
V2 = V2 + uniform([+1.9e+0, 3.0e+1], 2);
V3 = -V2 * -5.5e-2;
V3 = V3 + gm([7.3e-0, +8.9e-0, 2.0e+0]);

Pre-processed Program
:W = gm([0.000638, 0.880897, 0.118465], [-0.07, 5.5, 0.89], [2.4, 3, 0.61]);T = 0.089;T = T + uniform([1.900000, 31.900000], 2);TEMP0 = 0.055 * T;F = TEMP0;F = F + gm([1.000000], [8.9], [2]);Genotype:
[239, 243, 379, 94, 341, 177, 4, 394, 62, 483, 292, 239, 209, 497, 10, 227, 74, 481, 132, 254, 306, 408, 171, 271, 155, 278, 26, 143, 346, 286, 95, 255, 375, 402, 204, 140, 23, 188, 427, 430, 43, 37, 68, 114, 424, 457, 240, 488, 319, 107, 55, 351, 386, 141, 409, 388, 136, 168, 478, 387, 109, 106, 468, 459, 201, 272, 339, 296, 422, 458, 421, 289, 16, 144, 254, 433, 330, 248, 181, 322, 420, 213, 284, 182, 305, 461, 97, 77, 219, 25, 355, 39, 281, 246, 27, 220, 171, 17, 3, 11, 147, 332, 80, 68, 409, 407, 6, 91, 112, 200, 348, 159, 422, 324, 180, 374, 41, 143, 199, 62, 487, 430, 66, 181, 209, 286, 218, 377, 382, 460, 291, 491, 262, 271, 180, 468, 311, 21, 197, 366, 240, 3, 197, 217, 209, 119, 129, 284, 106, 318, 375, 482]
Tree:
None
Fitness on 5000 data:
-61.207523328493934

Fitness:
-61.207523328493934