Generation:
1198

Phenotype:
4
V1 = gm([0.0e+2, +7.0e-1, 1.4e-1], [5.5e+2, +5.6e+0, 0.3e+1], [7.9e+1, +9.9e-1, 6.1e-1]);
V2 = +2.0e-2;
V2 = V2 + uniform([+2.2e+0, 3.0e+1], 2);
V3 = -V2 * -5.5e-2;
V3 = V3 + gm([4.9e-2, +8.9e-0, 2.0e+0]);

Pre-processed Program
:W = gm([0.000000, 0.874404, 0.125596], [0.7, 5.6, 0.99], [0.14, 3, 0.61]);T = 0.02;T = T + uniform([2.200000, 32.200000], 2);TEMP0 = 0.055 * T;F = TEMP0;F = F + gm([1.000000], [8.9], [2]);Genotype:
[174, 243, 2, 290, 148, 471, 4, 120, 10, 410, 38, 6, 114, 67, 10, 129, 280, 431, 381, 254, 91, 253, 445, 220, 155, 225, 460, 395, 274, 286, 95, 326, 306, 399, 49, 140, 23, 188, 427, 16, 46, 37, 419, 114, 424, 1, 12, 279, 319, 423, 55, 351, 386, 141, 233, 388, 334, 292, 478, 387, 109, 106, 412, 60, 405, 131, 249, 490, 56, 458, 252, 242, 16, 84, 9, 133, 330, 322, 493, 322, 420, 237, 284, 182, 93, 123, 21, 322, 467, 25, 355, 451, 281, 324, 102, 220, 398, 304, 369, 49, 23, 245, 374, 68, 409, 427, 6, 279, 112, 200, 348, 231, 422, 324, 180, 374, 41, 143, 199, 62, 487, 430, 66, 181, 209, 286, 218, 377, 382, 460, 291, 491, 262, 271, 180, 468, 311, 21, 197, 366, 240, 3, 197, 217, 209, 119, 129, 284, 106, 318, 375, 482]
Tree:
None
Fitness on 5000 data:
-61.18614632169807

Fitness:
-61.18614632169807