Generation:
398

Phenotype:
97
V1 = gm([9.2e0, +9.9e1, 9.9e1]);
V2 = gm([0.6e0, +7.9e0, 1.3e1], [8.4e0, +1.1e1, 1.8e0], [8.2e1, +9.7e0, 2.0e0]);
V3 = gm([6.0e0, +4.9e0, 2.0e0]);
V4 = uniform([-0.5e0, 1.1e1], 2);
V5 = uniform([+4.5e0, 2.0e1], 2);

Pre-processed Program
:P = gm([1.000000], [99], [99]);F = gm([0.006593, 0.092308, 0.901099], [7.9, 11, 9.7], [13, 1.8, 2]);C = gm([1.000000], [4.9], [2]);W = uniform([-0.500000, 10.500000], 2);T = uniform([4.500000, 24.500000], 2);Genotype:
[359, 456, 198, 431, 240, 281, 49, 352, 494, 103, 136, 239, 459, 499, 207, 299, 289, 17, 234, 405, 157, 39, 320, 356, 358, 207, 264, 487, 239, 270, 110, 351, 373, 19, 465, 216, 268, 184, 366, 452, 134, 341, 261, 461, 453, 391, 458, 48, 118, 94, 278, 202, 67, 440, 88, 149, 167, 60, 119, 22, 190, 158, 262, 394, 268, 15, 236, 130, 252, 127, 24, 154, 379, 220, 217, 202, 360, 106, 465, 261, 496, 255, 460, 305, 300, 287, 321, 461, 187, 65, 455, 481, 274, 254, 245, 144, 323, 282, 170, 271, 143, 419, 253, 81, 374, 48, 279, 93, 104, 222, 61, 288, 368, 214, 322, 294, 297, 348, 491, 29, 456, 372, 152, 117, 296, 153, 48, 320, 358, 91, 232, 429, 25, 209, 460, 152, 270, 110, 286, 143, 270, 253, 81, 53, 48, 489, 302, 104, 222, 180, 288, 368, 127, 41, 95, 242, 285, 244, 421, 307, 446, 244, 91, 114, 170, 362, 121, 104, 329, 369, 469, 290, 405, 206, 113, 429, 387, 27, 465, 125, 15, 491, 416, 390, 359, 225, 110, 422]
Tree:
None
Fitness on 5000 data:
-162.69270309313356

Fitness:
-162.69270309313356