Generation:
798

Phenotype:
97
V1 = gm([2.6e1, +9.9e1, 9.9e1]);
V2 = gm([0.2e0, -0.0e0, 1.0e1], [3.8e0, +1.1e1, 0.9e0], [8.8e1, +9.8e0, 2.0e0]);
V3 = gm([0.9e0, +4.9e0, 2.0e0]);
V4 = uniform([-0.4e0, 1.1e1], 2);
V5 = uniform([+4.7e0, 2.0e1], 2);

Pre-processed Program
:P = gm([1.000000], [99], [99]);F = gm([0.002174, 0.041304, 0.956522], [0, 11, 9.8], [10, 0.9, 2]);C = gm([1.000000], [4.9], [2]);W = uniform([-0.400000, 10.600000], 2);T = uniform([4.700000, 24.700000], 2);Genotype:
[414, 456, 36, 65, 240, 221, 82, 236, 389, 300, 260, 239, 459, 499, 155, 299, 289, 493, 234, 144, 157, 32, 320, 222, 356, 93, 47, 470, 390, 386, 196, 351, 200, 125, 91, 208, 293, 238, 136, 452, 134, 341, 261, 413, 259, 290, 79, 14, 82, 159, 278, 18, 99, 440, 88, 149, 378, 356, 383, 322, 190, 56, 262, 283, 140, 5, 410, 89, 244, 494, 24, 154, 379, 220, 488, 262, 360, 214, 53, 111, 496, 63, 460, 444, 364, 287, 321, 461, 353, 65, 78, 441, 126, 4, 17, 144, 417, 42, 170, 271, 143, 419, 253, 81, 374, 48, 279, 93, 104, 222, 61, 288, 368, 214, 322, 294, 297, 348, 491, 29, 456, 372, 152, 117, 296, 153, 48, 320, 358, 91, 232, 429, 25, 209, 460, 152, 270, 110, 286, 143, 270, 253, 81, 53, 48, 489, 302, 104, 222, 180, 288, 368, 127, 41, 95, 242, 285, 244, 421, 307, 446, 244, 91, 114, 170, 362, 121, 104, 329, 369, 469, 290, 405, 206, 113, 429, 387, 27, 465, 125, 15, 491, 416, 390, 359, 225, 110, 422]
Tree:
None
Fitness on 5000 data:
-162.64090507893215

Fitness:
-162.64090507893215