Generation:
1198

Phenotype:
97
V1 = gm([7.5e0, +9.9e1, 9.9e1]);
V2 = gm([0.0e0, -1.9e1, 7.5e1], [1.9e0, +1.2e1, 0.6e0], [6.9e1, +9.8e0, 2.0e0]);
V3 = gm([8.5e1, +4.9e0, 2.0e0]);
V4 = uniform([-0.4e0, 1.1e1], 2);
V5 = uniform([+4.9e0, 2.0e1], 2);

Pre-processed Program
:P = gm([1.000000], [99], [99]);F = gm([0.000000, 0.026798, 0.973202], [-19, 12, 9.8], [75, 0.6, 2]);C = gm([1.000000], [4.9], [2]);W = uniform([-0.400000, 10.600000], 2);T = uniform([4.900000, 24.900000], 2);Genotype:
[414, 456, 490, 438, 240, 92, 157, 425, 250, 356, 260, 239, 459, 499, 155, 299, 289, 493, 234, 296, 157, 32, 320, 150, 356, 145, 241, 261, 349, 9, 196, 417, 165, 125, 91, 208, 201, 249, 136, 452, 84, 21, 372, 413, 200, 290, 126, 368, 82, 73, 106, 149, 99, 409, 88, 149, 378, 356, 383, 322, 190, 56, 368, 246, 216, 5, 228, 385, 31, 430, 24, 154, 379, 220, 488, 262, 360, 214, 53, 342, 496, 207, 460, 444, 364, 407, 321, 461, 353, 65, 78, 21, 126, 4, 19, 144, 37, 42, 170, 271, 143, 419, 253, 81, 374, 48, 279, 93, 104, 222, 61, 288, 368, 214, 322, 294, 297, 348, 491, 29, 456, 372, 152, 117, 296, 153, 48, 320, 358, 91, 232, 429, 25, 209, 460, 152, 270, 110, 286, 143, 270, 253, 81, 53, 48, 489, 302, 104, 222, 180, 288, 368, 127, 41, 95, 242, 285, 244, 421, 307, 446, 244, 91, 114, 170, 362, 121, 104, 329, 369, 469, 290, 405, 206, 113, 429, 387, 27, 465, 125, 15, 491, 416, 390, 359, 225, 110, 422]
Tree:
None
Fitness on 5000 data:
-162.62046414146263

Fitness:
-162.62046414146263