Generation:
798

Phenotype:
4
V1 = gm([2.8e1, +8.6e0, 4.3e0]);
V2 = +V1 * +V1 + -V1;
V2 = V2 + gm([9.8e1, +8.5e0, 6.8e0], [4.0e1, -6.9e0, 1.7e1], [1.1e1, +1.2e0, 9.0e0], [4.8e1, +8.0e0, 9.1e0]);
V3 = -4.0e0;
V3 = V3 + gm([0.0e0, +9.7e0, 4.7e0], [0.0e0, +1.4e1, 1.9e0]);

Pre-processed Program
:T = gm([1.000000], [8.6], [4.3]);TEMP0 = T * T;P = TEMP0;P = P - T;P = P + gm([0.497462, 0.203046, 0.055838, 0.243655], [8.5, -6.9, 1.2, 8], [6.8, 17, 9, 9.1]);F = 0;F = F - 4;F = F + gm([1.000000, 1.000000], [9.7, 14], [4.7, 1.9]);Genotype:
[30, 9, 117, 368, 224, 184, 357, 402, 48, 497, 260, 250, 278, 146, 464, 201, 404, 243, 232, 391, 59, 438, 69, 140, 322, 498, 30, 394, 340, 473, 232, 308, 194, 285, 45, 412, 477, 377, 420, 19, 338, 85, 216, 228, 448, 255, 296, 276, 346, 268, 412, 275, 53, 354, 60, 151, 36, 51, 146, 349, 290, 395, 291, 177, 285, 73, 54, 1, 301, 481, 235, 482, 231, 442, 360, 234, 249, 240, 274, 366, 180, 324, 428, 31, 376, 286, 48, 350, 464, 292, 419, 271, 344, 459, 462, 136, 341, 476, 373, 244, 0, 462, 500, 254, 295, 424, 140, 70, 488, 42]
Tree:
None
Fitness on 5000 data:
-71.04789161372956

Fitness:
-71.04789161372956