Generation:
1500

Phenotype:
4
V1 = uniform([+2.9e0, 4.2e0], 2);
V2 = +V1;
V2 = V2 + uniform([+1.4e0, 1.7e1], 2);
V3 = +V1;
V3 = V3 + uniform([+2.9e0, 4.2e0], 2);

Pre-processed Program
:C = uniform([2.900000, 7.100000], 2);T = C;T = T + uniform([1.400000, 18.400000], 2);F = C;F = F + uniform([2.900000, 7.100000], 2);Genotype:
[105, 375, 67, 219, 435, 306, 36, 472, 489, 246, 162, 354, 302, 410, 451, 174, 418, 468, 44, 416, 295, 441, 65, 306, 391, 484, 306, 134, 451, 117, 133, 269, 440, 238, 56, 262, 186, 433, 219, 117, 316, 72, 69, 160, 32, 84, 392, 30, 52, 429, 306, 254, 69, 267, 234, 38, 139, 414, 465, 223, 364, 449, 63, 478, 147, 87, 28, 389, 402, 85, 158, 175, 423, 116, 285, 2, 13, 0, 489, 78, 301, 160, 73, 419, 127, 331, 134, 148, 108, 447, 282, 352, 461, 350, 391, 97, 404, 425, 139, 122, 207]
Tree:
None
Fitness on 5000 data:
-6.0921362725432004

Fitness:
-6.0921362725432004