Generation:
398

Phenotype:
4
V1 = gm([1.2e0, +9.9e0, 0.3e1]);
V2 = -V1 * -V1;
V2 = V2 + uniform([-5.0e0, 1.3e0], 2);
V3 = +V1;
V3 = V3 + gm([1.6e0, -0.0e1, 1.0e0]);

Pre-processed Program
:T = gm([1.000000], [9.9], [3]);TEMP0 = T * T;P = TEMP0;P = P + uniform([-5.000000, -3.700000], 2);F = T;F = F + gm([1.000000], [0], [1]);Genotype:
[283, 399, 451, 424, 352, 80, 376, 211, 432, 272, 366, 408, 349, 349, 484, 87, 280, 323, 343, 149, 80, 189, 342, 388, 51, 138, 298, 341, 255, 239, 63, 49, 125, 495, 430, 26, 49, 381, 463, 238, 490, 302, 220, 336, 34, 276, 476, 154, 370, 409, 171, 96, 14, 154, 203, 70, 370, 49, 452, 1, 390, 300, 371, 122, 497, 465, 86, 354, 491, 28, 286, 39, 161, 445, 324, 190, 120, 86, 295, 474, 133, 96, 228, 388, 295, 468, 306, 11, 143, 393, 190, 154, 125, 171, 7, 204, 167, 192, 463, 260, 34, 476, 104, 336, 344, 164, 248, 353, 393, 421, 116, 357, 148, 58, 25, 60, 479, 70, 145, 163, 316, 100, 371, 122, 497, 465, 86, 354, 491, 28, 286, 39, 161, 445, 324, 190, 120, 86, 295, 474, 133, 96, 228, 297, 307, 182]
Tree:
None
Fitness on 5000 data:
-7.615505371470101

Fitness:
-7.615505371470101