Generation:
1198

Phenotype:
3
V1 = gm([2.1e0, +5.0e0, 1.6e0]);
V2 = +V1;
V2 = V2 + gm([0.0e0, -3.7e1, 4.1e1], [5.2e1, +0.4e1, 1.3e0], [4.3e0, +0.0e0, 1.1e0], [9.3e1, +6.0e0, 2.4e0]);
V3 = +V2;
V3 = V3 + gm([0.0e0, +9.8e0, 1.8e0], [0.0e0, +2.4e0, 0.4e1]);

Pre-processed Program
:C = gm([1.000000], [5], [1.6]);F = C;F = F + gm([0.000000, 0.348292, 0.028801, 0.622907], [-37, 4, 0, 6], [41, 1.3, 1.1, 2.4]);T = F;T = T + gm([1.000000, 1.000000], [9.8, 2.4], [1.8, 4]);Genotype:
[120, 488, 407, 10, 489, 398, 490, 392, 171, 8, 120, 12, 215, 20, 360, 262, 101, 436, 42, 474, 222, 290, 230, 414, 351, 244, 432, 235, 59, 10, 10, 490, 8, 405, 283, 267, 99, 126, 124, 271, 365, 415, 374, 465, 422, 295, 388, 120, 330, 124, 31, 30, 211, 293, 324, 49, 354, 414, 373, 428, 320, 78, 470, 260, 106, 435, 251, 171, 144, 378, 18, 489, 303, 31, 55, 204, 256, 220, 226, 320, 112, 244, 276, 123, 302, 136, 262, 156, 25, 266, 247, 169, 111, 160]
Tree:
None
Fitness on 5000 data:
-46.709112820882005

Fitness:
-46.709112820882005