Generation:
398

Phenotype:
1
V1 = gm([4.9e0, +9.9e0, 0.2e1]);
V2 = +V1;
V2 = V2 + gm([0.3e0, +3.2e0, 9.0e1], [9.9e0, +3.4e0, 1.3e0], [6.0e1, +0.1e0, 1.1e0], [9.3e1, +9.1e0, 2.3e0]);
V3 = +V2 * +V2;
V3 = V3 + gm([9.2e1, +1.6e0, 1.4e1], [4.9e1, +0.2e1, 4.6e0]);

Pre-processed Program
:F = gm([1.000000], [9.9], [2]);T = F;T = T + gm([0.001838, 0.060662, 0.367647, 0.569853], [3.2, 3.4, 0.1, 9.1], [90, 1.3, 1.1, 2.3]);TEMP0 = T * T;P = TEMP0;P = P + gm([0.652482, 0.347518], [1.6, 2], [14, 4.6]);Genotype:
[451, 312, 361, 196, 462, 280, 311, 144, 429, 266, 443, 144, 39, 499, 420, 238, 250, 312, 463, 199, 364, 286, 218, 484, 247, 146, 453, 101, 460, 450, 443, 52, 99, 340, 13, 392, 378, 365, 299, 150, 455, 319, 141, 79, 19, 142, 443, 340, 263, 344, 328, 201, 371, 483, 342, 469, 24, 246, 380, 79, 329, 0, 90, 71, 192, 137, 451, 21, 444, 214, 452, 69, 23, 443, 458, 334, 109, 451, 200, 3, 382, 343, 312, 111, 384, 457, 202, 358, 402, 211, 126, 184, 249, 420, 346, 145, 395, 339, 2, 247]
Tree:
None
Fitness on 5000 data:
-67.02646973567194

Fitness:
-67.02646973567194