Generation:
798

Phenotype:
6
V1 = gm([8.1e1, +9.8e0, 3.0e0]);
V2 = +8.7e0;
V2 = V2 + uniform([-6.6e0, 6.0e0], 2);
V3 = -0.2e0 - +5.6e0;
V3 = V3 + uniform([+1.2e1, 7.6e0], 2);

Pre-processed Program
:T = gm([1.000000], [9.8], [3]);C = 8.7;C = C + uniform([-6.600000, -0.600000], 2);F = 0;F = F - 0.2;F = F - 5.6;F = F + uniform([12.000000, 19.600000], 2);Genotype:
[330, 29, 54, 314, 80, 454, 446, 368, 331, 63, 217, 380, 19, 498, 114, 200, 273, 450, 0, 188, 18, 374, 393, 188, 226, 338, 357, 496, 209, 445, 190, 303, 436, 266, 172, 454, 366, 350, 310, 434, 189, 410, 244, 465, 365, 201, 220, 262, 144, 269, 298, 27, 402, 112, 125, 346, 48, 391, 340, 487, 448, 251, 82, 329, 239, 47, 316, 94, 355, 111, 22, 149, 315, 100, 210, 221, 288, 313, 272, 311, 223, 315, 80, 173, 337, 417, 279, 477, 334, 36, 306, 483, 347, 275, 189, 208, 406, 271, 461, 2]
Tree:
None
Fitness on 5000 data:
-51.666538274234604

Fitness:
-51.666538274234604