0	[-187.7243128254099, -1]
1	[-183.10251666559276, -1]
1	[-168.26785516974718, -2]
2	[-5071.676425908993, 0]
2	[-131.70573292239897, -1]
2	[-131.2101057769111, -3]
3	[-201.84261544818062, 0]
3	[-131.70573292239897, -1]
3	[-131.2101057769111, -3]
4	[-201.84261544818062, 0]
4	[-127.697886276054, -1]
5	[-127.53738008766653, 0]
5	[-98.79008910787094, -3]
6	[-127.53738008766653, 0]
6	[-125.22283275678703, -1]
6	[-98.79008910787094, -3]
7	[-127.53738008766653, 0]
7	[-107.95414747645991, -1]
7	[-98.79008910787094, -3]
8	[-127.53738008766653, 0]
8	[-107.95414747645991, -1]
8	[-98.79008910787094, -3]
9	[-107.44791445529322, 0]
9	[-98.79008910787094, -3]
10	[-106.41611871351361, 0]
10	[-104.0998864897562, -1]
10	[-97.8325225842779, -3]
11	[-106.41611871351361, 0]
11	[-106.41611871351361, 0]
11	[-103.52670529857502, -1]
11	[-89.76827370439256, -3]
12	[-97.46199467148304, 0]
12	[-89.76827370439256, -3]
13	[-97.46199467148304, 0]
13	[-89.76827370439256, -3]
14	[-97.46199467148304, 0]
14	[-89.76827370439256, -3]
15	[-97.46199467148304, 0]
15	[-91.87935965896988, -2]
15	[-89.76827370439256, -3]
16	[-97.46199467148304, 0]
16	[-91.87935965896988, -2]
16	[-89.76827370439256, -3]
17	[-97.46199467148304, 0]
17	[-91.87935965896988, -2]
17	[-89.76827370439256, -3]
18	[-97.46199467148304, 0]
18	[-91.87439240085001, -2]
18	[-89.76827370439256, -3]
19	[-97.46199467148304, 0]
19	[-91.87439240085001, -2]
19	[-89.76827370439256, -3]
20	[-97.26027222532258, 0]
20	[-87.90154812711921, -2]
21	[-97.26027222532258, 0]
21	[-87.90154812711921, -2]
22	[-91.24902169701885, 0]
22	[-87.90154812711921, -2]
23	[-91.24902169701885, 0]
23	[-87.90154812711921, -2]
24	[-91.24902169701885, 0]
24	[-87.90154812711921, -2]
24	[-87.90154812711921, -2]
25	[-91.24902169701885, 0]
25	[-87.90154812711921, -2]
25	[-87.90154812711921, -2]
25	[-87.90154812711921, -2]
26	[-91.24902169701885, 0]
26	[-87.90154812711921, -2]
26	[-87.90154812711921, -2]
26	[-87.90154812711921, -2]
26	[-84.97904672098343, -3]
27	[-91.24902169701885, 0]
27	[-87.90154812711921, -2]
27	[-87.90154812711921, -2]
27	[-87.90154812711921, -2]
27	[-84.97904672098343, -3]
28	[-91.24902169701885, 0]
28	[-87.90154812711921, -2]
28	[-87.90154812711921, -2]
28	[-87.90154812711921, -2]
28	[-78.67956037818286, -3]
29	[-91.24902169701885, 0]
29	[-87.90154812711921, -2]
29	[-87.90154812711921, -2]
29	[-87.90154812711921, -2]
29	[-78.67956037818286, -3]
30	[-91.24902169701885, 0]
30	[-87.90154812711921, -2]
30	[-87.90154812711921, -2]
30	[-87.90154812711921, -2]
30	[-78.67956037818286, -3]
31	[-91.24902169701885, 0]
31	[-87.90154812711921, -2]
31	[-87.90154812711921, -2]
31	[-87.90154812711921, -2]
31	[-78.67956037818286, -3]
32	[-90.74275464732702, 0]
32	[-86.27285697196866, -2]
32	[-78.67956037818286, -3]
33	[-90.74275464732702, 0]
33	[-86.27285697196866, -2]
33	[-78.67956037818286, -3]
34	[-89.75693841835351, 0]
34	[-84.85713481579214, -2]
34	[-78.67956037818286, -3]
35	[-89.75693841835351, 0]
35	[-84.85713481579214, -2]
35	[-78.67956037818286, -3]
36	[-89.75693841835351, 0]
36	[-84.85713481579214, -2]
36	[-78.67956037818286, -3]
37	[-89.75693841835351, 0]
37	[-84.85713481579214, -2]
37	[-78.67956037818286, -3]
38	[-89.75693841835351, 0]
38	[-84.85713481579214, -2]
38	[-77.87975444213912, -3]
39	[-89.75693841835351, 0]
39	[-76.76741561088168, -2]
40	[-89.75693841835351, 0]
40	[-76.76741561088168, -2]
41	[-89.75693841835351, 0]
41	[-76.76741561088168, -2]
42	[-89.75693841835351, 0]
42	[-81.00528401542408, -1]
42	[-76.76741561088168, -2]
43	[-89.75693841835351, 0]
43	[-81.00528401542408, -1]
43	[-76.76741561088168, -2]
43	[-75.6100550735939, -3]
44	[-89.75693841835351, 0]
44	[-81.00528401542408, -1]
44	[-76.76741561088168, -2]
44	[-74.6129742138879, -3]
45	[-89.75693841835351, 0]
45	[-80.3197717216748, -1]
45	[-76.76741561088168, -2]
45	[-74.6129742138879, -3]
46	[-89.75693841835351, 0]
46	[-79.91081615644573, -1]
46	[-76.76741561088168, -2]
46	[-74.6129742138879, -3]
47	[-89.75693841835351, 0]
47	[-79.91081615644573, -1]
47	[-76.76741561088168, -2]
47	[-74.43275043932118, -3]
48	[-89.75693841835351, 0]
48	[-79.91081615644573, -1]
48	[-76.3268172435648, -2]
48	[-74.43275043932118, -3]
49	[-89.75693841835351, 0]
49	[-78.29382232280732, -1]
49	[-75.68673869250473, -2]
49	[-74.43275043932118, -3]
50	[-89.75693841835351, 0]
50	[-78.29382232280732, -1]
50	[-75.68673869250473, -2]
50	[-74.43275043932118, -3]
51	[-88.50754824013929, 0]
51	[-78.29382232280732, -1]
51	[-75.54902275183201, -2]
51	[-74.43275043932118, -3]
52	[-88.50754824013929, 0]
52	[-78.29382232280732, -1]
52	[-75.54902275183201, -2]
52	[-74.43275043932118, -3]
53	[-88.50754824013929, 0]
53	[-76.87632283264162, -1]
53	[-75.54902275183201, -2]
53	[-74.43275043932118, -3]
54	[-88.50754824013929, 0]
54	[-76.87632283264162, -1]
54	[-75.54902275183201, -2]
54	[-74.43275043932118, -3]
55	[-88.50754824013929, 0]
55	[-76.87632283264162, -1]
55	[-75.39373369546588, -2]
55	[-74.25761421435494, -3]
56	[-88.50754824013929, 0]
56	[-76.87632283264162, -1]
56	[-75.39373369546588, -2]
56	[-74.13445866439274, -3]
57	[-88.50754824013929, 0]
57	[-76.87632283264162, -1]
57	[-75.36508449677733, -2]
57	[-74.13445866439274, -3]
58	[-88.50754824013929, 0]
58	[-76.87632283264162, -1]
58	[-73.77293114437327, -2]
59	[-88.50754824013929, 0]
59	[-76.87632283264162, -1]
59	[-70.27459546137524, -2]
60	[-88.50754824013929, 0]
60	[-76.87632283264162, -1]
60	[-70.27459546137524, -2]
60	[-70.27459546137524, -2]
61	[-88.50754824013929, 0]
61	[-76.87632283264162, -1]
61	[-70.27459546137524, -2]
61	[-70.27459546137524, -2]
62	[-88.50754824013929, 0]
62	[-76.87632283264162, -1]
62	[-70.27459546137524, -2]
62	[-70.27459546137524, -2]
63	[-88.50754824013929, 0]
63	[-76.87632283264162, -1]
63	[-70.27459546137524, -2]
63	[-70.27459546137524, -2]
64	[-88.50071437912337, 0]
64	[-76.87632283264162, -1]
64	[-70.27459546137524, -2]
64	[-70.27459546137524, -2]
65	[-88.50071437912337, 0]
65	[-76.71712945286272, -1]
65	[-70.27459546137524, -2]
65	[-70.27459546137524, -2]
65	[-70.27459546137524, -2]
66	[-88.50071437912337, 0]
66	[-76.71712945286272, -1]
66	[-70.25715222146287, -2]
67	[-88.50071437912337, 0]
67	[-67.10872856825432, -1]
68	[-88.50071437912337, 0]
68	[-67.10872856825432, -1]
69	[-88.50071437912337, 0]
69	[-67.10872856825432, -1]
70	[-88.50071437912337, 0]
70	[-67.10872856825432, -1]
71	[-87.31390450585505, 0]
71	[-67.10872856825432, -1]
72	[-87.31390450585505, 0]
72	[-67.10872856825432, -1]
73	[-87.31390450585505, 0]
73	[-67.10872856825432, -1]
74	[-87.31390450585505, 0]
74	[-67.10872856825432, -1]
74	[-67.10872856825432, -1]
75	[-87.31390450585505, 0]
75	[-67.10872856825432, -1]
75	[-67.10872856825432, -1]
76	[-85.63502203233138, 0]
76	[-65.09338316042721, -1]
77	[-85.63502203233138, 0]
77	[-65.09338316042721, -1]
78	[-85.63502203233138, 0]
78	[-65.09338316042721, -1]
79	[-83.65513297793902, 0]
79	[-65.09338316042721, -1]
80	[-83.65513297793902, 0]
80	[-65.09338316042721, -1]
81	[-83.65513297793902, 0]
81	[-65.09338316042721, -1]
82	[-83.65513297793902, 0]
82	[-65.09338316042721, -1]
83	[-83.65513297793902, 0]
83	[-65.09338316042721, -1]
84	[-83.65513297793902, 0]
84	[-64.88114922550533, -1]
85	[-82.60633422866007, 0]
85	[-64.88114922550533, -1]
86	[-82.60633422866007, 0]
86	[-64.88114922550533, -1]
87	[-82.60633422866007, 0]
87	[-64.88114922550533, -1]
88	[-82.60633422866007, 0]
88	[-64.88114922550533, -1]
89	[-82.60633422866007, 0]
89	[-64.88114922550533, -1]
90	[-82.60633422866007, 0]
90	[-64.40488487803773, -1]
91	[-82.60633422866007, 0]
91	[-64.40488487803773, -1]
92	[-82.60633422866007, 0]
92	[-64.40488487803773, -1]
92	[-64.40488487803773, -1]
93	[-82.60633422866007, 0]
93	[-64.40488487803773, -1]
93	[-64.40488487803773, -1]
94	[-82.60633422866007, 0]
94	[-64.40488487803773, -1]
94	[-64.40488487803773, -1]
95	[-82.60633422866007, 0]
95	[-64.40488487803773, -1]
95	[-64.40488487803773, -1]
96	[-82.60633422866007, 0]
96	[-64.40488487803773, -1]
96	[-64.40488487803773, -1]
97	[-82.60633422866007, 0]
97	[-64.40488487803773, -1]
97	[-64.40488487803773, -1]
97	[-64.40488487803773, -1]
98	[-80.71619736067478, 0]
98	[-64.3751378499085, -1]
99	[-80.71619736067478, 0]
99	[-64.32211438145464, -1]
100	[-80.71619736067478, 0]
100	[-64.31466408743455, -1]
101	[-80.71619736067478, 0]
101	[-64.31466408743455, -1]
102	[-80.71619736067478, 0]
102	[-64.31466408743455, -1]
103	[-80.71619736067478, 0]
103	[-64.31466408743455, -1]
104	[-80.71619736067478, 0]
104	[-64.31466408743455, -1]
105	[-80.71619736067478, 0]
105	[-64.31466408743455, -1]
105	[-64.31466408743455, -1]
106	[-80.71619736067478, 0]
106	[-64.31466408743455, -1]
106	[-64.31466408743455, -1]
107	[-80.71619736067478, 0]
107	[-64.31466408743455, -1]
107	[-64.31466408743455, -1]
108	[-80.71619736067478, 0]
108	[-64.31466408743455, -1]
108	[-64.31466408743455, -1]
109	[-80.70155552773697, 0]
109	[-64.31466408743455, -1]
109	[-64.31466408743455, -1]
110	[-80.70155552773697, 0]
110	[-64.31466408743455, -1]
110	[-64.31466408743455, -1]
111	[-80.70155552773697, 0]
111	[-64.31466408743455, -1]
111	[-64.31466408743455, -1]
112	[-76.52977771268824, 0]
112	[-64.30263595331834, -1]
113	[-76.52977771268824, 0]
113	[-64.2617186633506, -1]
114	[-76.52977771268824, 0]
114	[-64.2617186633506, -1]
115	[-76.52977771268824, 0]
115	[-64.2617186633506, -1]
116	[-76.52977771268824, 0]
116	[-64.2617186633506, -1]
116	[-64.2617186633506, -1]
117	[-76.52977771268824, 0]
117	[-64.2617186633506, -1]
117	[-64.2617186633506, -1]
118	[-76.52977771268824, 0]
118	[-64.2617186633506, -1]
118	[-64.2617186633506, -1]
119	[-76.52977771268824, 0]
119	[-64.2617186633506, -1]
119	[-64.2617186633506, -1]
120	[-76.52977771268824, 0]
120	[-64.2617186633506, -1]
120	[-64.2617186633506, -1]
120	[-64.2617186633506, -1]
121	[-76.52977771268824, 0]
121	[-64.2617186633506, -1]
121	[-64.2617186633506, -1]
121	[-64.2617186633506, -1]
122	[-76.52977771268824, 0]
122	[-64.2617186633506, -1]
122	[-64.2617186633506, -1]
122	[-64.2617186633506, -1]
123	[-76.52977771268824, 0]
123	[-64.2617186633506, -1]
123	[-64.2617186633506, -1]
123	[-64.2617186633506, -1]
124	[-76.52977771268824, 0]
124	[-64.2617186633506, -1]
124	[-64.2617186633506, -1]
124	[-64.2617186633506, -1]
124	[-64.2617186633506, -1]
125	[-76.52977771268824, 0]
125	[-64.11304367031214, -1]
126	[-76.52977771268824, 0]
126	[-64.11304367031214, -1]
127	[-76.35777261349921, 0]
127	[-64.11304367031214, -1]
128	[-76.35777261349921, 0]
128	[-64.11304367031214, -1]
129	[-76.35777261349921, 0]
129	[-64.11304367031214, -1]
130	[-76.35777261349921, 0]
130	[-64.11304367031214, -1]
131	[-76.35777261349921, 0]
131	[-62.835303749841266, -1]
132	[-76.35777261349921, 0]
132	[-62.835303749841266, -1]
133	[-76.35777261349921, 0]
133	[-62.835303749841266, -1]
133	[-62.835303749841266, -1]
134	[-76.35777261349921, 0]
134	[-62.835303749841266, -1]
134	[-62.835303749841266, -1]
135	[-76.35777261349921, 0]
135	[-62.835303749841266, -1]
135	[-62.835303749841266, -1]
136	[-76.35777261349921, 0]
136	[-62.835303749841266, -1]
136	[-62.835303749841266, -1]
137	[-75.92735772514527, 0]
137	[-62.835303749841266, -1]
137	[-62.835303749841266, -1]
137	[-62.835303749841266, -1]
138	[-75.92735772514527, 0]
138	[-62.835303749841266, -1]
138	[-62.835303749841266, -1]
138	[-62.835303749841266, -1]
139	[-75.92735772514527, 0]
139	[-62.835303749841266, -1]
139	[-62.835303749841266, -1]
139	[-62.835303749841266, -1]
140	[-75.92735772514527, 0]
140	[-62.80528868577211, -1]
141	[-75.92735772514527, 0]
141	[-62.80528868577211, -1]
142	[-75.92735772514527, 0]
142	[-61.728935289182004, -1]
143	[-75.92735772514527, 0]
143	[-61.728935289182004, -1]
144	[-75.92735772514527, 0]
144	[-61.728935289182004, -1]
145	[-75.92735772514527, 0]
145	[-61.728935289182004, -1]
146	[-75.92735772514527, 0]
146	[-61.697661770995126, -1]
147	[-75.92735772514527, 0]
147	[-61.697661770995126, -1]
148	[-75.92735772514527, 0]
148	[-61.697661770995126, -1]
149	[-75.92735772514527, 0]
149	[-61.697661770995126, -1]
150	[-75.92735772514527, 0]
150	[-61.697661770995126, -1]
151	[-75.92735772514527, 0]
151	[-60.81011340207089, -1]
152	[-75.92735772514527, 0]
152	[-60.81011340207089, -1]
153	[-75.92735772514527, 0]
153	[-60.81011340207089, -1]
154	[-75.92735772514527, 0]
154	[-60.81011340207089, -1]
155	[-75.92735772514527, 0]
155	[-60.81011340207089, -1]
156	[-75.92735772514527, 0]
156	[-60.81011340207089, -1]
157	[-75.92735772514527, 0]
157	[-60.81011340207089, -1]
158	[-75.92735772514527, 0]
158	[-60.81011340207089, -1]
159	[-75.92735772514527, 0]
159	[-60.7175460468704, -1]
160	[-74.26774699985921, 0]
160	[-60.7175460468704, -1]
161	[-74.26774699985921, 0]
161	[-60.669148265510984, -1]
162	[-74.26774699985921, 0]
162	[-60.669148265510984, -1]
163	[-73.55659899467786, 0]
163	[-60.669148265510984, -1]
164	[-73.55659899467786, 0]
164	[-60.669148265510984, -1]
165	[-73.55659899467786, 0]
165	[-60.669148265510984, -1]
166	[-73.18835684582345, 0]
166	[-60.669148265510984, -1]
166	[-60.669148265510984, -1]
167	[-73.02180750414733, 0]
167	[-60.669148265510984, -1]
167	[-60.669148265510984, -1]
167	[-60.669148265510984, -1]
168	[-73.02180750414733, 0]
168	[-60.608926936945345, -1]
169	[-73.02180750414733, 0]
169	[-60.608926936945345, -1]
170	[-73.02180750414733, 0]
170	[-60.608926936945345, -1]
171	[-73.02180750414733, 0]
171	[-60.608926936945345, -1]
172	[-73.02180750414733, 0]
172	[-60.608926936945345, -1]
173	[-73.02180750414733, 0]
173	[-60.608926936945345, -1]
174	[-73.02180750414733, 0]
174	[-60.608926936945345, -1]
175	[-73.02180750414733, 0]
175	[-60.608926936945345, -1]
176	[-73.02180750414733, 0]
176	[-60.608926936945345, -1]
177	[-73.02180750414733, 0]
177	[-73.02180750414733, 0]
177	[-60.608926936945345, -1]
178	[-73.02180750414733, 0]
178	[-73.02180750414733, 0]
178	[-60.608926936945345, -1]
179	[-73.02180750414733, 0]
179	[-73.02180750414733, 0]
179	[-60.608926936945345, -1]
180	[-72.98363923891387, 0]
180	[-60.608926936945345, -1]
181	[-72.98363923891387, 0]
181	[-60.588568513973, -1]
182	[-72.98363923891387, 0]
182	[-60.588568513973, -1]
183	[-65.34225237445362, 0]
183	[-60.588568513973, -1]
184	[-65.34225237445362, 0]
184	[-60.588568513973, -1]
185	[-65.34225237445362, 0]
185	[-60.521000997843636, -1]
186	[-65.34225237445362, 0]
186	[-65.34225237445362, 0]
186	[-60.521000997843636, -1]
187	[-65.34225237445362, 0]
187	[-65.34225237445362, 0]
187	[-60.521000997843636, -1]
188	[-63.540133012219826, 0]
188	[-59.37262596552258, -1]
189	[-63.101561475683795, 0]
189	[-59.37262596552258, -1]
190	[-63.101561475683795, 0]
190	[-59.37262596552258, -1]
191	[-63.101561475683795, 0]
191	[-59.37262596552258, -1]
192	[-62.00721245257405, 0]
192	[-59.37262596552258, -1]
193	[-62.00721245257405, 0]
193	[-59.37262596552258, -1]
193	[-59.37262596552258, -1]
194	[-62.00721245257405, 0]
194	[-59.3105195862037, -1]
195	[-62.00721245257405, 0]
195	[-59.3105195862037, -1]
196	[-62.00721245257405, 0]
196	[-59.24829419283846, -1]
197	[-62.00721245257405, 0]
197	[-59.24829419283846, -1]
198	[-62.00721245257405, 0]
198	[-59.24829419283846, -1]
199	[-62.00721245257405, 0]
199	[-62.00721245257405, 0]
199	[-59.24829419283846, -1]
200	[-62.00721245257405, 0]
200	[-62.00721245257405, 0]
200	[-59.24829419283846, -1]
201	[-62.00721245257405, 0]
201	[-62.00721245257405, 0]
201	[-59.24829419283846, -1]
202	[-62.00721245257405, 0]
202	[-62.00721245257405, 0]
202	[-59.24829419283846, -1]
203	[-62.00721245257405, 0]
203	[-62.00721245257405, 0]
203	[-59.24829419283846, -1]
203	[-59.24829419283846, -1]
204	[-62.00721245257405, 0]
204	[-62.00721245257405, 0]
204	[-59.19142318406735, -1]
205	[-62.00721245257405, 0]
205	[-62.00721245257405, 0]
205	[-59.19142318406735, -1]
206	[-62.00721245257405, 0]
206	[-62.00721245257405, 0]
206	[-59.19142318406735, -1]
207	[-62.00721245257405, 0]
207	[-62.00721245257405, 0]
207	[-59.19142318406735, -1]
208	[-62.00721245257405, 0]
208	[-62.00721245257405, 0]
208	[-59.19142318406735, -1]
209	[-62.00721245257405, 0]
209	[-62.00721245257405, 0]
209	[-59.19142318406735, -1]
210	[-61.994481309980245, 0]
210	[-59.19142318406735, -1]
211	[-61.994481309980245, 0]
211	[-59.19142318406735, -1]
212	[-61.994481309980245, 0]
212	[-59.18881584348244, -1]
213	[-61.994481309980245, 0]
213	[-59.18881584348244, -1]
214	[-61.994481309980245, 0]
214	[-59.18718179938034, -1]
215	[-61.38181475107119, 0]
215	[-59.18718179938034, -1]
216	[-61.38181475107119, 0]
216	[-59.18718179938034, -1]
216	[-58.956497609105256, -2]
217	[-61.38181475107119, 0]
217	[-59.18718179938034, -1]
217	[-58.956497609105256, -2]
218	[-61.38181475107119, 0]
218	[-59.18718179938034, -1]
218	[-58.956497609105256, -2]
219	[-61.38181475107119, 0]
219	[-59.18718179938034, -1]
219	[-58.956497609105256, -2]
220	[-61.38181475107119, 0]
220	[-59.18718179938034, -1]
220	[-58.956497609105256, -2]
221	[-61.38181475107119, 0]
221	[-59.18718179938034, -1]
221	[-58.956497609105256, -2]
221	[-58.956497609105256, -2]
221	[-58.956497609105256, -2]
222	[-60.41317652946621, 0]
222	[-59.18718179938034, -1]
222	[-58.956497609105256, -2]
222	[-58.956497609105256, -2]
222	[-58.956497609105256, -2]
223	[-60.41317652946621, 0]
223	[-59.18718179938034, -1]
223	[-58.95606955113521, -2]
224	[-60.41317652946621, 0]
224	[-59.18718179938034, -1]
224	[-58.95606955113521, -2]
225	[-60.41317652946621, 0]
225	[-59.18718179938034, -1]
225	[-58.95606955113521, -2]
226	[-60.41317652946621, 0]
226	[-59.18718179938034, -1]
226	[-58.95606955113521, -2]
227	[-60.41317652946621, 0]
227	[-59.18718179938034, -1]
227	[-58.95606955113521, -2]
228	[-60.41317652946621, 0]
228	[-59.18718179938034, -1]
228	[-58.92686911257719, -2]
229	[-60.41317652946621, 0]
229	[-59.18718179938034, -1]
229	[-58.92686911257719, -2]
230	[-60.41317652946621, 0]
230	[-59.18718179938034, -1]
230	[-58.70996221661598, -2]
231	[-60.41317652946621, 0]
231	[-59.18718179938034, -1]
231	[-58.70996221661598, -2]
232	[-60.41317652946621, 0]
232	[-59.18718179938034, -1]
232	[-58.579746092386074, -2]
233	[-60.41317652946621, 0]
233	[-59.18718179938034, -1]
233	[-59.18718179938034, -1]
233	[-58.579746092386074, -2]
234	[-60.41317652946621, 0]
234	[-59.18718179938034, -1]
234	[-59.18718179938034, -1]
234	[-58.579746092386074, -2]
235	[-60.41317652946621, 0]
235	[-59.04405735156639, -1]
235	[-57.92899146626561, -2]
236	[-60.41317652946621, 0]
236	[-59.04405735156639, -1]
236	[-57.92899146626561, -2]
237	[-60.41317652946621, 0]
237	[-59.04405735156639, -1]
237	[-57.92899146626561, -2]
238	[-60.38420520466508, 0]
238	[-59.04405735156639, -1]
238	[-56.95525343798866, -2]
239	[-60.38420520466508, 0]
239	[-59.04405735156639, -1]
239	[-56.95525343798866, -2]
240	[-60.38420520466508, 0]
240	[-59.04405735156639, -1]
240	[-56.95525343798866, -2]
241	[-60.19780487120285, 0]
241	[-59.04405735156639, -1]
241	[-56.95525343798866, -2]
241	[-56.95525343798866, -2]
242	[-60.19780487120285, 0]
242	[-59.04405735156639, -1]
242	[-56.95525343798866, -2]
242	[-56.95525343798866, -2]
243	[-60.19780487120285, 0]
243	[-60.19780487120285, 0]
243	[-59.04405735156639, -1]
243	[-56.95525343798866, -2]
243	[-56.95525343798866, -2]
244	[-60.19780487120285, 0]
244	[-60.19780487120285, 0]
244	[-59.04405735156639, -1]
244	[-56.95525343798866, -2]
244	[-56.95525343798866, -2]
245	[-60.19780487120285, 0]
245	[-60.19780487120285, 0]
245	[-59.03073616883211, -1]
245	[-56.95525343798866, -2]
245	[-56.95525343798866, -2]
246	[-60.19780487120285, 0]
246	[-60.19780487120285, 0]
246	[-59.03073616883211, -1]
246	[-56.95525343798866, -2]
246	[-56.95525343798866, -2]
247	[-60.19780487120285, 0]
247	[-60.19780487120285, 0]
247	[-59.03073616883211, -1]
247	[-56.95525343798866, -2]
247	[-56.95525343798866, -2]
248	[-60.19780487120285, 0]
248	[-60.19780487120285, 0]
248	[-59.03073616883211, -1]
248	[-56.32746564118022, -2]
249	[-60.19780487120285, 0]
249	[-60.19780487120285, 0]
249	[-59.03073616883211, -1]
249	[-56.32746564118022, -2]
250	[-60.19780487120285, 0]
250	[-60.19780487120285, 0]
250	[-59.03073616883211, -1]
250	[-56.32746564118022, -2]
251	[-60.19780487120285, 0]
251	[-60.19780487120285, 0]
251	[-59.03073616883211, -1]
251	[-56.32746564118022, -2]
252	[-60.19780487120285, 0]
252	[-60.19780487120285, 0]
252	[-59.03073616883211, -1]
252	[-56.32746564118022, -2]
253	[-60.19780487120285, 0]
253	[-60.19780487120285, 0]
253	[-60.19780487120285, 0]
253	[-59.03073616883211, -1]
253	[-56.32746564118022, -2]
254	[-60.19780487120285, 0]
254	[-60.19780487120285, 0]
254	[-60.19780487120285, 0]
254	[-59.03073616883211, -1]
254	[-56.32746564118022, -2]
255	[-60.19780487120285, 0]
255	[-60.19780487120285, 0]
255	[-60.19780487120285, 0]
255	[-58.94832132562868, -1]
255	[-56.32746564118022, -2]
256	[-60.19780487120285, 0]
256	[-60.19780487120285, 0]
256	[-60.19780487120285, 0]
256	[-58.94832132562868, -1]
256	[-56.32746564118022, -2]
257	[-60.19780487120285, 0]
257	[-60.19780487120285, 0]
257	[-60.19780487120285, 0]
257	[-60.19780487120285, 0]
257	[-58.94832132562868, -1]
257	[-56.32746564118022, -2]
257	[-56.32746564118022, -2]
258	[-60.19780487120285, 0]
258	[-60.19780487120285, 0]
258	[-60.19780487120285, 0]
258	[-60.19780487120285, 0]
258	[-58.94832132562868, -1]
258	[-56.32746564118022, -2]
258	[-56.32746564118022, -2]
259	[-60.19780487120285, 0]
259	[-60.19780487120285, 0]
259	[-60.19780487120285, 0]
259	[-60.19780487120285, 0]
259	[-58.94832132562868, -1]
259	[-56.32746564118022, -2]
259	[-56.32746564118022, -2]
260	[-60.19780487120285, 0]
260	[-60.19780487120285, 0]
260	[-60.19780487120285, 0]
260	[-60.19780487120285, 0]
260	[-58.94832132562868, -1]
260	[-56.32746564118022, -2]
260	[-56.32746564118022, -2]
261	[-60.116484981633725, 0]
261	[-58.94832132562868, -1]
261	[-56.32746564118022, -2]
261	[-56.32746564118022, -2]
261	[-56.32746564118022, -2]
262	[-60.116484981633725, 0]
262	[-58.94832132562868, -1]
262	[-56.32746564118022, -2]
262	[-56.32746564118022, -2]
262	[-56.32746564118022, -2]
263	[-60.116484981633725, 0]
263	[-58.94832132562868, -1]
263	[-56.32746564118022, -2]
263	[-56.32746564118022, -2]
263	[-56.32746564118022, -2]
264	[-60.116484981633725, 0]
264	[-58.94832132562868, -1]
264	[-56.32746564118022, -2]
264	[-56.32746564118022, -2]
264	[-56.32746564118022, -2]
264	[-56.32746564118022, -2]
265	[-60.116484981633725, 0]
265	[-58.94832132562868, -1]
265	[-56.32746564118022, -2]
265	[-56.32746564118022, -2]
265	[-56.32746564118022, -2]
265	[-56.32746564118022, -2]
266	[-60.116484981633725, 0]
266	[-58.94832132562868, -1]
266	[-56.32746564118022, -2]
266	[-56.32746564118022, -2]
266	[-56.32746564118022, -2]
266	[-56.32746564118022, -2]
267	[-60.116484981633725, 0]
267	[-58.94832132562868, -1]
267	[-56.32746564118022, -2]
267	[-56.32746564118022, -2]
267	[-56.32746564118022, -2]
267	[-56.32746564118022, -2]
268	[-60.116484981633725, 0]
268	[-58.94832132562868, -1]
268	[-56.32746564118022, -2]
268	[-56.32746564118022, -2]
268	[-56.32746564118022, -2]
268	[-56.32746564118022, -2]
269	[-60.116484981633725, 0]
269	[-58.94832132562868, -1]
269	[-56.32746564118022, -2]
269	[-56.32746564118022, -2]
269	[-56.32746564118022, -2]
269	[-56.32746564118022, -2]
270	[-60.116484981633725, 0]
270	[-58.94832132562868, -1]
270	[-56.32746564118022, -2]
270	[-56.32746564118022, -2]
270	[-56.32746564118022, -2]
270	[-56.32746564118022, -2]
271	[-60.116484981633725, 0]
271	[-58.94832132562868, -1]
271	[-56.026389857262814, -2]
272	[-60.116484981633725, 0]
272	[-58.94832132562868, -1]
272	[-56.026389857262814, -2]
273	[-60.116484981633725, 0]
273	[-60.116484981633725, 0]
273	[-58.94832132562868, -1]
273	[-58.94832132562868, -1]
273	[-56.026389857262814, -2]
274	[-60.116484981633725, 0]
274	[-60.116484981633725, 0]
274	[-60.116484981633725, 0]
274	[-58.94832132562868, -1]
274	[-58.94832132562868, -1]
274	[-56.026389857262814, -2]
275	[-60.07784085077214, 0]
275	[-58.94832132562868, -1]
275	[-58.94832132562868, -1]
275	[-56.026389857262814, -2]
276	[-60.07784085077214, 0]
276	[-58.94832132562868, -1]
276	[-58.94832132562868, -1]
276	[-56.026389857262814, -2]
276	[-56.026389857262814, -2]
277	[-60.07784085077214, 0]
277	[-58.94832132562868, -1]
277	[-58.94832132562868, -1]
277	[-56.026389857262814, -2]
277	[-56.026389857262814, -2]
278	[-60.07784085077214, 0]
278	[-58.94832132562868, -1]
278	[-58.94832132562868, -1]
278	[-56.026389857262814, -2]
278	[-56.026389857262814, -2]
279	[-60.07784085077214, 0]
279	[-58.85908516499626, -1]
279	[-56.026389857262814, -2]
279	[-56.026389857262814, -2]
280	[-60.07784085077214, 0]
280	[-58.85908516499626, -1]
280	[-56.026389857262814, -2]
280	[-56.026389857262814, -2]
281	[-60.07784085077214, 0]
281	[-58.85908516499626, -1]
281	[-56.026389857262814, -2]
281	[-56.026389857262814, -2]
282	[-60.07784085077214, 0]
282	[-58.85908516499626, -1]
282	[-56.026389857262814, -2]
282	[-56.026389857262814, -2]
283	[-60.07784085077214, 0]
283	[-58.85908516499626, -1]
283	[-56.026389857262814, -2]
283	[-56.026389857262814, -2]
284	[-60.07784085077214, 0]
284	[-58.85908516499626, -1]
284	[-56.026389857262814, -2]
284	[-56.026389857262814, -2]
285	[-60.07784085077214, 0]
285	[-58.85908516499626, -1]
285	[-56.026389857262814, -2]
285	[-56.026389857262814, -2]
286	[-58.19931482092667, 0]
286	[-56.026389857262814, -2]
286	[-56.026389857262814, -2]
287	[-58.19931482092667, 0]
287	[-56.011215216167464, -2]
288	[-58.19931482092667, 0]
288	[-56.011215216167464, -2]
289	[-58.19931482092667, 0]
289	[-56.011215216167464, -2]
290	[-58.19931482092667, 0]
290	[-56.011215216167464, -2]
291	[-58.19931482092667, 0]
291	[-56.011215216167464, -2]
291	[-56.011215216167464, -2]
292	[-58.19931482092667, 0]
292	[-58.14787875581813, -1]
292	[-56.011215216167464, -2]
292	[-56.011215216167464, -2]
293	[-58.19931482092667, 0]
293	[-58.19931482092667, 0]
293	[-58.14787875581813, -1]
293	[-55.994008103929694, -2]
294	[-58.19931482092667, 0]
294	[-58.19931482092667, 0]
294	[-58.14787875581813, -1]
294	[-58.14787875581813, -1]
294	[-55.994008103929694, -2]
294	[-55.994008103929694, -2]
295	[-58.19931482092667, 0]
295	[-58.19931482092667, 0]
295	[-58.14787875581813, -1]
295	[-58.14787875581813, -1]
295	[-58.14787875581813, -1]
295	[-55.994008103929694, -2]
295	[-55.994008103929694, -2]
296	[-58.19931482092667, 0]
296	[-58.19931482092667, 0]
296	[-58.14787875581813, -1]
296	[-58.14787875581813, -1]
296	[-58.14787875581813, -1]
296	[-55.994008103929694, -2]
296	[-55.994008103929694, -2]
297	[-58.19931482092667, 0]
297	[-58.19931482092667, 0]
297	[-58.14787875581813, -1]
297	[-58.14787875581813, -1]
297	[-58.14787875581813, -1]
297	[-55.994008103929694, -2]
297	[-55.994008103929694, -2]
298	[-58.19931482092667, 0]
298	[-58.19931482092667, 0]
298	[-58.14787875581813, -1]
298	[-58.14787875581813, -1]
298	[-58.14787875581813, -1]
298	[-55.98317579539726, -2]
299	[-58.19931482092667, 0]
299	[-58.19931482092667, 0]
299	[-58.14787875581813, -1]
299	[-58.14787875581813, -1]
299	[-58.14787875581813, -1]
299	[-55.98317579539726, -2]
300	[-58.19931482092667, 0]
300	[-58.19931482092667, 0]
300	[-58.14787875581813, -1]
300	[-58.14787875581813, -1]
300	[-58.14787875581813, -1]
300	[-55.98317579539726, -2]
300	[-58.19931482092667, 0]
300	[-58.19931482092667, 0]
300	[-58.14787875581813, -1]
300	[-58.14787875581813, -1]
300	[-58.14787875581813, -1]
300	[-55.98317579539726, -2]
