Generation:
1798

Phenotype:
1
V1 = uniform([+6.1e0, 7.5e0], 2);
V2 = gm([0.1e1, +4.6e0, 2.0e0]);
V3 = gm([9.4e1, +5.2e0, 3.0e0], [0.9e0, +9.9e1, 8.0e1], [0.5e0, -0.0e0, 4.0e0], [0.0e0, +3.5e0, 6.1e0]);
V4 = gm([0.0e0, +1.5e1, 4.6e0], [0.0e0, -0.9e0, 2.0e1]);
V5 = gm([0.8e1, +9.8e1, 9.9e1]);

Pre-processed Program
:F = uniform([6.100000, 13.600000], 2);C = gm([1.000000], [4.6], [2]);W = gm([0.985325, 0.009434, 0.005241, 0.000000], [5.2, 99, 0, 3.5], [3, 80, 4, 6.1]);T = gm([1.000000, 1.000000], [15, -0.9], [4.6, 20]);P = gm([1.000000], [98], [99]);Genotype:
[224, 480, 373, 25, 322, 220, 226, 141, 398, 326, 67, 265, 214, 190, 120, 464, 471, 190, 31, 5, 383, 454, 314, 386, 230, 228, 322, 250, 480, 82, 390, 247, 440, 59, 94, 427, 132, 180, 155, 142, 312, 202, 313, 360, 408, 271, 241, 80, 79, 88, 417, 234, 169, 309, 255, 338, 168, 250, 57, 9, 276, 20, 115, 20, 354, 129, 140, 440, 132, 493, 194, 350, 282, 184, 285, 60, 320, 232]
Tree:
None
Fitness on 5000 data:
-160.45118896248442

Fitness:
-160.45118896248442