Generation:
798

Phenotype:
1
V1 = uniform([+6.4e0, 0.7e1], 2);
V2 = -3.7e0;
V2 = V2 + uniform([+3.8e0, 1.0e1], 2);
V3 = +V1;
V3 = V3 + gm([6.1e1, +4.9e0, 3.2e0]);

Pre-processed Program
:F = uniform([6.400000, 13.400000], 2);W = 0;W = W - 3.7;W = W + uniform([3.800000, 13.800000], 2);T = F;T = T + gm([1.000000], [4.9], [3.2]);Genotype:
[462, 282, 313, 445, 227, 350, 58, 476, 454, 326, 484, 50, 187, 497, 419, 32, 390, 35, 369, 71, 183, 167, 332, 427, 175, 449, 56, 413, 488, 482, 325, 221, 50, 401, 376, 374, 266, 406, 488, 58, 340, 232, 162, 90, 136, 441, 141, 134, 110, 394, 69, 220, 262, 373, 42, 62, 121, 491, 151, 119, 4, 76, 62, 199, 167, 256, 251, 21, 251, 103, 397, 385, 352, 260, 91, 214, 338, 158, 48, 383, 67, 162, 279, 426, 74, 495, 437, 284, 282, 155, 186, 43, 499, 440, 465, 256, 459, 418, 93, 194]
Tree:
None
Fitness on 5000 data:
-55.466720237742315

Fitness:
-55.466720237742315