Generation:
1500

Phenotype:
1
V1 = uniform([+6.4e0, 0.7e1], 2);
V2 = +3.7e0;
V2 = V2 + uniform([-3.6e0, 1.0e1], 2);
V3 = +V1;
V3 = V3 + gm([5.1e1, +4.1e0, 3.1e0], [9.9e0, +9.1e0, 1.0e0]);

Pre-processed Program
:F = uniform([6.400000, 13.400000], 2);W = 3.7;W = W + uniform([-3.600000, 6.400000], 2);T = F;T = T + gm([0.837438, 0.162562], [4.1, 9.1], [3.1, 1]);Genotype:
[268, 282, 198, 171, 158, 346, 58, 476, 454, 306, 348, 140, 157, 75, 367, 440, 398, 31, 227, 220, 333, 197, 332, 293, 469, 135, 457, 133, 66, 298, 13, 221, 30, 19, 376, 324, 266, 280, 262, 94, 62, 174, 183, 444, 75, 61, 217, 310, 234, 394, 91, 312, 262, 453, 381, 62, 292, 491, 209, 339, 42, 297, 66, 469, 31, 130, 457, 21, 480, 390, 397, 385, 352, 260, 91, 214, 338, 158, 48, 383, 67, 162, 279, 426, 74, 495, 437, 284, 282, 155, 186, 43, 392, 440, 465, 344, 459, 418, 93, 194]
Tree:
None
Fitness on 5000 data:
-54.96528009416452

Fitness:
-54.96528009416452