Generation:
398

Phenotype:
1
V1 = uniform([+6.4e0, 0.7e1], 2);
V2 = -3.0e0;
V2 = V2 + uniform([-2.8e0, 2.0e1], 2);
V3 = +V1;
V3 = V3 + gm([9.4e1, +5.1e0, 3.2e0]);

Pre-processed Program
:F = uniform([6.400000, 13.400000], 2);W = 0;W = W - 3;W = W + uniform([-2.800000, 17.200000], 2);T = F;T = T + gm([1.000000], [5.1], [3.2]);Genotype:
[173, 156, 85, 341, 40, 71, 58, 476, 54, 36, 431, 50, 407, 19, 58, 92, 354, 199, 265, 247, 3, 300, 76, 271, 482, 379, 351, 202, 128, 422, 363, 192, 430, 481, 487, 400, 432, 368, 278, 76, 462, 380, 386, 122, 439, 154, 259, 198, 110, 225, 431, 84, 282, 373, 272, 332, 121, 491, 151, 119, 4, 76, 62, 199, 167, 256, 251, 21, 251, 103, 397, 385, 352, 260, 91, 214, 338, 158, 48, 383, 67, 162, 279, 426, 74, 495, 437, 284, 282, 155, 186, 43, 499, 440, 465, 256, 459, 418, 93, 194]
Tree:
None
Fitness on 5000 data:
-60.51383571276238

Fitness:
-60.51383571276238