Generation:
798

Phenotype:
4
V1 = uniform([+2.1e0, 0.6e1], 2);
V2 = +V1;
V2 = V2 + gm([3.0e1, +9.9e0, 5.7e0]);
V3 = +9.8e0;
V3 = V3 + gm([8.1e0, +0.2e0, 2.0e0]);

Pre-processed Program
:C = uniform([2.100000, 8.100000], 2);T = C;T = T + gm([1.000000], [9.9], [5.7]);F = 9.8;F = F + gm([1.000000], [0.2], [2]);Genotype:
[135, 315, 257, 145, 456, 303, 342, 482, 451, 16, 78, 420, 56, 203, 142, 174, 356, 248, 168, 231, 334, 267, 314, 180, 113, 110, 237, 489, 162, 189, 359, 182, 220, 455, 27, 8, 368, 24, 230, 277, 153, 56, 459, 28, 190, 292, 424, 456, 418, 298, 211, 452, 308, 288, 220, 272, 302, 292, 392, 90, 128, 261, 418, 79, 273, 420, 464, 484, 169, 46, 307, 294, 375, 330, 400, 364, 121, 287, 205, 496, 7, 234, 18, 445, 414, 86, 255, 66, 38, 126, 410, 164, 62, 36, 263, 227, 328, 412, 70, 478]
Tree:
None
Fitness on 5000 data:
-56.64986420119341

Fitness:
-56.64986420119341