Generation:
1500

Phenotype:
4
V1 = gm([0.0e1, +5.5e0, 1.0e0], [0.0e0, +4.6e0, 1.0e0]);
V2 = +7.9e0;
V2 = V2 + uniform([-3.4e0, 2.0e1], 2);
V3 = +V1;
V3 = V3 + uniform([+2.9e0, 4.2e0], 2);

Pre-processed Program
:C = gm([1.000000, 1.000000], [5.5, 4.6], [1, 1]);T = 7.9;T = T + uniform([-3.400000, 16.600000], 2);F = C;F = F + uniform([2.900000, 7.100000], 2);Genotype:
[15, 99, 349, 58, 475, 363, 307, 90, 420, 231, 442, 194, 15, 25, 332, 325, 471, 190, 394, 42, 68, 390, 430, 362, 311, 76, 164, 446, 408, 361, 431, 10, 496, 265, 470, 186, 5, 252, 224, 407, 9, 188, 97, 373, 360, 315, 163, 154, 494, 482, 32, 460, 353, 120, 334, 196, 466, 250, 480, 91, 68, 415, 492, 72, 19, 282, 303, 164, 282, 434, 293, 419, 80, 349, 473, 406, 206, 291, 350, 191, 268, 356, 392, 140, 47, 329, 276, 321, 225, 166, 74, 302, 307, 111, 165, 233, 259, 288, 191, 326]
Tree:
None
Fitness on 5000 data:
-5.3516552581787264

Fitness:
-5.3516552581787264