Generation:
798

Phenotype:
4
V1 = gm([9.5e1, +5.0e0, 1.1e0], [0.0e1, -5.5e0, 2.5e0]);
V2 = +7.8e0;
V2 = V2 + uniform([-3.4e0, 2.0e1], 2);
V3 = +V1;
V3 = V3 + uniform([+2.9e0, 4.2e0], 2);

Pre-processed Program
:C = gm([1.000000, 0.000000], [5, -5.5], [1.1, 2.5]);T = 7.8;T = T + uniform([-3.400000, 16.600000], 2);F = C;F = F + uniform([2.900000, 7.100000], 2);Genotype:
[462, 99, 277, 84, 97, 371, 354, 359, 65, 349, 16, 374, 345, 390, 370, 18, 471, 491, 130, 42, 332, 500, 0, 421, 57, 311, 405, 45, 176, 154, 492, 305, 198, 201, 366, 128, 47, 451, 94, 407, 358, 54, 97, 25, 454, 237, 163, 434, 494, 313, 32, 80, 59, 12, 358, 300, 148, 272, 470, 91, 174, 295, 492, 142, 459, 308, 358, 314, 292, 434, 293, 419, 80, 349, 473, 406, 206, 291, 350, 191, 268, 356, 392, 140, 47, 329, 276, 321, 225, 166, 74, 302, 307, 111, 165, 233, 259, 288, 191, 326]
Tree:
None
Fitness on 5000 data:
-6.043192879035685

Fitness:
-6.043192879035685