Generation:
398

Phenotype:
4
V1 = gm([8.5e1, +5.0e0, 1.2e0], [0.0e0, +1.9e0, 0.1e0]);
V2 = +7.9e0;
V2 = V2 + uniform([-3.5e0, 2.0e1], 2);
V3 = +V1;
V3 = V3 + uniform([+2.8e0, 4.4e0], 2);

Pre-processed Program
:C = gm([1.000000, 0.000000], [5, 1.9], [1.2, 0.1]);T = 7.9;T = T + uniform([-3.500000, 16.500000], 2);F = C;F = F + uniform([2.800000, 7.200000], 2);Genotype:
[462, 357, 154, 134, 299, 371, 127, 258, 125, 349, 16, 374, 345, 390, 492, 296, 471, 232, 130, 42, 155, 500, 0, 360, 375, 20, 211, 419, 176, 396, 120, 71, 492, 226, 74, 324, 347, 157, 258, 407, 439, 54, 185, 452, 454, 5, 163, 465, 204, 126, 32, 260, 477, 313, 358, 64, 4, 450, 470, 49, 480, 23, 362, 142, 88, 76, 432, 194, 264, 422, 293, 419, 80, 349, 473, 406, 206, 291, 350, 191, 268, 356, 392, 140, 47, 329, 276, 321, 225, 166, 74, 302, 307, 111, 165, 233, 259, 288, 191, 326]
Tree:
None
Fitness on 5000 data:
-6.046371433415959

Fitness:
-6.046371433415959