0	[-9000128.869670609, -1]
0	[-3000547.943740511, -2]
0	[tensor(-1000000.), -3]
0	[-542.2296020767126, -4]
0	[-266.32998551248835, -5]
1	[-8000571.238512698, -1]
1	[-352.5520159196322, -2]
1	[-331.26797319893063, -3]
1	[-266.32998551248835, -5]
2	[-8000393.392253678, -1]
2	[-352.5520159196322, -2]
2	[-331.26797319893063, -3]
2	[-266.27610777605656, -5]
3	[-980.5694104413169, -1]
3	[-289.54845222508925, -2]
3	[-267.28408847312335, -3]
3	[-266.27610777605656, -5]
4	[-310.24340296650007, -1]
4	[-289.54845222508925, -2]
4	[-227.0574410581114, -3]
5	[-310.24340296650007, -1]
5	[-258.7166772952709, -2]
5	[-227.0574410581114, -3]
6	[-9001115.239399223, 0]
6	[-283.2122134047452, -1]
6	[-258.7166772952709, -2]
6	[-227.0574410581114, -3]
7	[-9001112.47365025, 0]
7	[-283.2122134047452, -1]
7	[-205.59479175401447, -2]
8	[-9001112.47365025, 0]
8	[-270.1744702132026, -1]
8	[-205.4152898591863, -2]
9	[-9001112.47365025, 0]
9	[-270.1744702132026, -1]
9	[-205.4152898591863, -2]
10	[-9001112.47365025, 0]
10	[-270.1744702132026, -1]
10	[-205.4152898591863, -2]
11	[-9001112.47365025, 0]
11	[-270.1744702132026, -1]
11	[-205.4152898591863, -2]
12	[-9001112.47365025, 0]
12	[-270.1744702132026, -1]
12	[-205.4152898591863, -2]
13	[-9000224.566140296, 0]
13	[-270.1744702132026, -1]
13	[-205.4152898591863, -2]
14	[-9000140.763371836, 0]
14	[-268.81407995517674, -1]
14	[-205.4152898591863, -2]
15	[-8000880.466683432, 0]
15	[-253.54032653245937, -1]
15	[-205.4152898591863, -2]
16	[-622.3505574368231, 0]
16	[-253.54032653245937, -1]
16	[-205.4152898591863, -2]
17	[-622.3505574368231, 0]
17	[-253.54032653245937, -1]
17	[-202.06784197326218, -2]
18	[-622.3505574368231, 0]
18	[-237.3529947039754, -1]
18	[-202.06784197326218, -2]
19	[-622.3505574368231, 0]
19	[-218.05411703357487, -1]
19	[-202.06784197326218, -2]
20	[-622.3505574368231, 0]
20	[-218.05411703357487, -1]
20	[-202.06784197326218, -2]
21	[-615.1193630647344, 0]
21	[-212.75610824518023, -1]
21	[-190.605981913249, -2]
22	[-615.1193630647344, 0]
22	[-212.75610824518023, -1]
22	[-190.605981913249, -2]
23	[-615.1193630647344, 0]
23	[-212.75610824518023, -1]
23	[-190.605981913249, -2]
24	[-615.1193630647344, 0]
24	[-212.75610824518023, -1]
24	[-190.605981913249, -2]
25	[-615.1193630647344, 0]
25	[-212.75610824518023, -1]
25	[-190.605981913249, -2]
26	[-493.0616431388011, 0]
26	[-212.75610824518023, -1]
26	[-190.605981913249, -2]
27	[-493.0616431388011, 0]
27	[-198.5518524859272, -1]
27	[-190.605981913249, -2]
28	[-491.1747435527126, 0]
28	[-198.5518524859272, -1]
28	[-190.605981913249, -2]
29	[-491.1747435527126, 0]
29	[-198.5518524859272, -1]
29	[-190.605981913249, -2]
30	[-491.1747435527126, 0]
30	[-198.5518524859272, -1]
30	[-189.33360929936262, -2]
31	[-491.1747435527126, 0]
31	[-198.5518524859272, -1]
31	[-189.33360929936262, -2]
32	[-491.1747435527126, 0]
32	[-198.5518524859272, -1]
32	[-189.33360929936262, -2]
33	[-491.1747435527126, 0]
33	[-192.4827889611006, -1]
33	[-189.33360929936262, -2]
33	[-186.78843008844018, -4]
34	[-472.28629656998845, 0]
34	[-192.4827889611006, -1]
34	[-189.33360929936262, -2]
34	[-186.78843008844018, -4]
35	[-472.28629656998845, 0]
35	[-190.5667726068666, -1]
35	[-189.33360929936262, -2]
35	[-186.78843008844018, -4]
36	[-472.28629656998845, 0]
36	[-190.5667726068666, -1]
36	[-189.33360929936262, -2]
36	[-186.78843008844018, -4]
37	[-472.28629656998845, 0]
37	[-190.5667726068666, -1]
37	[-189.33360929936262, -2]
37	[-186.78843008844018, -4]
38	[-472.28629656998845, 0]
38	[-188.68568859010352, -1]
38	[-186.78843008844018, -4]
39	[-472.28629656998845, 0]
39	[-183.1722248019599, -1]
40	[-334.14050580467807, 0]
40	[-183.1722248019599, -1]
41	[-334.14050580467807, 0]
41	[-183.1722248019599, -1]
42	[-316.62065466156747, 0]
42	[-183.1722248019599, -1]
43	[-211.36390667226993, 0]
43	[-183.1722248019599, -1]
44	[-211.36390667226993, 0]
44	[-183.1722248019599, -1]
45	[-211.36390667226993, 0]
45	[-183.1722248019599, -1]
46	[-211.36390667226993, 0]
46	[-183.1722248019599, -1]
47	[-211.36390667226993, 0]
47	[-183.1722248019599, -1]
48	[-211.36390667226993, 0]
48	[-183.1722248019599, -1]
49	[-211.36390667226993, 0]
49	[-183.1722248019599, -1]
50	[-211.36390667226993, 0]
50	[-183.1722248019599, -1]
51	[-211.36390667226993, 0]
51	[-183.1722248019599, -1]
51	[-182.15216711007076, -2]
52	[-211.36390667226993, 0]
52	[-183.1722248019599, -1]
52	[-182.15216711007076, -2]
53	[-211.36390667226993, 0]
53	[-183.1722248019599, -1]
53	[-182.15216711007076, -2]
53	[-177.41726889855374, -3]
54	[-211.36390667226993, 0]
54	[-182.15087768801888, -1]
54	[-177.41726889855374, -3]
55	[-211.36390667226993, 0]
55	[-182.15087768801888, -1]
55	[-180.0255716852094, -2]
55	[-177.41726889855374, -3]
55	[-176.37699564295684, -5]
56	[-211.36390667226993, 0]
56	[-182.15087768801888, -1]
56	[-180.0255716852094, -2]
56	[-177.41726889855374, -3]
56	[-176.37699564295684, -5]
57	[-211.36390667226993, 0]
57	[-181.74093588803774, -1]
57	[-180.0255716852094, -2]
57	[-177.41726889855374, -3]
57	[-176.37699564295684, -5]
58	[-211.36390667226993, 0]
58	[-178.7331004543005, -1]
58	[-177.41726889855374, -3]
58	[-176.37699564295684, -5]
59	[-211.36390667226993, 0]
59	[-178.7331004543005, -1]
59	[-178.7331004543005, -1]
59	[-177.3123413902639, -3]
59	[-176.37699564295684, -5]
60	[-211.36390667226993, 0]
60	[-178.19196815615075, -1]
60	[-177.3123413902639, -3]
60	[-176.37699564295684, -5]
61	[-211.36390667226993, 0]
61	[-178.19196815615075, -1]
61	[-176.91713555765685, -3]
61	[-176.37699564295684, -5]
62	[-211.36390667226993, 0]
62	[-178.19196815615075, -1]
62	[-176.91713555765685, -3]
62	[-176.37699564295684, -5]
63	[-211.36390667226993, 0]
63	[-178.19196815615075, -1]
63	[-174.84420267556922, -2]
64	[-211.36390667226993, 0]
64	[-174.942836218745, -1]
64	[-172.19062290436946, -2]
65	[-211.36390667226993, 0]
65	[-174.942836218745, -1]
65	[-172.19062290436946, -2]
66	[-211.36390667226993, 0]
66	[-174.942836218745, -1]
66	[-172.19062290436946, -2]
67	[-211.36390667226993, 0]
67	[-174.942836218745, -1]
67	[-172.19062290436946, -2]
68	[-211.36390667226993, 0]
68	[-174.942836218745, -1]
68	[-172.19062290436946, -2]
69	[-211.36390667226993, 0]
69	[-170.35330194453218, -1]
70	[-211.36390667226993, 0]
70	[-170.35330194453218, -1]
71	[-211.36390667226993, 0]
71	[-170.35330194453218, -1]
71	[-169.0398312077261, -2]
71	[-163.24763533896018, -3]
72	[-211.36390667226993, 0]
72	[-170.35330194453218, -1]
72	[-169.0398312077261, -2]
72	[-163.24763533896018, -3]
73	[-211.36390667226993, 0]
73	[-170.35330194453218, -1]
73	[-169.0398312077261, -2]
73	[-163.24763533896018, -3]
74	[-211.36390667226993, 0]
74	[-170.35330194453218, -1]
74	[-169.0398312077261, -2]
74	[-163.24763533896018, -3]
75	[-211.36390667226993, 0]
75	[-170.35330194453218, -1]
75	[-169.0398312077261, -2]
75	[-163.24763533896018, -3]
76	[-211.36390667226993, 0]
76	[-170.35330194453218, -1]
76	[-169.0398312077261, -2]
76	[-163.24763533896018, -3]
77	[-211.36390667226993, 0]
77	[-170.35330194453218, -1]
77	[-169.0398312077261, -2]
77	[-163.24763533896018, -3]
78	[-211.36390667226993, 0]
78	[-169.8924273861443, -1]
78	[-169.0398312077261, -2]
78	[-163.24763533896018, -3]
79	[-211.36390667226993, 0]
79	[-169.8924273861443, -1]
79	[-169.0398312077261, -2]
79	[-163.24763533896018, -3]
80	[-211.36390667226993, 0]
80	[-169.5960599176025, -1]
80	[-169.0398312077261, -2]
80	[-163.24763533896018, -3]
81	[-211.36390667226993, 0]
81	[-169.5960599176025, -1]
81	[-169.0398312077261, -2]
81	[-163.24763533896018, -3]
81	[-157.0284003940951, -4]
82	[-211.36390667226993, 0]
82	[-169.31105684274732, -1]
82	[-169.0398312077261, -2]
82	[-163.24763533896018, -3]
82	[-157.0284003940951, -4]
83	[-211.36390667226993, 0]
83	[-169.31105684274732, -1]
83	[-169.0398312077261, -2]
83	[-163.24763533896018, -3]
83	[-157.0284003940951, -4]
84	[-211.36390667226993, 0]
84	[-169.28733960467807, -1]
84	[-169.0398312077261, -2]
84	[-163.24763533896018, -3]
84	[-157.0284003940951, -4]
85	[-211.36390667226993, 0]
85	[-169.28733960467807, -1]
85	[-169.0398312077261, -2]
85	[-163.24763533896018, -3]
85	[-157.0284003940951, -4]
86	[-211.36390667226993, 0]
86	[-166.67955993505913, -1]
86	[-163.24763533896018, -3]
86	[-157.0284003940951, -4]
87	[-211.36390667226993, 0]
87	[-166.67955993505913, -1]
87	[-163.24763533896018, -3]
87	[-157.0284003940951, -4]
88	[-211.36390667226993, 0]
88	[-166.67955993505913, -1]
88	[-163.24763533896018, -3]
88	[-157.0284003940951, -4]
89	[-211.36390667226993, 0]
89	[-166.67955993505913, -1]
89	[-163.24763533896018, -3]
89	[-157.0284003940951, -4]
90	[-211.36390667226993, 0]
90	[-166.67955993505913, -1]
90	[-162.52350929292692, -3]
90	[-157.0284003940951, -4]
91	[-211.36390667226993, 0]
91	[-166.67955993505913, -1]
91	[-160.136729220149, -3]
91	[-157.0284003940951, -4]
92	[-211.36390667226993, 0]
92	[-166.67955993505913, -1]
92	[-160.136729220149, -3]
92	[-157.0284003940951, -4]
93	[-211.36390667226993, 0]
93	[-166.67955993505913, -1]
93	[-160.136729220149, -3]
93	[-157.0284003940951, -4]
94	[-211.36390667226993, 0]
94	[-166.67955993505913, -1]
94	[-160.136729220149, -3]
94	[-157.0284003940951, -4]
95	[-211.36390667226993, 0]
95	[-166.67955993505913, -1]
95	[-160.136729220149, -3]
95	[-157.0284003940951, -4]
96	[-211.36390667226993, 0]
96	[-166.67955993505913, -1]
96	[-160.136729220149, -3]
96	[-157.0284003940951, -4]
97	[-211.36390667226993, 0]
97	[-166.67955993505913, -1]
97	[-160.1210455714761, -3]
97	[-157.0284003940951, -4]
