Generation:
398

Phenotype:
2
V1 = gm([4.8e1, +1.0e1, 0.2e1]);
V2 = +V1;
V2 = V2 + gm([5.2e1, +6.1e0, 1.5e1], [6.4e1, +9.9e1, 9.9e1], [2.0e0, +7.0e1, 8.3e0], [8.7e0, +5.0e1, 1.9e1]);
V3 = +V1;
V3 = V3 + gm([4.1e0, +0.0e1, 1.0e0]);

Pre-processed Program
:F = gm([1.000000], [10], [2]);P = F;P = P + gm([0.410418, 0.505130, 0.015785, 0.068666], [6.1, 99, 70, 50], [15, 99, 8.3, 19]);T = F;T = T + gm([1.000000], [0], [1]);Genotype:
[355, 259, 311, 390, 406, 426, 37, 294, 108, 317, 480, 164, 291, 330, 251, 424, 50, 52, 207, 92, 132, 146, 440, 2, 21, 170, 475, 73, 441, 345, 402, 143, 143, 158, 126, 1, 430, 228, 431, 435, 363, 239, 213, 6, 364, 477, 464, 398, 69, 409, 267, 118, 449, 399, 431, 203, 276, 92, 420, 250, 326, 330, 47, 100, 201, 56, 148, 113, 498, 424, 229, 8, 107, 458, 401, 482, 105, 390, 177, 161, 331, 199, 433, 78, 190, 226, 386, 292, 6, 308, 154, 222, 323, 454, 471, 426, 31, 100, 120, 440]
Tree:
None
Fitness on 5000 data:
-74.34363177443518

Fitness:
-74.34363177443518