Generation:
1500

Phenotype:
2
V1 = gm([4.4e0, +1.0e1, 0.2e1]);
V2 = +V1;
V2 = V2 + gm([5.3e1, +6.3e0, 1.4e1], [6.9e1, +9.9e1, 9.9e1], [2.9e0, +7.1e1, 8.8e0], [8.7e0, +5.0e1, 1.8e1]);
V3 = +V1;
V3 = V3 + gm([1.1e1, -0.0e0, 1.0e0]);

Pre-processed Program
:F = gm([1.000000], [10], [2]);P = F;P = P + gm([0.396707, 0.516467, 0.021707, 0.065120], [6.3, 99, 71, 50], [14, 99, 8.8, 18]);T = F;T = T + gm([1.000000], [0], [1]);Genotype:
[282, 259, 311, 270, 406, 426, 445, 154, 324, 186, 394, 492, 291, 330, 365, 165, 50, 52, 453, 92, 238, 146, 288, 426, 78, 170, 475, 157, 441, 345, 63, 143, 92, 454, 126, 413, 330, 283, 221, 234, 277, 465, 484, 416, 269, 477, 429, 278, 69, 409, 433, 118, 449, 399, 43, 497, 414, 432, 389, 250, 326, 330, 407, 241, 121, 56, 148, 478, 252, 186, 229, 8, 77, 458, 59, 228, 105, 320, 177, 382, 331, 458, 251, 473, 342, 106, 150, 190, 328, 460, 360, 220, 77, 271, 471, 97, 55, 221, 120, 320]
Tree:
None
Fitness on 5000 data:
-74.3379520945148

Fitness:
-74.3379520945148