Generation:
798

Phenotype:
2
V1 = gm([4.5e1, +1.0e1, 0.2e1]);
V2 = +V1;
V2 = V2 + gm([5.2e1, +6.3e0, 1.4e1], [6.6e1, +9.9e1, 9.9e1], [2.9e0, +7.0e1, 8.9e0], [8.7e0, +5.0e1, 1.9e1]);
V3 = +V1;
V3 = V3 + gm([4.1e0, +0.0e1, 1.0e0]);

Pre-processed Program
:F = gm([1.000000], [10], [2]);P = F;P = P + gm([0.401235, 0.509259, 0.022377, 0.067130], [6.3, 99, 70, 50], [14, 99, 8.9, 19]);T = F;T = T + gm([1.000000], [0], [1]);Genotype:
[289, 259, 311, 270, 406, 426, 445, 154, 85, 317, 146, 164, 291, 330, 365, 165, 50, 52, 373, 92, 132, 146, 92, 2, 79, 170, 475, 73, 441, 345, 262, 143, 187, 454, 126, 153, 56, 228, 221, 234, 277, 465, 299, 6, 326, 477, 429, 398, 69, 409, 267, 118, 449, 399, 463, 203, 276, 432, 389, 250, 326, 330, 47, 100, 147, 56, 148, 59, 252, 186, 229, 8, 107, 458, 59, 482, 105, 390, 177, 412, 331, 199, 433, 10, 342, 22, 386, 206, 328, 308, 154, 222, 77, 454, 471, 370, 493, 100, 120, 320]
Tree:
None
Fitness on 5000 data:
-74.3386741228508

Fitness:
-74.3386741228508