0	[-11000000.0, -1]
0	[-310.43497882455455, -2]
1	[-585.7104156617572, -1]
1	[-310.43497882455455, -2]
2	[-252.16161775702162, 0]
2	[-211.95939108798478, -2]
3	[-252.16161775702162, 0]
3	[-211.95939108798478, -2]
4	[-252.16161775702162, 0]
4	[-218.449618881405, -1]
4	[-211.95939108798478, -2]
5	[-252.16161775702162, 0]
5	[-218.449618881405, -1]
5	[-205.80019929238154, -2]
6	[-242.83714002672303, 0]
6	[-218.449618881405, -1]
6	[-205.80019929238154, -2]
7	[-205.82399604399745, 0]
7	[-205.80019929238154, -2]
7	[-195.46914477230877, -4]
8	[-205.82399604399745, 0]
8	[-205.80019929238154, -2]
8	[-198.62636537923473, -3]
8	[-187.50911262533592, -4]
9	[-205.82399604399745, 0]
9	[-205.80019929238154, -2]
9	[-198.62636537923473, -3]
9	[-187.50911262533592, -4]
10	[-190.05118705577644, 0]
10	[-187.50911262533592, -4]
11	[-190.05118705577644, 0]
11	[-187.50911262533592, -4]
12	[-190.05118705577644, 0]
12	[-184.32118346896172, -4]
13	[-190.05118705577644, 0]
13	[-184.32118346896172, -4]
14	[-190.05118705577644, 0]
14	[-184.32118346896172, -4]
15	[-190.05118705577644, 0]
15	[-184.32118346896172, -4]
16	[-190.05118705577644, 0]
16	[-181.6454223383149, -4]
17	[-190.05118705577644, 0]
17	[-181.6454223383149, -4]
18	[-190.05118705577644, 0]
18	[-181.6454223383149, -4]
19	[-190.05118705577644, 0]
19	[-181.37893333671863, -4]
20	[-190.05118705577644, 0]
20	[-181.37893333671863, -4]
21	[-190.05118705577644, 0]
21	[-178.5639020609867, -4]
22	[-190.05118705577644, 0]
22	[-178.5639020609867, -4]
23	[-190.05118705577644, 0]
23	[-178.5639020609867, -4]
24	[-180.8411458419547, 0]
24	[-178.5639020609867, -4]
25	[-180.8411458419547, 0]
25	[-178.5639020609867, -4]
26	[-180.8411458419547, 0]
26	[-178.5639020609867, -4]
27	[-180.8411458419547, 0]
27	[-173.42909201319762, -3]
28	[-180.8411458419547, 0]
28	[-173.42909201319762, -3]
29	[-180.8411458419547, 0]
29	[-173.42909201319762, -3]
30	[-180.8411458419547, 0]
30	[-173.2732071607719, -3]
31	[-180.8411458419547, 0]
31	[-173.2732071607719, -3]
32	[-180.8411458419547, 0]
32	[-173.2732071607719, -3]
33	[-180.22641217831074, 0]
33	[-173.2732071607719, -3]
34	[-180.22641217831074, 0]
34	[-165.20183624545118, -3]
35	[-180.22641217831074, 0]
35	[-165.20183624545118, -3]
36	[-180.22641217831074, 0]
36	[-165.20183624545118, -3]
37	[-180.22641217831074, 0]
37	[-165.20183624545118, -3]
38	[-180.22641217831074, 0]
38	[-165.20183624545118, -3]
39	[-178.71040229140382, 0]
39	[-165.20183624545118, -3]
40	[-178.71040229140382, 0]
40	[-165.20183624545118, -3]
41	[-176.1400906121298, 0]
41	[-165.20183624545118, -3]
42	[-176.1400906121298, 0]
42	[-165.20183624545118, -3]
43	[-176.1400906121298, 0]
43	[-165.20183624545118, -3]
44	[-176.1400906121298, 0]
44	[-165.20183624545118, -3]
45	[-176.1400906121298, 0]
45	[-165.20183624545118, -3]
46	[-176.1400906121298, 0]
46	[-165.20183624545118, -3]
47	[-176.1400906121298, 0]
47	[-165.20183624545118, -3]
48	[-175.60608825132354, 0]
48	[-164.7724215479713, -3]
49	[-175.60608825132354, 0]
49	[-164.7724215479713, -3]
50	[-175.60608825132354, 0]
50	[-164.7724215479713, -3]
51	[-175.60608825132354, 0]
51	[-164.7724215479713, -3]
52	[-175.60608825132354, 0]
52	[-164.7724215479713, -3]
53	[-175.60608825132354, 0]
53	[-164.7724215479713, -3]
54	[-175.60608825132354, 0]
54	[-164.7724215479713, -3]
55	[-175.60608825132354, 0]
55	[-164.7724215479713, -3]
56	[-173.63915654562155, 0]
56	[-164.7724215479713, -3]
57	[-173.63915654562155, 0]
57	[-164.7724215479713, -3]
58	[-173.63915654562155, 0]
58	[-164.7724215479713, -3]
59	[-173.63915654562155, 0]
59	[-164.7724215479713, -3]
60	[-173.63915654562155, 0]
60	[-164.7724215479713, -3]
61	[-173.63915654562155, 0]
61	[-164.7724215479713, -3]
62	[-173.63915654562155, 0]
62	[-164.7724215479713, -3]
63	[-173.63915654562155, 0]
63	[-164.7724215479713, -3]
64	[-173.63915654562155, 0]
64	[-159.93583145536624, -3]
65	[-173.63915654562155, 0]
65	[-159.93583145536624, -3]
66	[-173.63915654562155, 0]
66	[-159.93583145536624, -3]
67	[-173.63915654562155, 0]
67	[-159.56044152197614, -3]
