Generation:
1500

Phenotype:
65
V1 = gm([3.4e+2, +5.8e+0, 4.0e+0], [7.5e-0, -6.8e-2, 5.2e-0]);
V2 = -V1 * -9.2e-1;
V2 = V2 + gm([4.5e+2, +9.9e-0, 2.2e-0], [0.6e-0, +6.5e+2, 5.4e-1], [0.7e-1, -8.0e+1, 5.7e+1]);
V3 = +V2 * +V2;
V3 = V3 + uniform([-0.6e-1, 3.8e-1], 2);
V4 = +0.2e-0;
V4 = V4 + gm([3.7e+0, +9.3e-0, 2.2e-0]);
V5 = +9.4e-2 * +6.9e-1;
V5 = V5 + uniform([+2.2e-0, 4.8e-0], 2);

Pre-processed Program
:W = gm([0.978417, 0.021583], [5.8, -0.068], [4, 5.2]);TEMP0 = 0.92 * W;T = TEMP0;T = T + gm([0.998513, 0.001331, 0.000155], [9.9, 650, -80], [2.2, 0.54, 57]);TEMP1 = T * T;P = TEMP1;P = P + uniform([-0.060000, 0.320000], 2);F = 0.2;F = F + gm([1.000000], [9.3], [2.2]);C = 0.0649;C = C + uniform([2.200000, 7.000000], 2);Genotype:
[119, 424, 126, 282, 202, 209, 282, 43, 54, 98, 311, 273, 22, 145, 118, 414, 33, 432, 484, 70, 232, 102, 258, 499, 207, 365, 85, 390, 458, 325, 406, 358, 133, 431, 294, 375, 202, 173, 189, 67, 40, 273, 264, 272, 313, 138, 271, 309, 39, 399, 42, 21, 355, 498, 29, 477, 183, 444, 85, 28, 92, 497, 302, 19, 49, 13, 333, 197, 242, 302, 219, 264, 373, 437, 200, 326, 445, 135, 250, 438, 476, 15, 324, 380, 80, 65, 294, 187, 295, 64, 263, 40, 487, 195, 475, 481, 287, 398, 200, 228, 196, 320, 55, 117, 276, 256, 248, 402, 243, 346, 192, 460, 41, 158, 324, 415, 275, 270, 252, 259, 350, 96, 463, 253, 281, 203, 478, 219, 310, 10, 222, 130, 207, 494, 430, 190, 282, 393, 393, 382, 356, 158, 174, 333, 307, 382, 117, 102, 488, 109, 183, 35, 354, 167, 252, 242, 431, 27, 31, 212, 261, 176, 363, 248, 248, 269, 124, 331, 152, 259, 168, 370, 436, 109, 257, 298, 75]
Tree:
None
Fitness on 5000 data:
-13.216239991047253

Fitness:
-13.216239991047253