Generation:
1198

Phenotype:
65
V1 = gm([8.4e+2, +5.1e+0, 4.0e-0], [7.7e+0, +9.7e+1, 5.2e+0]);
V2 = -1.0e-0 * -V1;
V2 = V2 + gm([4.1e+2, +8.9e-0, 2.4e-0], [0.1e+0, -6.3e+0, 2.4e+0], [0.1e-1, -7.3e+1, 6.8e+2]);
V3 = +V2 * +V2;
V3 = V3 + uniform([+3.6e-2, 3.5e-2], 2);
V4 = -8.4e-2;
V4 = V4 + gm([3.7e-1, +9.4e-0, 1.0e+1]);
V5 = +1.7e-1 * +5.9e-1;
V5 = V5 + uniform([+2.4e-0, 4.8e-0], 2);

Pre-processed Program
:W = gm([0.990917, 0.009083], [5.1, 97], [4, 5.2]);TEMP0 = 1 * W;T = TEMP0;T = T + gm([0.999732, 0.000244, 0.000024], [8.9, -6.3, -73], [2.4, 2.4, 680]);TEMP1 = T * T;P = TEMP1;P = P + uniform([0.036000, 0.071000], 2);F = 0;F = F - 0.084;F = F + gm([1.000000], [9.4], [10]);C = 0.1003;C = C + uniform([2.400000, 7.200000], 2);Genotype:
[447, 424, 126, 282, 74, 385, 264, 368, 324, 98, 311, 327, 22, 55, 311, 110, 33, 201, 484, 290, 247, 81, 258, 344, 267, 427, 324, 333, 413, 4, 279, 457, 86, 310, 460, 375, 202, 198, 189, 499, 40, 491, 332, 453, 313, 73, 271, 210, 97, 399, 42, 21, 355, 498, 29, 457, 299, 444, 291, 286, 47, 167, 36, 428, 49, 115, 333, 459, 242, 194, 219, 264, 31, 375, 200, 251, 406, 291, 250, 251, 476, 323, 324, 75, 337, 142, 434, 372, 81, 296, 133, 400, 281, 195, 238, 481, 183, 467, 373, 200, 196, 79, 46, 458, 276, 413, 468, 402, 243, 346, 332, 460, 355, 202, 198, 415, 43, 308, 9, 314, 463, 86, 463, 5, 91, 203, 275, 219, 257, 10, 16, 454, 267, 443, 339, 458, 294, 313, 89, 382, 394, 158, 124, 333, 307, 291, 13, 102, 488, 109, 414, 185, 51, 297, 191, 250, 76, 295, 241, 212, 185, 176, 475, 248, 492, 81, 367, 281, 400, 259, 421, 370, 355, 109, 245, 298, 269]
Tree:
None
Fitness on 5000 data:
-14.47087299035741

Fitness:
-14.47087299035741