Generation:
1198

Phenotype:
5
V1 = uniform([+5.9e0, 8.0e0], 2);
V2 = gm([4.3e0, +9.9e1, 9.9e1]);
V3 = uniform([+1.9e0, 6.0e0], 2);
V4 = uniform([+5.0e0, 9.9e0], 2);

Pre-processed Program
:F = uniform([5.900000, 13.900000], 2);E = gm([1.000000], [99], [99]);C = uniform([1.900000, 7.900000], 2);T = uniform([5.000000, 14.900000], 2);Genotype:
[356, 316, 133, 228, 166, 234, 455, 289, 488, 170, 408, 20, 306, 438, 73, 318, 432, 54, 213, 100, 343, 198, 449, 219, 19, 102, 219, 99, 107, 239, 293, 229, 464, 311, 69, 24, 427, 306, 80, 70, 107, 105, 123, 214, 155, 340, 314, 351, 499, 19, 410, 180, 408, 18, 360, 50, 306, 125, 53, 327, 85, 265, 245, 89, 126, 209]
Tree:
None
Fitness on 5000 data:
-152.12708309945106

Fitness:
-152.12708309945106