0	[-187.654875844894, -1]
1	[-183.0775497066418, -1]
1	[-168.2689167996229, -2]
2	[-201.7345992847822, 0]
2	[-183.0775497066418, -1]
2	[-128.98625450814708, -2]
3	[-201.7345992847822, 0]
3	[-160.52393320383666, -1]
3	[-128.98625450814708, -2]
4	[-179.2237265063177, 0]
4	[-160.52393320383666, -1]
4	[-121.8618904727616, -2]
5	[-179.2237265063177, 0]
5	[-157.09869945041316, -1]
5	[-121.8618904727616, -2]
5	[-106.4757920578897, -3]
6	[-179.2237265063177, 0]
6	[-157.09869945041316, -1]
6	[-121.8618904727616, -2]
6	[-106.4757920578897, -3]
7	[-163.65753258696196, 0]
7	[-157.09869945041316, -1]
7	[-118.76053803232327, -2]
7	[-106.4757920578897, -3]
8	[-163.65753258696196, 0]
8	[-127.63532172245621, -1]
8	[-97.49565696455252, -2]
9	[-163.65753258696196, 0]
9	[-127.63532172245621, -1]
9	[-97.49565696455252, -2]
10	[-163.65753258696196, 0]
10	[-127.63532172245621, -1]
10	[-97.49565696455252, -2]
11	[-163.65753258696196, 0]
11	[-127.37684255372604, -1]
11	[-97.49565696455252, -2]
11	[-96.88750970719548, -3]
12	[-163.65753258696196, 0]
12	[-112.20690521196379, -1]
12	[-97.49565696455252, -2]
12	[-96.88750970719548, -3]
13	[-163.65753258696196, 0]
13	[-112.20690521196379, -1]
13	[-97.49565696455252, -2]
13	[-96.88750970719548, -3]
14	[-163.65753258696196, 0]
14	[-112.20690521196379, -1]
14	[-97.49565696455252, -2]
14	[-96.88750970719548, -3]
15	[-163.65753258696196, 0]
15	[-105.66454999221037, -1]
15	[-97.49565696455252, -2]
15	[-96.88750970719548, -3]
16	[-146.81141920016105, 0]
16	[-104.55068006752813, -1]
16	[-97.49565696455252, -2]
16	[-96.88750970719548, -3]
17	[-146.62032078306558, 0]
17	[-104.25821433283602, -1]
17	[-97.49565696455252, -2]
17	[-96.88750970719548, -3]
18	[-146.62032078306558, 0]
18	[-104.25821433283602, -1]
18	[-97.49565696455252, -2]
18	[-96.88750970719548, -3]
19	[-146.62032078306558, 0]
19	[-104.25821433283602, -1]
19	[-97.49565696455252, -2]
19	[-91.58272449073401, -3]
20	[-146.6115557397151, 0]
20	[-104.25821433283602, -1]
20	[-97.49565696455252, -2]
20	[-91.58272449073401, -3]
21	[-144.73504805744346, 0]
21	[-104.25821433283602, -1]
21	[-97.49565696455252, -2]
21	[-91.58272449073401, -3]
22	[-144.73504805744346, 0]
22	[-104.25821433283602, -1]
22	[-96.71971046072338, -2]
22	[-91.58272449073401, -3]
23	[-144.73504805744346, 0]
23	[-102.07674279354531, -1]
23	[-96.03977744014276, -2]
23	[-91.58272449073401, -3]
24	[-142.97494400822654, 0]
24	[-100.08694960326049, -1]
24	[-96.03977744014276, -2]
24	[-91.58272449073401, -3]
25	[-142.97494400822654, 0]
25	[-87.34193559023569, -1]
26	[-130.68188975051117, 0]
26	[-87.34193559023569, -1]
27	[-130.68188975051117, 0]
27	[-87.24652813510454, -1]
28	[-130.68188975051117, 0]
28	[-86.44403524745135, -1]
29	[-130.68188975051117, 0]
29	[-86.33746371223585, -1]
30	[-130.68188975051117, 0]
30	[-86.33746371223585, -1]
31	[-129.80130473037448, 0]
31	[-86.33746371223585, -1]
32	[-121.07319879385985, 0]
32	[-84.97274214285164, -1]
33	[-121.07319879385985, 0]
33	[-82.96918906783048, -1]
34	[-121.07319879385985, 0]
34	[-82.96918906783048, -1]
35	[-121.07319879385985, 0]
35	[-82.96918906783048, -1]
36	[-107.10969322433088, 0]
36	[-82.96918906783048, -1]
37	[-107.10969322433088, 0]
37	[-79.63610499940737, -1]
38	[-107.10969322433088, 0]
38	[-79.63610499940737, -1]
39	[-107.10969322433088, 0]
39	[-79.63610499940737, -1]
40	[-107.10969322433088, 0]
40	[-79.63610499940737, -1]
41	[-107.10969322433088, 0]
41	[-79.63610499940737, -1]
41	[-79.63610499940737, -1]
42	[-107.10969322433088, 0]
42	[-79.63610499940737, -1]
42	[-79.63610499940737, -1]
43	[-107.10969322433088, 0]
43	[-79.10163696461609, -1]
44	[-107.10969322433088, 0]
44	[-79.10163696461609, -1]
45	[-107.10969322433088, 0]
45	[-79.10163696461609, -1]
46	[-107.10969322433088, 0]
46	[-79.10163696461609, -1]
47	[-107.10969322433088, 0]
47	[-78.78649779508983, -1]
48	[-107.10969322433088, 0]
48	[-78.78649779508983, -1]
48	[-78.78649779508983, -1]
49	[-107.10969322433088, 0]
49	[-75.55257216541912, -1]
50	[-107.10969322433088, 0]
50	[-75.28728930610045, -1]
51	[-107.10969322433088, 0]
51	[-75.28728930610045, -1]
52	[-107.10969322433088, 0]
52	[-75.28728930610045, -1]
53	[-107.10969322433088, 0]
53	[-75.28728930610045, -1]
54	[-107.0852900643049, 0]
54	[-75.18545607398782, -1]
55	[-107.0852900643049, 0]
55	[-75.18545607398782, -1]
56	[-107.0852900643049, 0]
56	[-74.48637309433607, -1]
57	[-107.0852900643049, 0]
57	[-74.2771263887356, -1]
58	[-105.63479200882126, 0]
58	[-74.2771263887356, -1]
59	[-105.63479200882126, 0]
59	[-74.25441190224242, -1]
60	[-105.09516072739154, 0]
60	[-74.25441190224242, -1]
61	[-105.09516072739154, 0]
61	[-74.25441190224242, -1]
62	[-105.09516072739154, 0]
62	[-74.02753686108399, -1]
63	[-105.09516072739154, 0]
63	[-73.8127663493461, -1]
64	[-105.09516072739154, 0]
64	[-64.53551945419252, -1]
65	[-105.09516072739154, 0]
65	[-64.53551945419252, -1]
66	[-105.09516072739154, 0]
66	[-64.53551945419252, -1]
66	[-64.53551945419252, -1]
67	[-103.58059150277353, 0]
67	[-64.53551945419252, -1]
67	[-64.53551945419252, -1]
68	[-100.52847134731468, 0]
68	[-64.53551945419252, -1]
68	[-64.53551945419252, -1]
69	[-100.52847134731468, 0]
69	[-64.53551945419252, -1]
69	[-64.53551945419252, -1]
70	[-100.52847134731468, 0]
70	[-64.53551945419252, -1]
70	[-64.53551945419252, -1]
71	[-100.52847134731468, 0]
71	[-64.53551945419252, -1]
71	[-64.53551945419252, -1]
72	[-100.52847134731468, 0]
72	[-64.53551945419252, -1]
72	[-64.53551945419252, -1]
73	[-100.52847134731468, 0]
73	[-64.53551945419252, -1]
73	[-64.53551945419252, -1]
74	[-100.52847134731468, 0]
74	[-64.53551945419252, -1]
74	[-64.53551945419252, -1]
75	[-100.52847134731468, 0]
75	[-64.53551945419252, -1]
75	[-64.53551945419252, -1]
75	[-64.53551945419252, -1]
76	[-100.52847134731468, 0]
76	[-64.53551945419252, -1]
76	[-64.53551945419252, -1]
76	[-64.53551945419252, -1]
