Generation:
1198

Phenotype:
1
V1 = gm([5.6e1, +9.9e0, 2.0e0]);
V2 = +4.9e0;
V2 = V2 + gm([6.6e0, -0.0e0, 1.2e0]);
V3 = +7.3e0 + +V1;
V3 = V3 + gm([2.4e1, -7.3e0, 1.0e0], [8.2e1, +1.9e0, 1.8e0]);

Pre-processed Program
:F = gm([1.000000], [9.9], [2]);C = 4.9;C = C + gm([1.000000], [0], [1.2]);T = 7.3;T = T + F;T = T + gm([0.226415, 0.773585], [-7.3, 1.9], [1, 1.8]);Genotype:
[139, 126, 68, 492, 277, 120, 36, 325, 376, 261, 476, 18, 19, 119, 466, 104, 62, 150, 126, 260, 226, 424, 245, 62, 338, 444, 489, 370, 132, 18, 82, 267, 156, 446, 236, 490, 173, 60, 160, 64, 248, 431, 102, 12, 470, 315, 96, 128, 41, 223, 170, 47, 183, 72, 284, 204, 94, 20, 436, 14, 448, 281, 306, 372, 394, 83, 302, 229, 17, 463, 116, 471, 41, 360, 186, 384, 409, 348, 272, 17, 179, 298, 51, 329, 422, 385, 381, 258, 214, 169, 50, 301, 386, 209, 252, 445, 50, 475, 295, 294, 389, 273, 33, 168, 29, 495, 395, 419, 460, 452, 113, 419, 374, 436]
Tree:
None
Fitness on 5000 data:
-6.063054385269983

Fitness:
-6.063054385269983