Generation:
798

Phenotype:
1
V1 = gm([5.8e1, +9.8e0, 2.0e0]);
V2 = +4.9e0;
V2 = V2 + gm([0.1e0, +0.0e1, 1.2e0]);
V3 = +7.3e0 + +V1;
V3 = V3 + gm([2.4e1, -7.3e0, 1.1e0], [8.1e1, +1.9e0, 1.7e0]);

Pre-processed Program
:F = gm([1.000000], [9.8], [2]);C = 4.9;C = C + gm([1.000000], [0], [1.2]);T = 7.3;T = T + F;T = T + gm([0.228571, 0.771429], [-7.3, 1.9], [1.1, 1.7]);Genotype:
[139, 126, 113, 492, 277, 120, 36, 425, 238, 123, 476, 266, 19, 488, 122, 239, 62, 150, 126, 260, 226, 382, 245, 141, 338, 444, 489, 370, 132, 183, 422, 267, 500, 441, 196, 490, 216, 140, 160, 465, 248, 431, 102, 246, 412, 315, 96, 128, 41, 19, 170, 47, 183, 72, 484, 82, 94, 20, 436, 14, 448, 281, 293, 372, 394, 83, 141, 229, 17, 463, 26, 471, 41, 141, 186, 384, 175, 348, 481, 17, 179, 298, 51, 329, 422, 397, 1, 187, 196, 169, 50, 301, 386, 209, 252, 445, 50, 475, 295, 294, 389, 273, 33, 168, 29, 495, 395, 419, 460, 452, 113, 419, 374, 436]
Tree:
None
Fitness on 5000 data:
-6.06687299757947

Fitness:
-6.06687299757947