Generation:
300

Phenotype:
4
V1 = uniform([+9.99e-1, 6.75e+0], 2);
V2 = +V1;
V2 = V2 + gm([8.16e+0, +9.99e-0, 6.20e-0]);
V3 = +V1;
V3 = V3 + gm([7.52e-3, +0.67e+0, 4.51e-0], [1.28e-1, +8.58e+0, 2.47e+2], [9.52e+3, +5.03e-0, 2.52e+0]);

Pre-processed Program
:C = uniform([0.999000, 7.749000], 2);T = C;T = T + gm([1.000000], [9.99], [6.2]);F = C;F = F + gm([0.000001, 0.000013, 0.999986], [0.67, 8.58, 5.03], [4.51, 247, 2.52]);Genotype:
[464, 219, 253, 439, 283, 2, 402, 159, 229, 429, 37, 281, 491, 206, 397, 125, 300, 212, 490, 244, 320, 260, 380, 239, 236, 446, 244, 428, 18, 261, 66, 220, 468, 255, 360, 199, 159, 429, 485, 168, 3, 126, 32, 20, 49, 268, 376, 258, 152, 336, 468, 302, 182, 39, 471, 360, 147, 295, 242, 7, 31, 415, 488, 300, 426, 317, 396, 24, 484, 224, 345, 471, 45, 116, 427, 61, 481, 402, 198, 469, 453, 209, 84, 128, 155, 98, 276, 460, 311, 392, 494, 177, 302, 98, 328, 284, 329, 15, 162, 190, 251, 23, 128, 95, 80, 463, 117, 376, 38, 172, 205, 342, 376, 56, 218, 383, 182, 172, 326]
Tree:
None
Fitness on 5000 data:
-58.64147854657147

Fitness:
-58.64147854657147