Generation:
300

Phenotype:
4
V1 = gm([6, 4.8, 2.7]);
V2 = 16;
V2 = V2 + gm([17, 4, 9.3]);
V3 = 9.7;
V3 = V3 + gm([14, 0, 2]);

Pre-processed Program
:W = gm([1.000000], [4.8], [2.7]);T = 16;T = T;T = T + gm([1.000000], [4], [9.3]);F = 9.7;F = F;F = F + gm([1.000000], [0], [2]);Genotype:
[28, 267, 30, 486, 417, 254, 113, 122, 496, 57, 399, 310, 106, 145, 104, 195, 112, 278, 358, 431, 384, 322, 32, 341, 226, 157, 482, 72, 476, 190, 463, 305, 366, 479, 472, 114, 80, 305, 353, 417, 78, 492, 455, 210, 498, 434, 216, 371, 404, 51, 202, 2, 109, 354, 207, 388, 157, 182, 316, 101, 146, 468, 493, 366, 438, 135, 247, 316, 78, 401, 297, 182, 72, 199, 31, 36, 133, 38, 382, 252, 106, 232, 442, 157, 20, 137, 172, 431, 2, 424, 352, 347, 314, 253, 401, 201, 417, 446, 464, 220, 216, 386, 187, 477, 311, 368, 248, 389, 99, 379, 221]
Tree:
None
Fitness on 5000 data:
-63.22010201549686

Fitness:
[-63.154614363909744, 0]