Generation:
300

Phenotype:
4
V1 = gm([21, 4.7, 3]);
V2 = V1;
V2 = V2 + gm([33.5, 14.5, 8.1]);
V3 = 9.9;
V3 = V3 + gm([37, 0, 2]);

Pre-processed Program
:W = gm([1.000000], [4.7], [3]);T = W;T = T;T = T + gm([1.000000], [14.5], [8.1]);F = 9.9;F = F;F = F + gm([1.000000], [0], [2]);Genotype:
[345, 267, 214, 274, 161, 282, 152, 26, 296, 225, 31, 310, 141, 258, 3, 168, 112, 432, 152, 267, 262, 259, 248, 159, 68, 131, 186, 103, 285, 218, 265, 455, 161, 153, 34, 130, 420, 135, 265, 417, 296, 136, 423, 18, 389, 434, 270, 241, 34, 51, 384, 155, 109, 354, 207, 388, 157, 182, 316, 101, 146, 468, 493, 366, 438, 135, 247, 316, 78, 401, 297, 182, 72, 199, 31, 36, 133, 38, 382, 252, 106, 232, 442, 157, 20, 137, 172, 431, 2, 424, 352, 347, 314, 253, 401, 201, 417, 446, 464, 220, 216, 386, 187, 477, 311, 368, 248, 389, 99, 379, 221]
Tree:
None
Fitness on 5000 data:
-62.48751758472782

Fitness:
[-62.37942204622136, -1]