Generation:
500

Phenotype:
4
V1 = gm([7.20e-3, -7.39e-2, 1.21e+0], [2.74e+3, +9.48e-0, 2.15e-0], [8.27e-1, +5.44e-1, 2.99e-1]);
V2 = +5.58e-1;
V2 = V2 + uniform([+3.05e-1, 2.45e+1], 2);
V3 = +V1;
V3 = V3 + gm([9.48e+3, +5.22e+2, 2.42e+2]);
V4 = -V3 + +V3;
V4 = V4 + gm([8.68e+3, +5.07e+0, 1.62e-0]);

Pre-processed Program
:F = gm([0.000003, 0.999696, 0.000302], [-0.0739, 9.48, 0.544], [1.21, 2.15, 0.299]);T = 0.558;T = T + uniform([0.305000, 24.805000], 2);E = F;E = E + gm([1.000000], [522], [242]);C = 0;C = C - E;C = C + E;C = C + gm([1.000000], [5.07], [1.62]);Genotype:
[172, 381, 357, 354, 468, 345, 168, 427, 72, 140, 61, 439, 148, 101, 357, 313, 59, 177, 122, 301, 251, 132, 1, 2, 436, 185, 74, 362, 317, 74, 40, 371, 357, 158, 89, 384, 218, 285, 340, 200, 132, 471, 45, 227, 176, 74, 241, 18, 62, 287, 53, 209, 151, 406, 365, 454, 224, 135, 249, 364, 342, 89, 69, 251, 33, 168, 60, 92, 91, 134, 454, 185, 325, 428, 219, 409, 385, 437, 113, 386, 263, 450, 95, 385, 109, 475, 272, 124, 65, 348, 425, 60, 440, 148, 52, 166, 92, 8, 414, 50, 264, 269, 264, 68, 28, 451, 103, 476, 45, 472, 392, 440, 218, 172, 462, 134, 82, 160, 218, 332, 19, 460, 22, 332, 57, 335, 264, 132, 470, 42, 155, 36, 421, 132, 320, 168, 426, 8, 172, 347, 377, 356, 85, 0, 387, 458, 36, 352, 61, 416, 132, 97]
Tree:
None
Fitness on 5000 data:
-119.11424763006227

Fitness:
-119.11424763006227