Generation:
1500

Phenotype:
3
V1 = uniform([+5.1e0, 1.0e1], 2);
V2 = -9.6e0;
V2 = V2 + gm([0.0e1, +2.0e1, 2.0e0], [0.0e1, +6.0e0, 4.6e1]);
V3 = +V1 * +V1;
V3 = V3 + gm([2.6e0, +0.1e0, 9.2e0]);

Pre-processed Program
:T = uniform([5.100000, 15.100000], 2);F = 0;F = F - 9.6;F = F + gm([1.000000, 1.000000], [20, 6], [2, 46]);TEMP0 = T * T;P = TEMP0;P = P + gm([1.000000], [0.1], [9.2]);Genotype:
[233, 188, 441, 233, 161, 127, 480, 215, 31, 274, 440, 121, 320, 21, 490, 490, 362, 487, 498, 355, 169, 86, 400, 368, 52, 117, 40, 390, 380, 255, 132, 252, 442, 210, 207, 368, 472, 430, 402, 200, 339, 320, 320, 427, 300, 438, 286, 190, 154, 219, 454, 66, 37, 368, 302, 117, 26, 454, 142, 396, 6, 164, 320, 74, 361, 94, 366, 142, 416, 496, 31, 274, 390, 121, 304, 21, 49, 182, 326, 487, 426, 282, 234, 82, 323, 125, 459, 158, 53, 185, 151, 392, 157, 328, 77, 477, 182, 193, 374, 39, 296, 91, 87, 231, 483, 278, 342, 101, 6, 28]
Tree:
None
Fitness on 5000 data:
-8.180770995374967

Fitness:
-8.180770995374967