Generation:
1500

Phenotype:
3
V1 = uniform([-1.0e0, 1.7e1], 2);
V2 = +6.3e0;
V2 = V2 + uniform([-0.3e0, 8.0e0], 2);
V3 = +V1 * +V1;
V3 = V3 + gm([4.5e0, +8.1e0, 8.7e0], [2.0e1, -0.5e0, 8.9e0]);

Pre-processed Program
:T = uniform([-1.000000, 16.000000], 2);F = 6.3;F = F + uniform([-0.300000, 7.700000], 2);TEMP0 = T * T;P = TEMP0;P = P + gm([0.183673, 0.816327], [8.1, -0.5], [8.7, 8.9]);Genotype:
[125, 122, 330, 81, 487, 94, 303, 391, 50, 384, 49, 81, 197, 277, 206, 2, 124, 305, 429, 480, 166, 313, 170, 465, 275, 103, 193, 360, 493, 390, 310, 378, 80, 364, 294, 8, 13, 412, 388, 380, 72, 278, 290, 154, 84, 64, 475, 447, 234, 235, 222, 38, 242, 98, 491, 496, 286, 138, 217, 356, 128, 71, 122, 300, 19, 390, 385, 340, 155, 454, 203, 148, 9, 452, 116, 57, 319, 471, 132, 84, 450, 109, 64, 72, 474, 191, 399, 303, 416, 361, 303, 74, 132, 324, 192, 187, 443, 242, 308, 134]
Tree:
None
Fitness on 5000 data:
-70.31654355216554

Fitness:
-70.31654355216554