Generation:
798

Phenotype:
3
V1 = uniform([-3.0e0, 2.0e1], 2);
V2 = +6.2e0;
V2 = V2 + uniform([-0.2e0, 8.0e0], 2);
V3 = +V1 * +V1;
V3 = V3 + gm([6.0e0, +6.9e0, 9.8e0], [9.8e1, -0.1e0, 9.0e0]);

Pre-processed Program
:T = uniform([-3.000000, 17.000000], 2);F = 6.2;F = F + uniform([-0.200000, 7.800000], 2);TEMP0 = T * T;P = TEMP0;P = P + gm([0.057692, 0.942308], [6.9, -0.1], [9.8, 9]);Genotype:
[242, 44, 442, 139, 357, 476, 91, 183, 150, 24, 304, 322, 380, 309, 18, 166, 296, 477, 282, 102, 166, 492, 170, 33, 191, 39, 179, 110, 202, 264, 340, 378, 60, 388, 151, 158, 415, 14, 324, 102, 270, 214, 168, 346, 84, 185, 135, 445, 296, 360, 60, 221, 368, 196, 359, 496, 121, 209, 168, 176, 428, 455, 469, 318, 175, 413, 225, 340, 421, 214, 106, 29, 390, 74, 116, 57, 319, 471, 132, 84, 450, 109, 64, 72, 474, 191, 399, 303, 416, 361, 303, 74, 132, 324, 192, 187, 443, 242, 308, 134]
Tree:
None
Fitness on 5000 data:
-71.3618341686557

Fitness:
-71.3618341686557