Generation:
1198

Phenotype:
4
V1 = gm([6.2e0, +1.5e0, 1.4e0], [6.9e1, +9.9e0, 3.0e0]);
V2 = +V1 * +V1;
V2 = V2 + gm([4.3e1, -3.1e0, 8.8e0], [1.3e0, +2.2e1, 2.2e1], [4.9e1, +5.1e0, 9.1e0]);
V3 = +0.0e0 * +8.3e1;
V3 = V3 + gm([6.2e0, +1.5e0, 1.4e0], [6.9e1, +9.9e0, 3.0e0]);

Pre-processed Program
:T = gm([0.082447, 0.917553], [1.5, 9.9], [1.4, 3]);TEMP0 = T * T;P = TEMP0;P = P + gm([0.460879, 0.013934, 0.525188], [-3.1, 22, 5.1], [8.8, 22, 9.1]);F = 0;F = F + gm([0.082447, 0.917553], [1.5, 9.9], [1.4, 3]);Genotype:
[128, 183, 461, 288, 66, 23, 379, 116, 232, 412, 338, 364, 191, 345, 312, 251, 161, 194, 436, 276, 67, 126, 209, 185, 49, 466, 459, 89, 60, 94, 443, 410, 222, 462, 154, 1, 58, 212, 72, 207, 474, 442, 31, 418, 128, 31, 412, 244, 23, 391, 240, 295, 173, 221, 328, 291, 198, 448, 70, 249, 178, 151, 473, 340, 495, 390, 132, 372, 455, 482, 442, 412, 17, 370, 47, 394, 409, 433, 153, 254, 195, 491, 8, 298, 379, 91, 426, 35, 270, 331, 82, 55, 218, 32, 30, 280, 186, 307, 365, 112]
Tree:
None
Fitness on 5000 data:
-70.83038799276116

Fitness:
-70.83038799276116