Generation:
1500

Phenotype:
4
V1 = gm([6.0e0, +1.5e0, 1.4e0], [6.9e1, +9.9e0, 3.0e0]);
V2 = +V1 * +V1;
V2 = V2 + gm([4.2e1, -3.1e0, 8.8e0], [1.3e0, +2.2e1, 2.1e1], [4.8e1, +5.1e0, 9.1e0]);
V3 = +0.0e1 * +8.3e1;
V3 = V3 + gm([6.0e0, +1.5e0, 1.4e0], [6.9e1, +9.9e0, 3.0e0]);

Pre-processed Program
:T = gm([0.080000, 0.920000], [1.5, 9.9], [1.4, 3]);TEMP0 = T * T;P = TEMP0;P = P + gm([0.460022, 0.014239, 0.525739], [-3.1, 22, 5.1], [8.8, 21, 9.1]);F = 0;F = F + gm([0.080000, 0.920000], [1.5, 9.9], [1.4, 3]);Genotype:
[128, 183, 47, 288, 371, 23, 379, 116, 90, 412, 19, 500, 191, 345, 312, 473, 161, 224, 448, 234, 175, 126, 209, 185, 491, 466, 459, 89, 60, 122, 443, 410, 106, 462, 28, 1, 58, 168, 72, 207, 324, 390, 31, 98, 128, 133, 412, 244, 442, 49, 398, 295, 173, 221, 286, 133, 198, 448, 70, 391, 178, 151, 473, 340, 495, 390, 132, 372, 455, 285, 442, 51, 17, 370, 47, 394, 188, 239, 153, 254, 195, 491, 8, 298, 379, 91, 426, 408, 270, 331, 82, 55, 218, 404, 30, 280, 289, 307, 365, 112]
Tree:
None
Fitness on 5000 data:
-70.82891215359425

Fitness:
-70.82891215359425