Generation:
398

Phenotype:
4
V1 = gm([6.2e0, +1.7e0, 1.5e0], [6.6e1, +9.9e0, 3.0e0]);
V2 = +V1 * +V1;
V2 = V2 + gm([4.0e1, -4.1e0, 8.4e0], [1.1e0, +2.0e1, 1.6e1], [4.4e1, +6.4e0, 9.3e0]);
V3 = +0.0e1 * -3.3e0;
V3 = V3 + gm([6.2e0, +1.7e0, 1.5e0], [6.6e1, +9.9e0, 3.0e0]);

Pre-processed Program
:T = gm([0.085873, 0.914127], [1.7, 9.9], [1.5, 3]);TEMP0 = T * T;P = TEMP0;P = P + gm([0.470035, 0.012926, 0.517039], [-4.1, 20, 6.4], [8.4, 16, 9.3]);F = 0;F = F + gm([0.085873, 0.914127], [1.7, 9.9], [1.5, 3]);Genotype:
[333, 183, 250, 320, 459, 173, 362, 116, 232, 496, 15, 408, 191, 157, 250, 77, 161, 275, 164, 36, 29, 126, 396, 377, 448, 384, 459, 89, 60, 269, 373, 410, 182, 297, 398, 23, 230, 60, 498, 332, 52, 442, 126, 18, 294, 271, 275, 244, 160, 391, 5, 295, 414, 71, 108, 49, 198, 314, 94, 365, 355, 261, 31, 340, 361, 390, 482, 370, 375, 383, 281, 256, 17, 4, 446, 394, 74, 83, 398, 164, 336, 404, 138, 71, 379, 143, 426, 497, 30, 141, 362, 63, 192, 10, 160, 280, 49, 161, 127, 35]
Tree:
None
Fitness on 5000 data:
-70.8454272118453

Fitness:
-70.8454272118453