0	[-11000000.0, -1]
0	[-310.4389050056339, -2]
1	[-285.8363367716036, 0]
2	[-285.81077658544785, 0]
2	[-231.8887667493941, -3]
3	[-285.81077658544785, 0]
3	[-231.8887667493941, -3]
4	[-285.81077658544785, 0]
4	[-283.4970393796119, -1]
4	[-262.0117607257183, -2]
4	[-231.8887667493941, -3]
4	[-231.71192310690702, -5]
5	[-285.81077658544785, 0]
5	[-231.42073352278402, -1]
5	[-225.57533133056384, -3]
6	[-285.81077658544785, 0]
6	[-231.42073352278402, -1]
6	[-225.57533133056384, -3]
6	[-225.57533133056384, -3]
7	[-283.78826491091775, 0]
7	[-231.42073352278402, -1]
7	[-223.06511683117702, -3]
8	[-281.9048225706701, 0]
8	[-231.42073352278402, -1]
8	[-206.7687589201921, -3]
9	[-281.9048225706701, 0]
9	[-231.42073352278402, -1]
9	[-206.7687589201921, -3]
10	[-279.1485874369414, 0]
10	[-222.72750523077468, -1]
10	[-205.8297504562378, -3]
11	[-274.6574350914717, 0]
11	[-222.72750523077468, -1]
11	[-195.8005975361193, -3]
12	[-273.8935254003895, 0]
12	[-222.72750523077468, -1]
12	[-195.8005975361193, -3]
13	[-273.8935254003895, 0]
13	[-222.72750523077468, -1]
13	[-195.8005975361193, -3]
14	[-269.6702189105293, 0]
14	[-222.7165433330871, -1]
14	[-195.8005975361193, -3]
15	[-269.6702189105293, 0]
15	[-213.66821023112158, -1]
15	[-195.8005975361193, -3]
16	[-261.1172760401917, 0]
16	[-208.38580474994225, -1]
16	[-190.24927077809215, -3]
17	[-257.178568847661, 0]
17	[-207.26220861713313, -1]
17	[-190.24927077809215, -3]
18	[-255.65621020152517, 0]
18	[-204.87132108195377, -1]
18	[-190.24927077809215, -3]
19	[-242.71330422936572, 0]
19	[-202.05178396785524, -1]
19	[-190.24927077809215, -3]
20	[-242.71330422936572, 0]
20	[-202.05178396785524, -1]
20	[-190.24927077809215, -3]
21	[-242.71330422936572, 0]
21	[-200.17708832189481, -1]
21	[-190.24927077809215, -3]
22	[-242.71330422936572, 0]
22	[-198.28492279757538, -1]
22	[-190.24927077809215, -3]
23	[-234.58557086977595, 0]
23	[-198.28492279757538, -1]
23	[-187.54847794619832, -3]
24	[-234.58557086977595, 0]
24	[-234.58557086977595, 0]
24	[-198.28492279757538, -1]
24	[-187.54847794619832, -3]
25	[-221.5286076450554, 0]
25	[-196.83629695244682, -1]
25	[-187.54847794619832, -3]
26	[-202.489224664029, 0]
26	[-196.83629695244682, -1]
26	[-187.54847794619832, -3]
27	[-202.489224664029, 0]
27	[-193.83201803297058, -1]
27	[-187.54847794619832, -3]
28	[-202.489224664029, 0]
28	[-202.489224664029, 0]
28	[-193.83201803297058, -1]
28	[-186.83771856515358, -3]
29	[-202.489224664029, 0]
29	[-202.489224664029, 0]
29	[-202.489224664029, 0]
29	[-202.489224664029, 0]
29	[-193.83201803297058, -1]
29	[-186.83771856515358, -3]
30	[-202.489224664029, 0]
30	[-202.489224664029, 0]
30	[-202.489224664029, 0]
30	[-202.489224664029, 0]
30	[-202.489224664029, 0]
30	[-193.83201803297058, -1]
30	[-186.83771856515358, -3]
31	[-202.489224664029, 0]
31	[-202.489224664029, 0]
31	[-202.489224664029, 0]
31	[-202.489224664029, 0]
31	[-202.489224664029, 0]
31	[-202.489224664029, 0]
31	[-193.83201803297058, -1]
31	[-186.83771856515358, -3]
32	[-202.489224664029, 0]
32	[-202.489224664029, 0]
32	[-202.489224664029, 0]
32	[-202.489224664029, 0]
32	[-202.489224664029, 0]
32	[-202.489224664029, 0]
32	[-202.489224664029, 0]
32	[-193.83201803297058, -1]
32	[-185.46316366805917, -3]
33	[-202.489224664029, 0]
33	[-202.489224664029, 0]
33	[-202.489224664029, 0]
33	[-202.489224664029, 0]
33	[-202.489224664029, 0]
33	[-202.489224664029, 0]
33	[-202.489224664029, 0]
33	[-202.489224664029, 0]
33	[-202.489224664029, 0]
33	[-202.489224664029, 0]
33	[-193.83201803297058, -1]
33	[-185.46316366805917, -3]
34	[-199.282337658731, 0]
34	[-193.83201803297058, -1]
34	[-185.46316366805917, -3]
35	[-199.282337658731, 0]
35	[-199.282337658731, 0]
35	[-193.83201803297058, -1]
35	[-193.83201803297058, -1]
35	[-185.46316366805917, -3]
36	[-199.282337658731, 0]
36	[-199.282337658731, 0]
36	[-193.75790994413666, -1]
36	[-185.46316366805917, -3]
37	[-199.12242812675504, 0]
37	[-193.75790994413666, -1]
37	[-185.46316366805917, -3]
38	[-199.12242812675504, 0]
38	[-199.12242812675504, 0]
38	[-193.75790994413666, -1]
38	[-185.46316366805917, -3]
39	[-197.20886188698844, 0]
39	[-193.75790994413666, -1]
39	[-185.46316366805917, -3]
40	[-197.20886188698844, 0]
40	[-197.20886188698844, 0]
40	[-191.17385347537092, -1]
40	[-185.46316366805917, -3]
41	[-197.20886188698844, 0]
41	[-197.20886188698844, 0]
41	[-197.20886188698844, 0]
41	[-197.20886188698844, 0]
41	[-191.17385347537092, -1]
41	[-183.84774904102503, -3]
42	[-195.80553228160602, 0]
42	[-190.88227489496296, -1]
42	[-183.84774904102503, -3]
42	[-180.774283649825, -4]
43	[-195.80553228160602, 0]
43	[-189.5392008839246, -1]
43	[-183.84774904102503, -3]
43	[-180.774283649825, -4]
44	[-195.80553228160602, 0]
44	[-195.80553228160602, 0]
44	[-189.5392008839246, -1]
44	[-189.5392008839246, -1]
44	[-181.52085543284988, -3]
44	[-180.774283649825, -4]
45	[-195.80553228160602, 0]
45	[-195.80553228160602, 0]
45	[-187.31155876207816, -1]
45	[-181.52085543284988, -3]
45	[-180.774283649825, -4]
46	[-195.80553228160602, 0]
46	[-195.80553228160602, 0]
46	[-187.31155876207816, -1]
46	[-181.52085543284988, -3]
46	[-180.774283649825, -4]
47	[-195.79921373532127, 0]
47	[-186.26381812587164, -1]
47	[-181.52085543284988, -3]
47	[-180.774283649825, -4]
48	[-195.67052158985064, 0]
48	[-186.26381812587164, -1]
48	[-181.52085543284988, -3]
48	[-181.52085543284988, -3]
48	[-180.774283649825, -4]
49	[-195.67052158985064, 0]
49	[-186.26381812587164, -1]
49	[-181.52085543284988, -3]
49	[-181.52085543284988, -3]
49	[-180.72780675471608, -4]
50	[-195.67052158985064, 0]
50	[-186.26381812587164, -1]
50	[-181.52085543284988, -3]
50	[-181.52085543284988, -3]
50	[-180.72780675471608, -4]
51	[-195.3125334910032, 0]
51	[-186.26381812587164, -1]
51	[-181.52085543284988, -3]
51	[-181.52085543284988, -3]
51	[-180.72780675471608, -4]
52	[-195.3125334910032, 0]
52	[-186.26381812587164, -1]
52	[-181.52085543284988, -3]
52	[-181.52085543284988, -3]
52	[-180.72780675471608, -4]
53	[-195.3125334910032, 0]
53	[-186.26381812587164, -1]
53	[-181.52085543284988, -3]
53	[-181.52085543284988, -3]
53	[-180.72780675471608, -4]
54	[-195.02345484808845, 0]
54	[-186.26381812587164, -1]
54	[-181.52085543284988, -3]
54	[-181.52085543284988, -3]
54	[-180.72780675471608, -4]
55	[-195.02345484808845, 0]
55	[-182.49688682047807, -1]
55	[-181.52085543284988, -3]
55	[-181.52085543284988, -3]
55	[-180.72780675471608, -4]
56	[-194.9814274000112, 0]
56	[-182.4786416176083, -1]
56	[-181.52085543284988, -3]
56	[-181.52085543284988, -3]
56	[-180.72780675471608, -4]
57	[-194.9814274000112, 0]
57	[-182.4786416176083, -1]
57	[-181.11541428119898, -3]
57	[-180.72780675471608, -4]
58	[-194.9814274000112, 0]
58	[-182.4786416176083, -1]
58	[-181.11541428119898, -3]
58	[-180.72780675471608, -4]
59	[-194.9814274000112, 0]
59	[-182.4786416176083, -1]
59	[-181.11541428119898, -3]
59	[-180.72780675471608, -4]
60	[-194.9814274000112, 0]
60	[-182.4786416176083, -1]
60	[-180.89169977709864, -3]
60	[-178.62662811191836, -4]
61	[-194.7912483317477, 0]
61	[-182.4786416176083, -1]
61	[-180.89169977709864, -3]
61	[-178.62662811191836, -4]
62	[-194.7912483317477, 0]
62	[-194.7912483317477, 0]
62	[-182.4786416176083, -1]
62	[-180.6146677927495, -3]
62	[-178.62662811191836, -4]
63	[-194.7912483317477, 0]
63	[-194.7912483317477, 0]
63	[-194.7912483317477, 0]
63	[-182.4786416176083, -1]
63	[-180.6146677927495, -3]
63	[-178.62662811191836, -4]
64	[-194.7912483317477, 0]
64	[-194.7912483317477, 0]
64	[-194.7912483317477, 0]
64	[-194.7912483317477, 0]
64	[-194.7912483317477, 0]
64	[-182.4786416176083, -1]
64	[-180.6146677927495, -3]
64	[-177.74350895058407, -4]
65	[-194.73302264720763, 0]
65	[-179.87093883865742, -1]
65	[-177.6098388958309, -4]
66	[-194.73302264720763, 0]
66	[-194.73302264720763, 0]
66	[-179.87093883865742, -1]
66	[-177.6098388958309, -4]
67	[-194.73302264720763, 0]
67	[-194.73302264720763, 0]
67	[-194.73302264720763, 0]
67	[-194.73302264720763, 0]
67	[-179.87093883865742, -1]
67	[-177.6098388958309, -4]
68	[-194.62332222080062, 0]
68	[-179.87093883865742, -1]
68	[-177.6098388958309, -4]
69	[-194.62332222080062, 0]
69	[-179.87093883865742, -1]
69	[-177.56596726764099, -4]
70	[-194.62332222080062, 0]
70	[-194.62332222080062, 0]
70	[-179.87093883865742, -1]
70	[-177.56596726764099, -4]
71	[-194.60034983335464, 0]
71	[-179.87093883865742, -1]
71	[-177.56596726764099, -4]
72	[-194.60034983335464, 0]
72	[-179.87093883865742, -1]
72	[-177.56596726764099, -4]
73	[-194.60034983335464, 0]
73	[-194.60034983335464, 0]
73	[-179.87093883865742, -1]
73	[-177.56596726764099, -4]
74	[-194.58202231862887, 0]
74	[-179.87093883865742, -1]
74	[-177.56596726764099, -4]
75	[-194.58202231862887, 0]
75	[-179.87093883865742, -1]
75	[-177.56596726764099, -4]
76	[-194.57021988119263, 0]
76	[-178.90674112194586, -1]
76	[-176.42003246488795, -4]
77	[-194.57021988119263, 0]
77	[-178.90674112194586, -1]
77	[-176.42003246488795, -4]
78	[-194.57021988119263, 0]
78	[-194.57021988119263, 0]
78	[-178.90674112194586, -1]
78	[-176.42003246488795, -4]
79	[-194.32322524330945, 0]
79	[-178.8506374270438, -1]
79	[-176.42003246488795, -4]
80	[-194.32322524330945, 0]
80	[-178.8506374270438, -1]
80	[-176.42003246488795, -4]
81	[-194.32322524330945, 0]
81	[-178.8506374270438, -1]
81	[-176.42003246488795, -4]
82	[-194.32322524330945, 0]
82	[-178.8506374270438, -1]
82	[-176.42003246488795, -4]
83	[-194.32322524330945, 0]
83	[-178.8506374270438, -1]
83	[-176.13032985134166, -4]
84	[-194.32322524330945, 0]
84	[-178.8506374270438, -1]
84	[-176.13032985134166, -4]
85	[-194.32322524330945, 0]
85	[-178.8506374270438, -1]
85	[-176.13032985134166, -4]
86	[-194.32322524330945, 0]
86	[-194.32322524330945, 0]
86	[-178.8506374270438, -1]
86	[-176.13032985134166, -4]
87	[-194.32322524330945, 0]
87	[-194.32322524330945, 0]
87	[-178.8506374270438, -1]
87	[-174.75934901253984, -4]
88	[-194.32322524330945, 0]
88	[-194.32322524330945, 0]
88	[-194.32322524330945, 0]
88	[-194.32322524330945, 0]
88	[-178.8506374270438, -1]
88	[-174.70802016090266, -4]
89	[-194.2272309668211, 0]
89	[-178.8506374270438, -1]
89	[-174.70802016090266, -4]
90	[-194.2272309668211, 0]
90	[-178.8506374270438, -1]
90	[-174.70802016090266, -4]
91	[-194.2272309668211, 0]
91	[-178.8506374270438, -1]
91	[-174.70802016090266, -4]
92	[-194.2272309668211, 0]
92	[-178.8506374270438, -1]
92	[-174.70802016090266, -4]
93	[-194.2272309668211, 0]
93	[-178.8506374270438, -1]
93	[-174.70802016090266, -4]
94	[-194.2272309668211, 0]
94	[-178.8506374270438, -1]
94	[-174.70802016090266, -4]
95	[-194.20636130350061, 0]
95	[-178.8506374270438, -1]
95	[-174.70802016090266, -4]
96	[-194.20636130350061, 0]
96	[-178.8506374270438, -1]
96	[-174.70802016090266, -4]
96	[-174.70802016090266, -4]
97	[-194.20636130350061, 0]
97	[-178.8506374270438, -1]
97	[-174.70802016090266, -4]
97	[-174.70802016090266, -4]
98	[-194.16803415988878, 0]
98	[-178.8506374270438, -1]
98	[-174.70802016090266, -4]
98	[-174.70802016090266, -4]
98	[-174.70802016090266, -4]
99	[-194.16803415988878, 0]
99	[-178.8506374270438, -1]
99	[-174.70802016090266, -4]
99	[-174.70802016090266, -4]
99	[-174.70802016090266, -4]
100	[-194.16803415988878, 0]
100	[-178.8506374270438, -1]
100	[-174.6641886695787, -4]
101	[-194.15937484422554, 0]
101	[-178.77029922612485, -1]
101	[-174.6641886695787, -4]
102	[-194.15937484422554, 0]
102	[-178.77029922612485, -1]
102	[-172.83907002507377, -4]
103	[-194.15937484422554, 0]
103	[-178.77029922612485, -1]
103	[-172.83907002507377, -4]
104	[-194.15937484422554, 0]
104	[-194.15937484422554, 0]
104	[-178.77029922612485, -1]
104	[-172.83907002507377, -4]
105	[-194.15937484422554, 0]
105	[-194.15937484422554, 0]
105	[-178.77029922612485, -1]
105	[-172.01720335360383, -4]
106	[-194.15937484422554, 0]
106	[-194.15937484422554, 0]
106	[-194.15937484422554, 0]
106	[-178.77029922612485, -1]
106	[-167.56144984394973, -4]
107	[-194.15937484422554, 0]
107	[-194.15937484422554, 0]
107	[-194.15937484422554, 0]
107	[-178.64114193356787, -1]
107	[-173.26498084096423, -3]
107	[-167.56144984394973, -4]
108	[-194.15937484422554, 0]
108	[-194.15937484422554, 0]
108	[-194.15937484422554, 0]
108	[-194.15937484422554, 0]
108	[-178.3076616626634, -1]
108	[-173.26498084096423, -3]
108	[-167.56144984394973, -4]
109	[-194.15937484422554, 0]
109	[-194.15937484422554, 0]
109	[-194.15937484422554, 0]
109	[-194.15937484422554, 0]
109	[-178.3076616626634, -1]
109	[-173.26498084096423, -3]
109	[-173.26498084096423, -3]
109	[-167.56144984394973, -4]
110	[-193.95140030020355, 0]
110	[-178.3076616626634, -1]
110	[-173.25089388977656, -3]
110	[-167.56144984394973, -4]
111	[-193.95140030020355, 0]
111	[-178.3076616626634, -1]
111	[-173.25089388977656, -3]
111	[-167.56144984394973, -4]
112	[-193.95140030020355, 0]
112	[-193.95140030020355, 0]
112	[-193.95140030020355, 0]
112	[-193.95140030020355, 0]
112	[-193.95140030020355, 0]
112	[-178.3076616626634, -1]
112	[-173.25089388977656, -3]
112	[-173.25089388977656, -3]
112	[-167.56144984394973, -4]
113	[-193.95140030020355, 0]
113	[-193.95140030020355, 0]
113	[-193.95140030020355, 0]
113	[-193.95140030020355, 0]
113	[-193.95140030020355, 0]
113	[-193.95140030020355, 0]
113	[-193.95140030020355, 0]
113	[-178.3076616626634, -1]
113	[-173.22603778466515, -3]
113	[-167.55555611655518, -4]
114	[-193.95140030020355, 0]
114	[-193.95140030020355, 0]
114	[-193.95140030020355, 0]
114	[-193.95140030020355, 0]
114	[-193.95140030020355, 0]
114	[-193.95140030020355, 0]
114	[-193.95140030020355, 0]
114	[-193.95140030020355, 0]
114	[-193.95140030020355, 0]
114	[-193.95140030020355, 0]
114	[-178.3076616626634, -1]
114	[-173.22603778466515, -3]
114	[-167.55555611655518, -4]
115	[-193.95140030020355, 0]
115	[-193.95140030020355, 0]
115	[-193.95140030020355, 0]
115	[-193.95140030020355, 0]
115	[-193.95140030020355, 0]
115	[-193.95140030020355, 0]
115	[-193.95140030020355, 0]
115	[-193.95140030020355, 0]
115	[-193.95140030020355, 0]
115	[-193.95140030020355, 0]
115	[-193.95140030020355, 0]
115	[-193.95140030020355, 0]
115	[-193.95140030020355, 0]
115	[-193.95140030020355, 0]
115	[-178.3076616626634, -1]
115	[-173.22603778466515, -3]
115	[-167.55555611655518, -4]
115	[-167.55555611655518, -4]
116	[-193.95140030020355, 0]
116	[-193.95140030020355, 0]
116	[-193.95140030020355, 0]
116	[-193.95140030020355, 0]
116	[-193.95140030020355, 0]
116	[-193.95140030020355, 0]
116	[-193.95140030020355, 0]
116	[-193.95140030020355, 0]
116	[-193.95140030020355, 0]
116	[-193.95140030020355, 0]
116	[-193.95140030020355, 0]
116	[-193.95140030020355, 0]
116	[-193.95140030020355, 0]
116	[-193.95140030020355, 0]
116	[-193.95140030020355, 0]
116	[-193.95140030020355, 0]
116	[-193.95140030020355, 0]
116	[-193.95140030020355, 0]
116	[-193.95140030020355, 0]
116	[-178.3076616626634, -1]
116	[-171.52008955639403, -3]
116	[-167.55555611655518, -4]
116	[-167.55555611655518, -4]
117	[-193.95140030020355, 0]
117	[-193.95140030020355, 0]
117	[-193.95140030020355, 0]
117	[-193.95140030020355, 0]
117	[-193.95140030020355, 0]
117	[-193.95140030020355, 0]
117	[-193.95140030020355, 0]
117	[-193.95140030020355, 0]
117	[-193.95140030020355, 0]
117	[-193.95140030020355, 0]
117	[-193.95140030020355, 0]
117	[-193.95140030020355, 0]
117	[-193.95140030020355, 0]
117	[-193.95140030020355, 0]
117	[-193.95140030020355, 0]
117	[-193.95140030020355, 0]
117	[-193.95140030020355, 0]
117	[-193.95140030020355, 0]
117	[-193.95140030020355, 0]
117	[-193.95140030020355, 0]
117	[-193.95140030020355, 0]
117	[-193.95140030020355, 0]
117	[-193.95140030020355, 0]
117	[-193.95140030020355, 0]
117	[-178.3076616626634, -1]
117	[-171.52008955639403, -3]
117	[-167.55555611655518, -4]
117	[-167.55555611655518, -4]
117	[-167.55555611655518, -4]
118	[-193.95140030020355, 0]
118	[-193.95140030020355, 0]
118	[-193.95140030020355, 0]
118	[-193.95140030020355, 0]
118	[-193.95140030020355, 0]
118	[-193.95140030020355, 0]
118	[-193.95140030020355, 0]
118	[-193.95140030020355, 0]
118	[-193.95140030020355, 0]
118	[-193.95140030020355, 0]
118	[-193.95140030020355, 0]
118	[-193.95140030020355, 0]
118	[-193.95140030020355, 0]
118	[-193.95140030020355, 0]
118	[-193.95140030020355, 0]
118	[-193.95140030020355, 0]
118	[-193.95140030020355, 0]
118	[-193.95140030020355, 0]
118	[-193.95140030020355, 0]
118	[-193.95140030020355, 0]
118	[-193.95140030020355, 0]
118	[-193.95140030020355, 0]
118	[-193.95140030020355, 0]
118	[-193.95140030020355, 0]
118	[-193.95140030020355, 0]
118	[-193.95140030020355, 0]
118	[-193.95140030020355, 0]
118	[-193.95140030020355, 0]
118	[-178.3076616626634, -1]
118	[-171.52008955639403, -3]
118	[-167.55555611655518, -4]
118	[-167.55555611655518, -4]
118	[-167.55555611655518, -4]
118	[-167.55555611655518, -4]
119	[-193.95140030020355, 0]
119	[-193.95140030020355, 0]
119	[-193.95140030020355, 0]
119	[-193.95140030020355, 0]
119	[-193.95140030020355, 0]
119	[-193.95140030020355, 0]
119	[-193.95140030020355, 0]
119	[-193.95140030020355, 0]
119	[-193.95140030020355, 0]
119	[-193.95140030020355, 0]
119	[-193.95140030020355, 0]
119	[-193.95140030020355, 0]
119	[-193.95140030020355, 0]
119	[-193.95140030020355, 0]
119	[-193.95140030020355, 0]
119	[-193.95140030020355, 0]
119	[-193.95140030020355, 0]
119	[-193.95140030020355, 0]
119	[-193.95140030020355, 0]
119	[-193.95140030020355, 0]
119	[-193.95140030020355, 0]
119	[-193.95140030020355, 0]
119	[-193.95140030020355, 0]
119	[-193.95140030020355, 0]
119	[-193.95140030020355, 0]
119	[-193.95140030020355, 0]
119	[-193.95140030020355, 0]
119	[-193.95140030020355, 0]
119	[-193.95140030020355, 0]
119	[-193.95140030020355, 0]
119	[-193.95140030020355, 0]
119	[-178.3076616626634, -1]
119	[-171.52008955639403, -3]
119	[-167.55555611655518, -4]
119	[-167.55555611655518, -4]
119	[-167.55555611655518, -4]
119	[-167.55555611655518, -4]
120	[-193.95140030020355, 0]
120	[-193.95140030020355, 0]
120	[-193.95140030020355, 0]
120	[-193.95140030020355, 0]
120	[-193.95140030020355, 0]
120	[-193.95140030020355, 0]
120	[-193.95140030020355, 0]
120	[-193.95140030020355, 0]
120	[-193.95140030020355, 0]
120	[-193.95140030020355, 0]
120	[-193.95140030020355, 0]
120	[-193.95140030020355, 0]
120	[-193.95140030020355, 0]
120	[-193.95140030020355, 0]
120	[-193.95140030020355, 0]
120	[-193.95140030020355, 0]
120	[-193.95140030020355, 0]
120	[-193.95140030020355, 0]
120	[-193.95140030020355, 0]
120	[-193.95140030020355, 0]
120	[-193.95140030020355, 0]
120	[-193.95140030020355, 0]
120	[-193.95140030020355, 0]
120	[-193.95140030020355, 0]
120	[-193.95140030020355, 0]
120	[-193.95140030020355, 0]
120	[-193.95140030020355, 0]
120	[-193.95140030020355, 0]
120	[-193.95140030020355, 0]
120	[-193.95140030020355, 0]
120	[-193.95140030020355, 0]
120	[-193.95140030020355, 0]
120	[-193.95140030020355, 0]
120	[-193.95140030020355, 0]
120	[-193.95140030020355, 0]
120	[-193.95140030020355, 0]
120	[-193.95140030020355, 0]
120	[-193.95140030020355, 0]
120	[-193.95140030020355, 0]
120	[-193.95140030020355, 0]
120	[-193.95140030020355, 0]
120	[-193.95140030020355, 0]
120	[-178.3076616626634, -1]
120	[-171.52008955639403, -3]
120	[-166.1357973357041, -4]
121	[-193.95140030020355, 0]
121	[-193.95140030020355, 0]
121	[-193.95140030020355, 0]
121	[-193.95140030020355, 0]
121	[-193.95140030020355, 0]
121	[-193.95140030020355, 0]
121	[-193.95140030020355, 0]
121	[-193.95140030020355, 0]
121	[-193.95140030020355, 0]
121	[-193.95140030020355, 0]
121	[-193.95140030020355, 0]
121	[-193.95140030020355, 0]
121	[-193.95140030020355, 0]
121	[-193.95140030020355, 0]
121	[-193.95140030020355, 0]
121	[-193.95140030020355, 0]
121	[-193.95140030020355, 0]
121	[-193.95140030020355, 0]
121	[-193.95140030020355, 0]
121	[-193.95140030020355, 0]
121	[-193.95140030020355, 0]
121	[-193.95140030020355, 0]
121	[-193.95140030020355, 0]
121	[-193.95140030020355, 0]
121	[-193.95140030020355, 0]
121	[-193.95140030020355, 0]
121	[-193.95140030020355, 0]
121	[-193.95140030020355, 0]
121	[-193.95140030020355, 0]
121	[-193.95140030020355, 0]
121	[-193.95140030020355, 0]
121	[-193.95140030020355, 0]
121	[-193.95140030020355, 0]
121	[-193.95140030020355, 0]
121	[-193.95140030020355, 0]
121	[-193.95140030020355, 0]
121	[-193.95140030020355, 0]
121	[-193.95140030020355, 0]
121	[-193.95140030020355, 0]
121	[-193.95140030020355, 0]
121	[-193.95140030020355, 0]
121	[-193.95140030020355, 0]
121	[-193.95140030020355, 0]
121	[-193.95140030020355, 0]
121	[-193.95140030020355, 0]
121	[-193.95140030020355, 0]
121	[-193.95140030020355, 0]
121	[-193.95140030020355, 0]
121	[-193.95140030020355, 0]
121	[-178.3076616626634, -1]
121	[-171.52008955639403, -3]
121	[-166.1357973357041, -4]
122	[-193.95140030020355, 0]
122	[-193.95140030020355, 0]
122	[-193.95140030020355, 0]
122	[-193.95140030020355, 0]
122	[-193.95140030020355, 0]
122	[-193.95140030020355, 0]
122	[-193.95140030020355, 0]
122	[-193.95140030020355, 0]
122	[-193.95140030020355, 0]
122	[-193.95140030020355, 0]
122	[-193.95140030020355, 0]
122	[-193.95140030020355, 0]
122	[-193.95140030020355, 0]
122	[-193.95140030020355, 0]
122	[-193.95140030020355, 0]
122	[-193.95140030020355, 0]
122	[-193.95140030020355, 0]
122	[-193.95140030020355, 0]
122	[-193.95140030020355, 0]
122	[-193.95140030020355, 0]
122	[-193.95140030020355, 0]
122	[-193.95140030020355, 0]
122	[-193.95140030020355, 0]
122	[-193.95140030020355, 0]
122	[-193.95140030020355, 0]
122	[-193.95140030020355, 0]
122	[-193.95140030020355, 0]
122	[-193.95140030020355, 0]
122	[-193.95140030020355, 0]
122	[-193.95140030020355, 0]
122	[-193.95140030020355, 0]
122	[-193.95140030020355, 0]
122	[-193.95140030020355, 0]
122	[-193.95140030020355, 0]
122	[-193.95140030020355, 0]
122	[-193.95140030020355, 0]
122	[-193.95140030020355, 0]
122	[-193.95140030020355, 0]
122	[-193.95140030020355, 0]
122	[-193.95140030020355, 0]
122	[-193.95140030020355, 0]
122	[-193.95140030020355, 0]
122	[-193.95140030020355, 0]
122	[-193.95140030020355, 0]
122	[-193.95140030020355, 0]
122	[-193.95140030020355, 0]
122	[-193.95140030020355, 0]
122	[-193.95140030020355, 0]
122	[-193.95140030020355, 0]
122	[-193.95140030020355, 0]
122	[-193.95140030020355, 0]
122	[-193.95140030020355, 0]
122	[-193.95140030020355, 0]
122	[-193.95140030020355, 0]
122	[-193.95140030020355, 0]
122	[-193.95140030020355, 0]
122	[-193.95140030020355, 0]
122	[-193.95140030020355, 0]
122	[-193.95140030020355, 0]
122	[-193.95140030020355, 0]
122	[-178.3076616626634, -1]
122	[-171.51754178194912, -3]
122	[-166.1357973357041, -4]
122	[-166.1357973357041, -4]
123	[-193.95140030020355, 0]
123	[-193.95140030020355, 0]
123	[-193.95140030020355, 0]
123	[-193.95140030020355, 0]
123	[-193.95140030020355, 0]
123	[-193.95140030020355, 0]
123	[-193.95140030020355, 0]
123	[-193.95140030020355, 0]
123	[-193.95140030020355, 0]
123	[-193.95140030020355, 0]
123	[-193.95140030020355, 0]
123	[-193.95140030020355, 0]
123	[-193.95140030020355, 0]
123	[-193.95140030020355, 0]
123	[-193.95140030020355, 0]
123	[-193.95140030020355, 0]
123	[-193.95140030020355, 0]
123	[-193.95140030020355, 0]
123	[-193.95140030020355, 0]
123	[-193.95140030020355, 0]
123	[-193.95140030020355, 0]
123	[-193.95140030020355, 0]
123	[-193.95140030020355, 0]
123	[-193.95140030020355, 0]
123	[-193.95140030020355, 0]
123	[-193.95140030020355, 0]
123	[-193.95140030020355, 0]
123	[-193.95140030020355, 0]
123	[-193.95140030020355, 0]
123	[-193.95140030020355, 0]
123	[-193.95140030020355, 0]
123	[-193.95140030020355, 0]
123	[-193.95140030020355, 0]
123	[-193.95140030020355, 0]
123	[-193.95140030020355, 0]
123	[-193.95140030020355, 0]
123	[-193.95140030020355, 0]
123	[-193.95140030020355, 0]
123	[-193.95140030020355, 0]
123	[-193.95140030020355, 0]
123	[-193.95140030020355, 0]
123	[-193.95140030020355, 0]
123	[-193.95140030020355, 0]
123	[-193.95140030020355, 0]
123	[-193.95140030020355, 0]
123	[-193.95140030020355, 0]
123	[-193.95140030020355, 0]
123	[-193.95140030020355, 0]
123	[-193.95140030020355, 0]
123	[-193.95140030020355, 0]
123	[-193.95140030020355, 0]
123	[-193.95140030020355, 0]
123	[-193.95140030020355, 0]
123	[-193.95140030020355, 0]
123	[-193.95140030020355, 0]
123	[-193.95140030020355, 0]
123	[-193.95140030020355, 0]
123	[-193.95140030020355, 0]
123	[-193.95140030020355, 0]
123	[-193.95140030020355, 0]
123	[-193.95140030020355, 0]
123	[-193.95140030020355, 0]
123	[-193.95140030020355, 0]
123	[-178.3076616626634, -1]
123	[-171.51754178194912, -3]
123	[-166.1357973357041, -4]
123	[-166.1357973357041, -4]
124	[-193.94370811498115, 0]
124	[-178.3076616626634, -1]
124	[-171.51754178194912, -3]
124	[-166.1357973357041, -4]
124	[-166.1357973357041, -4]
125	[-193.94370811498115, 0]
125	[-178.3076616626634, -1]
125	[-171.51754178194912, -3]
125	[-166.1357973357041, -4]
125	[-166.1357973357041, -4]
125	[-166.1357973357041, -4]
126	[-193.94370811498115, 0]
126	[-178.3076616626634, -1]
126	[-171.51754178194912, -3]
126	[-166.1357973357041, -4]
126	[-166.1357973357041, -4]
126	[-166.1357973357041, -4]
127	[-193.94370811498115, 0]
127	[-178.3076616626634, -1]
127	[-171.51386104138862, -3]
127	[-166.11510832923543, -4]
128	[-193.94370811498115, 0]
128	[-178.3076616626634, -1]
128	[-171.49228678548505, -3]
128	[-166.11510832923543, -4]
129	[-193.94370811498115, 0]
129	[-178.3076616626634, -1]
129	[-171.49228678548505, -3]
129	[-166.11510832923543, -4]
130	[-189.02862863077175, 0]
130	[-178.3076616626634, -1]
130	[-171.49228678548505, -3]
130	[-166.11510832923543, -4]
131	[-189.02862863077175, 0]
131	[-177.3693435473549, -1]
131	[-167.81696037994624, -3]
131	[-166.11510832923543, -4]
132	[-179.13339927592844, 0]
132	[-176.21944309240288, -1]
132	[-167.81696037994624, -3]
132	[-166.11510832923543, -4]
133	[-157.90063438449246, 0]
134	[-157.90063438449246, 0]
135	[-157.90063438449246, 0]
136	[-157.90063438449246, 0]
137	[-157.90063438449246, 0]
138	[-157.90063438449246, 0]
139	[-157.90063438449246, 0]
140	[-157.90063438449246, 0]
141	[-157.90063438449246, 0]
142	[-151.97947048630488, 0]
143	[-151.97947048630488, 0]
143	[-151.97947048630488, 0]
144	[-151.97947048630488, 0]
144	[-151.97947048630488, 0]
145	[-151.97947048630488, 0]
145	[-151.97947048630488, 0]
146	[-151.97947048630488, 0]
146	[-151.97947048630488, 0]
147	[-151.74656972992602, 0]
148	[-151.74656972992602, 0]
149	[-151.37316470739776, 0]
150	[-151.37316470739776, 0]
151	[-151.33457873203875, 0]
152	[-150.9793837623054, 0]
153	[-150.9793837623054, 0]
154	[-150.9793837623054, 0]
155	[-150.9793837623054, 0]
156	[-150.9793837623054, 0]
156	[-150.9793837623054, 0]
157	[-150.9793837623054, 0]
157	[-150.9793837623054, 0]
157	[-150.9793837623054, 0]
158	[-150.9793837623054, 0]
158	[-150.9793837623054, 0]
158	[-150.9793837623054, 0]
158	[-150.9793837623054, 0]
159	[-150.96011671465195, 0]
160	[-150.96011671465195, 0]
161	[-149.97341996525753, 0]
162	[-149.97341996525753, 0]
163	[-146.8519909749316, 0]
164	[-146.8519909749316, 0]
165	[-146.8519909749316, 0]
166	[-146.8519909749316, 0]
167	[-146.8519909749316, 0]
168	[-146.8519909749316, 0]
169	[-146.8519909749316, 0]
170	[-146.8519909749316, 0]
171	[-146.8519909749316, 0]
172	[-146.8519909749316, 0]
173	[-146.8519909749316, 0]
174	[-146.8519909749316, 0]
175	[-146.8519909749316, 0]
176	[-146.8519909749316, 0]
177	[-146.8519909749316, 0]
178	[-146.05270098020344, 0]
179	[-146.05270098020344, 0]
180	[-146.05270098020344, 0]
181	[-146.05270098020344, 0]
182	[-146.05270098020344, 0]
183	[-146.05270098020344, 0]
184	[-146.05270098020344, 0]
185	[-146.05270098020344, 0]
186	[-146.05270098020344, 0]
187	[-145.3463886440088, 0]
188	[-143.9453996470085, 0]
189	[-143.9453996470085, 0]
190	[-143.9453996470085, 0]
191	[-143.9453996470085, 0]
191	[-143.9453996470085, 0]
192	[-143.9453996470085, 0]
192	[-143.9453996470085, 0]
193	[-143.9453996470085, 0]
193	[-143.9453996470085, 0]
194	[-143.9453996470085, 0]
194	[-143.9453996470085, 0]
195	[-143.8875085881645, 0]
196	[-143.8875085881645, 0]
197	[-143.8875085881645, 0]
198	[-143.8875085881645, 0]
199	[-143.71639293764713, 0]
200	[-143.67516476410353, 0]
201	[-143.67516476410353, 0]
202	[-143.67516476410353, 0]
202	[-143.67516476410353, 0]
203	[-143.67516476410353, 0]
203	[-143.67516476410353, 0]
204	[-143.67516476410353, 0]
204	[-143.67516476410353, 0]
205	[-143.67516476410353, 0]
205	[-143.67516476410353, 0]
206	[-143.67516476410353, 0]
206	[-143.67516476410353, 0]
207	[-142.74959552005024, 0]
208	[-142.53602176966183, 0]
209	[-142.53602176966183, 0]
210	[-142.53602176966183, 0]
211	[-142.53602176966183, 0]
212	[-142.53602176966183, 0]
213	[-141.87441693345562, 0]
214	[-141.87441693345562, 0]
215	[-141.84004726581634, 0]
216	[-141.84004726581634, 0]
217	[-141.84004726581634, 0]
218	[-141.5723567021595, 0]
219	[-141.5723567021595, 0]
219	[-141.5723567021595, 0]
220	[-141.5723567021595, 0]
220	[-141.5723567021595, 0]
221	[-141.5723567021595, 0]
221	[-141.5723567021595, 0]
222	[-141.5723567021595, 0]
222	[-141.5723567021595, 0]
223	[-141.5723567021595, 0]
223	[-141.5723567021595, 0]
224	[-141.5723567021595, 0]
224	[-141.5723567021595, 0]
225	[-141.5723567021595, 0]
225	[-141.5723567021595, 0]
226	[-141.5723567021595, 0]
226	[-141.5723567021595, 0]
227	[-141.5723567021595, 0]
227	[-141.5723567021595, 0]
227	[-141.5723567021595, 0]
228	[-141.5723567021595, 0]
228	[-141.5723567021595, 0]
228	[-141.5723567021595, 0]
229	[-141.5723567021595, 0]
229	[-141.5723567021595, 0]
229	[-141.5723567021595, 0]
230	[-141.5723567021595, 0]
230	[-141.5723567021595, 0]
230	[-141.5723567021595, 0]
230	[-141.5723567021595, 0]
231	[-141.5723567021595, 0]
231	[-141.5723567021595, 0]
231	[-141.5723567021595, 0]
231	[-141.5723567021595, 0]
232	[-141.50007918208763, 0]
233	[-141.50007918208763, 0]
234	[-141.50007918208763, 0]
235	[-141.50007918208763, 0]
236	[-141.50007918208763, 0]
237	[-141.50007918208763, 0]
238	[-141.50007918208763, 0]
239	[-141.50007918208763, 0]
240	[-141.50007918208763, 0]
241	[-140.01134910024908, 0]
242	[-140.01134910024908, 0]
243	[-140.01134910024908, 0]
244	[-140.01134910024908, 0]
245	[-140.01134910024908, 0]
246	[-140.01134910024908, 0]
247	[-140.01134910024908, 0]
248	[-140.01134910024908, 0]
248	[-140.01134910024908, 0]
249	[-140.01134910024908, 0]
249	[-140.01134910024908, 0]
250	[-140.01134910024908, 0]
250	[-140.01134910024908, 0]
251	[-140.01134910024908, 0]
251	[-140.01134910024908, 0]
252	[-140.01134910024908, 0]
252	[-140.01134910024908, 0]
253	[-140.01134910024908, 0]
253	[-140.01134910024908, 0]
254	[-140.01134910024908, 0]
254	[-140.01134910024908, 0]
254	[-140.01134910024908, 0]
255	[-140.01134910024908, 0]
255	[-140.01134910024908, 0]
255	[-140.01134910024908, 0]
255	[-140.01134910024908, 0]
256	[-140.01134910024908, 0]
256	[-140.01134910024908, 0]
256	[-140.01134910024908, 0]
256	[-140.01134910024908, 0]
256	[-140.01134910024908, 0]
257	[-140.01134910024908, 0]
257	[-140.01134910024908, 0]
257	[-140.01134910024908, 0]
257	[-140.01134910024908, 0]
257	[-140.01134910024908, 0]
258	[-139.65988065737895, 0]
259	[-139.65988065737895, 0]
260	[-139.65988065737895, 0]
261	[-139.65988065737895, 0]
262	[-139.65988065737895, 0]
263	[-139.65988065737895, 0]
263	[-139.65988065737895, 0]
264	[-139.65988065737895, 0]
264	[-139.65988065737895, 0]
265	[-139.65988065737895, 0]
265	[-139.65988065737895, 0]
265	[-139.65988065737895, 0]
266	[-139.65988065737895, 0]
266	[-139.65988065737895, 0]
266	[-139.65988065737895, 0]
267	[-139.65988065737895, 0]
267	[-139.65988065737895, 0]
267	[-139.65988065737895, 0]
267	[-139.65988065737895, 0]
268	[-139.65988065737895, 0]
268	[-139.65988065737895, 0]
268	[-139.65988065737895, 0]
268	[-139.65988065737895, 0]
268	[-139.65988065737895, 0]
269	[-139.65988065737895, 0]
269	[-139.65988065737895, 0]
269	[-139.65988065737895, 0]
269	[-139.65988065737895, 0]
269	[-139.65988065737895, 0]
269	[-139.65988065737895, 0]
269	[-139.65988065737895, 0]
270	[-139.65988065737895, 0]
270	[-139.65988065737895, 0]
270	[-139.65988065737895, 0]
270	[-139.65988065737895, 0]
270	[-139.65988065737895, 0]
270	[-139.65988065737895, 0]
270	[-139.65988065737895, 0]
271	[-139.65988065737895, 0]
271	[-139.65988065737895, 0]
271	[-139.65988065737895, 0]
271	[-139.65988065737895, 0]
271	[-139.65988065737895, 0]
271	[-139.65988065737895, 0]
271	[-139.65988065737895, 0]
271	[-139.65988065737895, 0]
271	[-139.65988065737895, 0]
272	[-139.65988065737895, 0]
272	[-139.65988065737895, 0]
272	[-139.65988065737895, 0]
272	[-139.65988065737895, 0]
272	[-139.65988065737895, 0]
272	[-139.65988065737895, 0]
272	[-139.65988065737895, 0]
272	[-139.65988065737895, 0]
272	[-139.65988065737895, 0]
272	[-139.65988065737895, 0]
273	[-139.65988065737895, 0]
273	[-139.65988065737895, 0]
273	[-139.65988065737895, 0]
273	[-139.65988065737895, 0]
273	[-139.65988065737895, 0]
273	[-139.65988065737895, 0]
273	[-139.65988065737895, 0]
273	[-139.65988065737895, 0]
273	[-139.65988065737895, 0]
273	[-139.65988065737895, 0]
273	[-139.65988065737895, 0]
273	[-139.65988065737895, 0]
274	[-139.5928666773476, 0]
275	[-139.5928666773476, 0]
275	[-139.5928666773476, 0]
276	[-139.5928666773476, 0]
276	[-139.5928666773476, 0]
277	[-139.5928666773476, 0]
277	[-139.5928666773476, 0]
277	[-139.5928666773476, 0]
278	[-139.5928666773476, 0]
278	[-139.5928666773476, 0]
278	[-139.5928666773476, 0]
278	[-139.5928666773476, 0]
279	[-139.5928666773476, 0]
279	[-139.5928666773476, 0]
279	[-139.5928666773476, 0]
279	[-139.5928666773476, 0]
279	[-139.5928666773476, 0]
279	[-139.5928666773476, 0]
280	[-139.5928666773476, 0]
280	[-139.5928666773476, 0]
280	[-139.5928666773476, 0]
280	[-139.5928666773476, 0]
280	[-139.5928666773476, 0]
280	[-139.5928666773476, 0]
281	[-139.5928666773476, 0]
281	[-139.5928666773476, 0]
281	[-139.5928666773476, 0]
281	[-139.5928666773476, 0]
281	[-139.5928666773476, 0]
281	[-139.5928666773476, 0]
281	[-139.5928666773476, 0]
282	[-139.5928666773476, 0]
282	[-139.5928666773476, 0]
282	[-139.5928666773476, 0]
282	[-139.5928666773476, 0]
282	[-139.5928666773476, 0]
282	[-139.5928666773476, 0]
282	[-139.5928666773476, 0]
282	[-139.5928666773476, 0]
283	[-139.56135179822812, 0]
284	[-139.56135179822812, 0]
285	[-139.56135179822812, 0]
286	[-139.56135179822812, 0]
287	[-139.56135179822812, 0]
288	[-139.56135179822812, 0]
289	[-139.56135179822812, 0]
290	[-139.56135179822812, 0]
291	[-139.56135179822812, 0]
292	[-139.56135179822812, 0]
293	[-139.56135179822812, 0]
294	[-139.56135179822812, 0]
295	[-139.56135179822812, 0]
296	[-139.56135179822812, 0]
297	[-139.5113933184514, 0]
298	[-139.5113933184514, 0]
299	[-139.5113933184514, 0]
299	[-139.5113933184514, 0]
300	[-139.5113933184514, 0]
300	[-139.5113933184514, 0]
300	[-139.5113933184514, 0]
300	[-139.5113933184514, 0]
