Generation:
1798

Phenotype:
98
V1 = gm([3.3e0, +9.9e1, 9.9e1]);
V2 = uniform([+6.3e0, 7.2e0], 2);
V3 = uniform([+1.8e0, 6.0e0], 2);
V4 = gm([0.1e0, +1.5e1, 4.1e0]);
V5 = uniform([-0.4e0, 1.1e1], 2);

Pre-processed Program
:P = gm([1.000000], [99], [99]);F = uniform([6.300000, 13.500000], 2);C = uniform([1.800000, 7.800000], 2);T = gm([1.000000], [15], [4.1]);W = uniform([-0.400000, 10.600000], 2);Genotype:
[192, 457, 348, 112, 32, 490, 103, 173, 76, 411, 438, 299, 409, 279, 94, 499, 209, 107, 175, 88, 380, 220, 346, 43, 342, 478, 437, 482, 292, 491, 469, 373, 136, 451, 158, 492, 443, 146, 420, 302, 278, 114, 110, 129, 190, 121, 376, 96, 460, 1, 25, 255, 243, 414, 361, 32, 31, 430, 30, 97, 290, 334, 268, 247, 411, 301, 7, 271, 198, 213, 236, 296, 54, 497, 238, 195, 171, 63, 88, 73, 250, 138, 445, 239, 254, 280, 80, 291, 296, 350, 328, 267, 55, 180, 203, 266, 1, 378, 454, 149]
Tree:
None
Fitness on 5000 data:
-161.8603914411876

Fitness:
-161.8603914411876