Generation:
798

Phenotype:
14
V1 = gm([6.2e1, +9.9e0, 2.9e0], [0.0e0, +8.8e1, 4.5e0]);
V2 = uniform([+6.1e0, 7.8e0], 2);
V3 = gm([4.3e1, +9.9e1, 9.9e1]);
V4 = gm([4.5e0, +5.0e0, 1.6e0]);

Pre-processed Program
:T = gm([1.000000, 0.000000], [9.9, 88], [2.9, 4.5]);F = uniform([6.100000, 13.900000], 2);E = gm([1.000000], [99], [99]);C = gm([1.000000], [5], [1.6]);Genotype:
[375, 469, 364, 347, 171, 284, 96, 452, 429, 227, 4, 149, 69, 46, 242, 92, 199, 302, 224, 202, 30, 110, 312, 221, 390, 148, 188, 305, 159, 294, 35, 392, 355, 454, 42, 152, 136, 361, 94, 166, 487, 8, 26, 484, 41, 54, 472, 404, 143, 25, 342, 338, 339, 149, 161, 144, 459, 499, 485, 500, 332, 250, 402, 114, 105, 314, 311, 384, 435, 370, 88, 469, 61, 306, 486, 41, 145, 78, 28, 442, 357, 67, 482, 450, 224, 320, 127, 152, 65, 143, 210, 251, 160, 136, 366, 339, 12, 217, 333, 286]
Tree:
None
Fitness on 5000 data:
-149.48668030939396

Fitness:
-149.48668030939396