Generation:
1500

Phenotype:
14
V1 = gm([6.8e0, +9.9e0, 1.1e0], [6.9e1, +9.9e0, 3.2e0]);
V2 = uniform([+6.1e0, 7.8e0], 2);
V3 = gm([6.5e1, +9.9e1, 9.9e1]);
V4 = gm([4.5e0, +5.0e0, 1.6e0]);

Pre-processed Program
:T = gm([0.089710, 0.910290], [9.9, 9.9], [1.1, 3.2]);F = uniform([6.100000, 13.900000], 2);E = gm([1.000000], [99], [99]);C = gm([1.000000], [5], [1.6]);Genotype:
[268, 469, 34, 334, 59, 46, 306, 488, 258, 77, 388, 309, 69, 450, 193, 11, 21, 286, 224, 321, 296, 469, 287, 251, 8, 239, 309, 60, 424, 313, 152, 196, 21, 166, 305, 28, 136, 361, 8, 98, 487, 28, 92, 476, 3, 56, 242, 336, 345, 3, 482, 164, 339, 149, 161, 244, 459, 499, 455, 192, 235, 250, 85, 334, 295, 270, 393, 384, 435, 370, 88, 189, 61, 306, 22, 41, 145, 78, 28, 442, 357, 67, 482, 450, 224, 320, 127, 152, 65, 143, 210, 251, 160, 136, 366, 339, 12, 217, 333, 286]
Tree:
None
Fitness on 5000 data:
-149.39784937375725

Fitness:
-149.39784937375725