Generation:
1198

Phenotype:
14
V1 = gm([6.2e1, +9.9e0, 2.9e0], [2.8e0, +9.8e0, 3.5e0]);
V2 = uniform([+6.1e0, 7.8e0], 2);
V3 = gm([4.6e1, +9.9e1, 9.9e1]);
V4 = gm([9.5e0, +5.0e0, 1.6e0]);

Pre-processed Program
:T = gm([0.956790, 0.043210], [9.9, 9.8], [2.9, 3.5]);F = uniform([6.100000, 13.900000], 2);E = gm([1.000000], [99], [99]);C = gm([1.000000], [5], [1.6]);Genotype:
[224, 469, 464, 485, 171, 253, 96, 452, 133, 310, 4, 149, 69, 46, 242, 92, 199, 356, 224, 202, 122, 38, 312, 221, 390, 119, 188, 126, 159, 313, 35, 70, 27, 196, 42, 152, 136, 361, 94, 166, 487, 28, 26, 104, 41, 54, 472, 404, 6, 25, 176, 338, 339, 149, 161, 319, 459, 499, 485, 500, 424, 250, 137, 169, 105, 314, 15, 384, 435, 370, 88, 85, 61, 306, 486, 41, 145, 78, 28, 442, 357, 67, 482, 450, 224, 320, 127, 152, 65, 143, 210, 251, 160, 136, 366, 339, 12, 217, 333, 286]
Tree:
None
Fitness on 5000 data:
-149.47786216411424

Fitness:
-149.47786216411424