Generation:
398

Phenotype:
3
V1 = gm([0.9e1, +0.9e0, 0.5e0], [7.7e0, +9.0e0, 0.5e0], [8.1e1, +5.6e0, 2.7e0], [3.2e0, +1.8e0, 1.4e0]);
V2 = +9.7e0;
V2 = V2 + gm([3.1e0, -0.0e0, 0.2e1]);
V3 = +V2;
V3 = V3 + uniform([-0.1e1, 1.2e1], 2);

Pre-processed Program
:W = gm([0.089197, 0.076313, 0.802775, 0.031715], [0.9, 9, 5.6, 1.8], [0.5, 0.5, 2.7, 1.4]);F = 9.7;F = F + gm([1.000000], [0], [2]);T = F;T = T + uniform([-1.000000, 11.000000], 2);Genotype:
[441, 332, 363, 158, 445, 357, 24, 190, 89, 329, 232, 454, 10, 209, 90, 15, 380, 245, 250, 113, 53, 187, 477, 80, 59, 206, 189, 400, 452, 68, 230, 145, 450, 449, 102, 418, 331, 459, 78, 364, 175, 416, 338, 59, 322, 357, 16, 22, 336, 353, 492, 190, 217, 306, 191, 18, 180, 307, 111, 444, 10, 381, 444, 94, 423, 480, 72, 59, 117, 334, 132, 251, 104, 31, 443, 191, 24, 65, 335, 60, 130, 312, 383, 40, 72, 165, 309, 494, 54, 482, 176, 147, 329, 68, 92, 167, 130, 171, 155, 74]
Tree:
None
Fitness on 5000 data:
-54.07872728541165

Fitness:
-54.07872728541165