Generation:
1500

Phenotype:
3
V1 = gm([8.8e0, +0.9e0, 0.5e0], [9.9e0, +9.0e0, 0.6e0], [5.1e1, +5.5e0, 2.3e0], [8.9e0, +2.5e0, 1.2e0]);
V2 = +9.9e0;
V2 = V2 + gm([8.2e1, +0.0e1, 0.2e1]);
V3 = +V2;
V3 = V3 + uniform([-0.1e1, 1.2e1], 2);

Pre-processed Program
:W = gm([0.111959, 0.125954, 0.648855, 0.113232], [0.9, 9, 5.5, 2.5], [0.5, 0.6, 2.3, 1.2]);F = 9.9;F = F + gm([1.000000], [0], [2]);T = F;T = T + uniform([-1.000000, 11.000000], 2);Genotype:
[441, 332, 363, 158, 445, 225, 111, 188, 428, 122, 402, 64, 10, 199, 132, 269, 380, 245, 394, 165, 191, 189, 359, 100, 369, 396, 189, 400, 276, 242, 230, 386, 450, 3, 232, 345, 81, 147, 106, 160, 175, 315, 114, 349, 322, 163, 478, 480, 191, 98, 229, 170, 165, 110, 42, 215, 100, 424, 111, 402, 152, 179, 444, 382, 423, 385, 398, 119, 149, 374, 350, 132, 104, 412, 348, 302, 229, 51, 20, 500, 490, 15, 230, 40, 72, 133, 311, 148, 480, 468, 338, 57, 219, 79, 206, 169, 130, 171, 173, 96]
Tree:
None
Fitness on 5000 data:
-53.759317888154406

Fitness:
-53.759317888154406