Generation:
1198

Phenotype:
3
V1 = gm([8.8e0, +0.8e0, 0.5e0], [8.7e0, +9.0e0, 0.6e0], [5.2e1, +5.5e0, 2.3e0], [6.7e0, +2.6e0, 1.2e0]);
V2 = +9.9e0;
V2 = V2 + gm([3.9e0, -0.0e1, 0.2e1]);
V3 = +V2;
V3 = V3 + uniform([-0.1e1, 1.2e1], 2);

Pre-processed Program
:W = gm([0.115486, 0.114173, 0.682415, 0.087927], [0.8, 9, 5.5, 2.6], [0.5, 0.6, 2.3, 1.2]);F = 9.9;F = F + gm([1.000000], [0], [2]);T = F;T = T + uniform([-1.000000, 11.000000], 2);Genotype:
[441, 332, 363, 158, 445, 225, 111, 188, 428, 300, 403, 64, 10, 198, 132, 15, 380, 245, 394, 113, 191, 98, 337, 100, 488, 198, 189, 400, 392, 242, 230, 386, 154, 3, 102, 25, 472, 147, 271, 160, 175, 315, 154, 419, 322, 163, 376, 212, 316, 346, 27, 450, 165, 256, 42, 426, 108, 376, 111, 402, 10, 172, 444, 94, 423, 1, 398, 119, 149, 498, 200, 16, 104, 195, 103, 329, 24, 51, 335, 60, 490, 25, 230, 40, 72, 133, 219, 8, 232, 400, 338, 147, 289, 442, 301, 169, 130, 171, 141, 101]
Tree:
None
Fitness on 5000 data:
-53.799827827686705

Fitness:
-53.799827827686705