Generation:
798

Phenotype:
3
V1 = gm([0.8e1, +0.9e0, 0.5e0], [8.8e0, +9.0e0, 0.6e0], [5.3e1, +5.3e0, 2.3e0], [7.7e0, +2.2e0, 1.3e0]);
V2 = +9.7e0;
V2 = V2 + gm([5.4e0, -0.0e0, 0.2e1]);
V3 = +V2;
V3 = V3 + uniform([-0.1e1, 1.2e1], 2);

Pre-processed Program
:W = gm([0.103226, 0.113548, 0.683871, 0.099355], [0.9, 9, 5.3, 2.2], [0.5, 0.6, 2.3, 1.3]);F = 9.7;F = F + gm([1.000000], [0], [2]);T = F;T = T + uniform([-1.000000, 11.000000], 2);Genotype:
[441, 332, 495, 158, 445, 225, 111, 190, 428, 329, 403, 104, 10, 209, 90, 15, 380, 245, 250, 113, 115, 98, 8, 158, 149, 206, 189, 400, 392, 288, 230, 386, 450, 3, 102, 25, 303, 459, 271, 160, 175, 263, 404, 59, 322, 163, 16, 212, 210, 307, 27, 190, 374, 306, 42, 392, 180, 62, 111, 173, 10, 438, 444, 94, 423, 1, 72, 119, 117, 498, 132, 456, 104, 31, 305, 474, 24, 65, 335, 60, 490, 312, 230, 40, 72, 133, 311, 8, 232, 400, 338, 367, 289, 472, 301, 323, 130, 171, 361, 101]
Tree:
None
Fitness on 5000 data:
-53.84141409242502

Fitness:
-53.84141409242502