Generation:
798

Phenotype:
3
V1 = uniform([+4.1e0, 2.0e1], 2);
V2 = +V1;
V2 = V2 + gm([2.8e0, -7.1e0, 4.2e0]);
V3 = -V1 * -V1;
V3 = V3 + uniform([-6.9e0, 1.8e0], 2);

Pre-processed Program
:T = uniform([4.100000, 24.100000], 2);F = T;F = F + gm([1.000000], [-7.1], [4.2]);TEMP0 = T * T;P = TEMP0;P = P + uniform([-6.900000, -5.100000], 2);Genotype:
[21, 254, 429, 107, 369, 137, 420, 444, 251, 352, 82, 492, 340, 83, 200, 36, 198, 406, 424, 96, 160, 283, 104, 408, 462, 228, 362, 192, 59, 487, 371, 78, 182, 384, 322, 464, 346, 496, 209, 214, 6, 413, 362, 228, 239, 464, 475, 380, 29, 479, 146, 299, 154, 176, 131, 88, 430, 331, 160, 499, 144, 91, 184, 228, 400, 192, 175, 487, 371, 78, 497, 384, 322, 464, 189, 6, 159, 214, 6, 469, 200, 296, 291, 426, 321, 94, 406, 420, 203, 0, 23, 57, 109, 89, 388, 307, 68, 156, 477, 448, 92, 483, 442, 239, 333, 213, 412, 297, 303, 234, 149, 15, 13, 422, 450, 476, 137, 284, 433, 321, 211, 241, 322, 261, 156, 210, 276, 95, 38]
Tree:
None
Fitness on 5000 data:
-9.484688599264302

Fitness:
-9.484688599264302