Generation:
398

Phenotype:
4
V1 = gm([3.3e0, +6.8e0, 5.1e0], [8.8e0, +7.0e0, 1.7e0], [8.9e1, +9.9e0, 1.9e0]);
V2 = +3.9e0 + +V1 * +V1;
V2 = V2 + gm([7.2e0, -2.7e0, 0.7e1], [8.7e1, -3.0e0, 8.8e0], [2.6e0, -2.9e1, 3.3e0]);
V3 = +V1;
V3 = V3 + uniform([-1.8e0, 0.4e1], 2);

Pre-processed Program
:T = gm([0.032641, 0.087043, 0.880317], [6.8, 7, 9.9], [5.1, 1.7, 1.9]);TEMP0 = T * T;P = 3.9;P = P + TEMP0;P = P + gm([0.074380, 0.898760, 0.026860], [-2.7, -3, -29], [7, 8.8, 3.3]);F = T;F = F + uniform([-1.800000, 2.200000], 2);Genotype:
[168, 75, 177, 362, 189, 17, 111, 493, 323, 418, 390, 266, 236, 268, 82, 332, 75, 391, 222, 83, 21, 488, 368, 308, 220, 474, 127, 50, 14, 373, 401, 427, 192, 466, 476, 178, 189, 41, 167, 278, 179, 429, 16, 364, 351, 419, 234, 42, 23, 266, 292, 105, 191, 392, 263, 479, 422, 108, 107, 452, 138, 94, 165, 208, 488, 420, 498, 284, 489, 184, 197, 282, 418, 427, 411, 452, 487, 478, 254, 60, 277, 383, 457, 299, 378, 197, 251, 488, 327, 113, 420, 20, 172, 68, 158, 184, 256, 184, 442, 426]
Tree:
None
Fitness on 5000 data:
-7.659583105320953

Fitness:
-7.659583105320953