Generation:
1500

Phenotype:
4
V1 = gm([0.2e1, +8.8e0, 5.1e0], [1.0e1, +7.1e0, 1.6e0], [6.9e1, +9.9e0, 1.9e0]);
V2 = +2.4e0 + +V1 * +V1;
V2 = V2 + gm([3.7e0, +6.5e0, 0.5e1], [7.6e1, -3.0e0, 8.6e0], [0.3e0, +2.2e1, 0.2e1]);
V3 = +V1;
V3 = V3 + uniform([-2.1e0, 0.4e1], 2);

Pre-processed Program
:T = gm([0.024691, 0.123457, 0.851852], [8.8, 7.1, 9.9], [5.1, 1.6, 1.9]);TEMP0 = T * T;P = 2.4;P = P + TEMP0;P = P + gm([0.046250, 0.950000, 0.003750], [6.5, -3, 22], [5, 8.6, 2]);F = T;F = F + uniform([-2.100000, 1.900000], 2);Genotype:
[44, 189, 384, 482, 252, 99, 174, 100, 292, 123, 496, 388, 158, 268, 238, 198, 75, 51, 382, 137, 62, 241, 30, 131, 220, 474, 127, 271, 314, 373, 401, 436, 192, 466, 376, 296, 359, 57, 135, 276, 179, 429, 166, 415, 351, 419, 234, 102, 103, 458, 450, 259, 378, 240, 112, 144, 422, 262, 377, 452, 294, 138, 30, 228, 4, 327, 0, 484, 493, 93, 33, 127, 466, 27, 444, 466, 325, 434, 306, 60, 405, 383, 457, 184, 277, 476, 377, 293, 227, 403, 110, 20, 161, 448, 486, 246, 66, 389, 200, 93]
Tree:
None
Fitness on 5000 data:
-7.622865588603988

Fitness:
-7.622865588603988