Generation:
1198

Phenotype:
4
V1 = gm([0.2e1, +8.8e0, 5.1e0], [8.0e0, +7.1e0, 1.6e0], [6.9e1, +9.9e0, 1.9e0]);
V2 = +2.3e0 + +V1 * +V1;
V2 = V2 + gm([3.7e0, +8.5e0, 0.5e1], [8.6e1, -3.0e0, 8.8e0], [0.3e0, +2.2e1, 0.2e1]);
V3 = +V1;
V3 = V3 + uniform([-1.8e0, 0.4e1], 2);

Pre-processed Program
:T = gm([0.025316, 0.101266, 0.873418], [8.8, 7.1, 9.9], [5.1, 1.6, 1.9]);TEMP0 = T * T;P = 2.3;P = P + TEMP0;P = P + gm([0.041111, 0.955556, 0.003333], [8.5, -3, 22], [5, 8.8, 2]);F = T;F = F + uniform([-1.800000, 2.200000], 2);Genotype:
[44, 189, 384, 482, 252, 99, 174, 100, 122, 123, 44, 388, 158, 268, 238, 198, 75, 51, 382, 137, 21, 488, 30, 250, 220, 474, 127, 271, 314, 373, 401, 436, 192, 466, 376, 296, 359, 57, 132, 24, 179, 429, 166, 415, 351, 419, 234, 102, 103, 458, 450, 259, 378, 240, 112, 393, 422, 68, 377, 452, 294, 130, 417, 228, 4, 327, 220, 484, 493, 185, 33, 127, 126, 27, 28, 408, 325, 434, 306, 60, 405, 383, 457, 184, 188, 206, 377, 293, 227, 403, 110, 20, 305, 448, 158, 106, 222, 389, 200, 93]
Tree:
None
Fitness on 5000 data:
-7.63017605856728

Fitness:
-7.63017605856728