Generation:
798

Phenotype:
4
V1 = gm([0.7e0, +8.8e0, 5.8e0], [8.8e0, +7.2e0, 1.7e0], [8.0e1, +9.9e0, 1.9e0]);
V2 = +3.9e0 + +V1 * +V1;
V2 = V2 + gm([3.5e0, -0.7e0, 0.9e1], [8.0e1, -3.4e0, 8.8e0], [2.6e0, -2.0e1, 0.7e0]);
V3 = +V1;
V3 = V3 + uniform([-1.8e0, 0.4e1], 2);

Pre-processed Program
:T = gm([0.007821, 0.098324, 0.893855], [8.8, 7.2, 9.9], [5.8, 1.7, 1.9]);TEMP0 = T * T;P = 3.9;P = P + TEMP0;P = P + gm([0.040650, 0.929152, 0.030197], [-0.7, -3.4, -20], [9, 8.8, 0.7]);F = T;F = F + uniform([-1.800000, 2.200000], 2);Genotype:
[168, 111, 11, 422, 120, 95, 111, 190, 207, 352, 458, 80, 158, 268, 82, 310, 75, 38, 142, 201, 21, 488, 368, 444, 220, 474, 127, 272, 14, 373, 401, 427, 192, 466, 451, 178, 0, 465, 337, 278, 179, 429, 306, 115, 351, 419, 234, 102, 333, 266, 448, 105, 378, 220, 453, 479, 422, 108, 107, 452, 294, 94, 139, 208, 488, 161, 498, 284, 489, 438, 33, 195, 412, 79, 113, 410, 487, 160, 382, 60, 359, 383, 457, 485, 188, 330, 185, 75, 299, 403, 364, 20, 172, 68, 158, 106, 232, 184, 442, 426]
Tree:
None
Fitness on 5000 data:
-7.636519804345499

Fitness:
-7.636519804345499