Generation:
1500

Phenotype:
10
V1 = gm([7.3e0, +8.1e1, 9.5e0], [2.8e1, +4.9e0, 1.2e0]);
V2 = +8.0e0;
V2 = V2 + gm([4.4e1, +1.0e0, 1.5e0], [3.5e0, -3.7e0, 4.0e0], [6.6e1, +7.6e0, 5.0e0]);
V3 = -0.6e1 * +V1 * -V2;
V3 = V3 + gm([7.3e0, +8.1e1, 9.5e0], [2.8e1, +4.9e0, 1.2e0]);
V4 = +8.0e0;
V4 = V4 + gm([4.4e1, +1.0e0, 1.5e0], [3.5e0, -3.7e0, 4.0e0], [6.6e1, +7.6e0, 5.0e0]);

Pre-processed Program
:C = gm([0.206799, 0.793201], [81, 4.9], [9.5, 1.2]);T = 8;T = T + gm([0.387665, 0.030837, 0.581498], [1, -3.7, 7.6], [1.5, 4, 5]);TEMP0 = 6 * C;TEMP0 = TEMP0 * T;E = TEMP0;E = E + gm([0.206799, 0.793201], [81, 4.9], [9.5, 1.2]);F = 8;F = F + gm([0.387665, 0.030837, 0.581498], [1, -3.7, 7.6], [1.5, 4, 5]);Genotype:
[444, 441, 483, 72, 46, 431, 169, 187, 483, 182, 195, 278, 198, 201, 153, 476, 159, 235, 146, 28, 190, 482, 308, 229, 349, 8, 224, 259, 20, 1, 61, 332, 262, 92, 216, 178, 379, 416, 382, 88, 50, 276, 482, 456, 163, 160, 394, 384, 375, 484, 76, 281, 280, 272, 266, 441, 265, 498, 119, 373, 333, 185, 334, 214, 231, 133, 487, 264, 317, 374, 390, 424, 98, 365, 326, 496, 263, 174, 224, 377, 266, 192, 72, 55, 290, 188, 210, 130, 29, 415, 468, 361, 481, 183, 490, 256, 385, 378, 310, 440]
Tree:
None
Fitness on 5000 data:
-13.193542008508567

Fitness:
-13.193542008508567