Generation:
1198

Phenotype:
10
V1 = gm([7.2e0, +8.1e1, 9.8e0], [2.8e1, +4.9e0, 1.2e0]);
V2 = +8.1e0;
V2 = V2 + gm([4.7e1, +1.0e0, 1.7e0], [3.5e0, -5.5e0, 4.4e0], [6.3e1, +7.6e0, 5.0e0]);
V3 = -0.6e1 * +V1 * -V2;
V3 = V3 + gm([7.2e0, +8.1e1, 9.8e0], [2.8e1, +4.9e0, 1.2e0]);
V4 = +8.1e0;
V4 = V4 + gm([4.7e1, +1.0e0, 1.7e0], [3.5e0, -5.5e0, 4.4e0], [6.3e1, +7.6e0, 5.0e0]);

Pre-processed Program
:C = gm([0.204545, 0.795455], [81, 4.9], [9.8, 1.2]);T = 8.1;T = T + gm([0.414097, 0.030837, 0.555066], [1, -5.5, 7.6], [1.7, 4.4, 5]);TEMP0 = 6 * C;TEMP0 = TEMP0 * T;E = TEMP0;E = E + gm([0.204545, 0.795455], [81, 4.9], [9.8, 1.2]);F = 8.1;F = F + gm([0.414097, 0.030837, 0.555066], [1, -5.5, 7.6], [1.7, 4.4, 5]);Genotype:
[444, 441, 437, 72, 379, 431, 262, 187, 332, 182, 213, 12, 198, 201, 153, 87, 159, 228, 146, 28, 482, 22, 308, 201, 349, 8, 224, 259, 30, 1, 61, 332, 262, 113, 216, 396, 165, 416, 426, 88, 491, 276, 482, 376, 163, 160, 394, 147, 13, 143, 76, 221, 280, 272, 266, 441, 87, 498, 119, 359, 333, 185, 334, 214, 231, 415, 145, 264, 317, 374, 284, 108, 98, 365, 326, 423, 263, 174, 224, 377, 266, 46, 72, 55, 290, 466, 213, 130, 141, 415, 468, 361, 489, 369, 490, 256, 385, 232, 310, 86]
Tree:
None
Fitness on 5000 data:
-13.197327124346417

Fitness:
-13.197327124346417