Generation:
798

Phenotype:
2
V1 = gm([0.8e0, +9.1e0, 0.4e0], [0.0e1, -9.9e1, 8.4e0], [3.0e1, +9.9e0, 0.2e1]);
V2 = +V1;
V2 = V2 + gm([1.6e1, +5.0e0, 2.9e0]);
V3 = -4.3e0;
V3 = V3 + gm([5.6e1, +9.7e0, 2.8e0], [5.2e1, +9.1e0, 3.0e0]);

Pre-processed Program
:F = gm([0.025974, 0.000000, 0.974026], [9.1, -99, 9.9], [0.4, 8.4, 2]);T = F;T = T + gm([1.000000], [5], [2.9]);W = 0;W = W - 4.3;W = W + gm([0.518519, 0.481481], [9.7, 9.1], [2.8, 3]);Genotype:
[28, 319, 351, 226, 273, 363, 70, 140, 348, 282, 0, 66, 329, 381, 276, 197, 110, 224, 258, 41, 167, 40, 230, 475, 298, 35, 339, 109, 317, 352, 358, 314, 194, 140, 114, 213, 300, 219, 111, 32, 279, 449, 340, 162, 50, 432, 413, 374, 396, 72, 190, 250, 102, 112, 450, 130, 445, 211, 306, 171, 441, 382, 35, 330, 474, 474, 252, 229, 290, 476, 436, 296, 413, 152, 85, 24, 403, 36, 474, 57, 273, 70, 335, 46, 121, 90, 90, 49, 237, 418, 61, 482, 478, 148, 42, 164, 95, 102, 171, 308]
Tree:
None
Fitness on 5000 data:
-55.3105733601356

Fitness:
-55.3105733601356