Generation:
1198

Phenotype:
2
V1 = gm([0.0e0, +6.0e0, 5.0e0], [0.0e1, -7.9e1, 0.1e1], [2.1e1, +9.9e0, 0.2e1]);
V2 = +V1;
V2 = V2 + gm([0.7e1, +5.0e0, 0.3e1]);
V3 = -4.5e0;
V3 = V3 + uniform([+5.1e0, 0.9e1], 2);

Pre-processed Program
:F = gm([0.000000, 0.000000, 1.000000], [6, -79, 9.9], [5, 1, 2]);T = F;T = T + gm([1.000000], [5], [3]);W = 0;W = W - 4.5;W = W + uniform([5.100000, 14.100000], 2);Genotype:
[179, 205, 319, 336, 219, 173, 417, 390, 200, 352, 438, 146, 326, 140, 12, 485, 385, 60, 344, 473, 167, 430, 230, 283, 78, 99, 207, 59, 461, 290, 160, 11, 95, 88, 100, 422, 161, 219, 492, 464, 279, 449, 340, 374, 50, 432, 183, 89, 136, 154, 164, 4, 457, 62, 398, 154, 58, 420, 267, 295, 251, 158, 35, 330, 426, 34, 400, 383, 357, 300, 132, 166, 429, 225, 151, 24, 455, 362, 163, 5, 39, 70, 335, 81, 330, 365, 90, 139, 237, 20, 61, 357, 202, 324, 99, 232, 95, 223, 171, 70]
Tree:
None
Fitness on 5000 data:
-54.78903347568743

Fitness:
-54.78903347568743