Generation:
398

Phenotype:
2
V1 = gm([0.2e0, +8.0e0, 2.2e0], [0.0e0, +6.1e1, 4.0e0], [7.3e1, +9.9e0, 0.2e1]);
V2 = +V1;
V2 = V2 + gm([6.0e0, +5.2e0, 2.9e0]);
V3 = -4.3e0;
V3 = V3 + gm([4.0e1, +9.7e0, 2.8e0], [7.7e1, +9.4e0, 3.1e0]);

Pre-processed Program
:F = gm([0.002732, 0.000000, 0.997268], [8, 61, 9.9], [2.2, 4, 2]);T = F;T = T + gm([1.000000], [5.2], [2.9]);W = 0;W = W - 4.3;W = W + gm([0.341880, 0.658120], [9.7, 9.4], [2.8, 3.1]);Genotype:
[444, 319, 274, 426, 424, 193, 371, 140, 472, 8, 432, 60, 188, 200, 336, 94, 12, 72, 24, 233, 245, 120, 230, 104, 380, 444, 56, 471, 317, 40, 204, 330, 182, 398, 429, 297, 303, 309, 472, 392, 279, 449, 382, 9, 50, 402, 397, 491, 256, 160, 298, 158, 225, 378, 230, 56, 45, 16, 240, 292, 196, 336, 35, 222, 152, 267, 252, 229, 436, 43, 150, 296, 315, 304, 413, 264, 403, 452, 214, 57, 273, 206, 24, 130, 73, 252, 188, 49, 237, 418, 138, 482, 478, 318, 42, 407, 397, 407, 171, 482]
Tree:
None
Fitness on 5000 data:
-55.33963732877859

Fitness:
-55.33963732877859