Generation:
1500

Phenotype:
2
V1 = gm([0.0e0, +6.5e0, 5.0e1], [0.0e1, +3.9e1, 9.1e1], [2.2e1, +9.9e0, 0.2e1]);
V2 = +V1;
V2 = V2 + gm([7.5e1, +5.1e0, 3.2e0]);
V3 = -4.5e0;
V3 = V3 + uniform([+5.1e0, 0.9e1], 2);

Pre-processed Program
:F = gm([0.000000, 0.000000, 1.000000], [6.5, 39, 9.9], [50, 91, 2]);T = F;T = T + gm([1.000000], [5.1], [3.2]);W = 0;W = W - 4.5;W = W + uniform([5.100000, 14.100000], 2);Genotype:
[338, 205, 218, 336, 219, 403, 417, 290, 200, 460, 438, 4, 76, 25, 12, 485, 385, 60, 475, 473, 167, 430, 230, 283, 78, 82, 373, 59, 461, 290, 319, 11, 95, 88, 241, 422, 62, 219, 492, 464, 139, 449, 340, 34, 50, 432, 55, 35, 100, 154, 164, 286, 457, 70, 398, 188, 101, 237, 355, 157, 251, 158, 35, 11, 396, 425, 353, 412, 238, 300, 132, 166, 429, 315, 151, 24, 455, 482, 163, 26, 39, 70, 335, 81, 330, 365, 90, 139, 237, 20, 61, 357, 202, 324, 99, 232, 95, 223, 171, 70]
Tree:
None
Fitness on 5000 data:
-54.74169613923657

Fitness:
-54.74169613923657