Generation:
398

Phenotype:
1
V1 = uniform([+5.9e0, 8.0e0], 2);
V2 = +V1;
V2 = V2 + gm([0.3e1, -3.5e0, 0.5e1]);
V3 = +V1;
V3 = V3 + gm([0.7e1, +5.1e0, 3.2e0]);

Pre-processed Program
:F = uniform([5.900000, 13.900000], 2);W = F;W = W + gm([1.000000], [-3.5], [5]);T = F;T = T + gm([1.000000], [5.1], [3.2]);Genotype:
[215, 168, 494, 109, 419, 354, 98, 305, 259, 476, 212, 318, 280, 228, 196, 60, 408, 232, 370, 475, 94, 298, 186, 176, 20, 173, 99, 455, 383, 113, 25, 472, 227, 110, 205, 223, 137, 426, 86, 294, 308, 430, 36, 60, 376, 323, 90, 237, 197, 201, 334, 45, 251, 384, 416, 263, 342, 290, 203, 15, 28, 430, 442, 63, 20, 164, 332, 193, 110, 480, 220, 61, 288, 251, 145, 278, 131, 271, 486, 253, 280, 157, 317, 355, 485, 203, 352, 417, 397, 188, 438, 207, 0, 427, 341, 311, 27, 222, 256, 470, 34, 249, 390, 188, 223, 329, 482, 96, 399, 221, 60, 297, 205, 130, 383, 373, 333, 366, 363, 461, 346, 455, 412, 184, 361, 207, 159, 324, 17, 218, 410, 45, 336, 300, 346, 158, 331, 77, 346, 3, 387, 127, 410, 457, 135, 5, 171, 28, 388, 227, 22, 252, 73, 252, 369, 33, 228, 469]
Tree:
None
Fitness on 5000 data:
-60.76691756331506

Fitness:
-60.76691756331506