Generation:
798

Phenotype:
1
V1 = uniform([+6.3e0, 7.2e0], 2);
V2 = +V1;
V2 = V2 + gm([3.8e0, -3.5e0, 0.5e1]);
V3 = +V1 + +V2;
V3 = V3 + gm([2.8e0, -0.0e0, 1.0e0]);

Pre-processed Program
:F = uniform([6.300000, 13.500000], 2);W = F;W = W + gm([1.000000], [-3.5], [5]);T = F;T = T + W;T = T + gm([1.000000], [0], [1]);Genotype:
[256, 168, 405, 237, 157, 499, 260, 86, 303, 156, 170, 307, 112, 438, 349, 462, 170, 308, 82, 391, 94, 249, 196, 12, 283, 408, 332, 296, 469, 93, 305, 388, 60, 110, 205, 223, 2, 405, 456, 356, 248, 286, 144, 60, 354, 156, 34, 63, 180, 175, 160, 383, 232, 298, 128, 87, 375, 290, 410, 346, 25, 51, 60, 392, 156, 34, 499, 180, 470, 160, 383, 225, 389, 128, 110, 375, 290, 410, 387, 169, 51, 231, 280, 20, 164, 332, 193, 110, 480, 220, 61, 288, 251, 145, 278, 131, 271, 486, 253, 280, 157, 317, 355, 485, 203, 352, 417, 397, 188, 438, 207, 0, 427, 341, 311, 27, 222, 256, 470, 34, 249, 390, 188, 223, 329, 482, 96, 399, 221, 60, 297, 205, 130, 383, 373, 333, 366, 363, 461, 346, 455, 412, 184, 361, 207, 159, 324, 17, 218, 410, 45, 336, 300, 346, 158, 331, 77, 346, 3, 387, 127, 410, 457, 135, 5, 171, 28, 388, 227, 22, 252, 73, 252, 369, 33, 228, 469]
Tree:
None
Fitness on 5000 data:
-51.271744004860984

Fitness:
-51.271744004860984