Generation:
398

Phenotype:
3
V1 = gm([7.5e0, +4.9e0, 1.2e0]);
V2 = +V1;
V2 = V2 + gm([4.6e0, +0.5e1, 1.1e0]);
V3 = +V2 - -V2;
V3 = V3 + gm([5.0e1, -2.9e0, 3.8e0]);

Pre-processed Program
:C = gm([1.000000], [4.9], [1.2]);F = C;F = F + gm([1.000000], [5], [1.1]);T = F;T = T + F;T = T + gm([1.000000], [-2.9], [3.8]);Genotype:
[433, 266, 41, 10, 480, 132, 73, 227, 115, 60, 422, 178, 284, 169, 154, 143, 161, 402, 32, 8, 82, 48, 380, 452, 402, 298, 374, 306, 291, 304, 356, 16, 455, 324, 170, 325, 87, 344, 261, 81, 84, 72, 149, 192, 154, 132, 186, 343, 479, 56, 116, 133, 95, 2, 184, 240, 497, 445, 30, 481, 37, 15, 22, 169, 222, 442, 413, 218, 198, 21, 62, 77, 441, 184, 484, 416, 150, 147, 5, 441, 247, 484, 60, 150, 147, 18, 357, 94, 135, 14, 226, 480, 407, 5, 368, 219, 218, 55, 383, 199, 477, 12, 191, 255, 106, 254, 498, 446, 193, 470, 289, 198, 162, 344, 51, 226, 388, 40, 289, 217, 8, 481, 351, 90, 362, 396, 78, 142, 94]
Tree:
None
Fitness on 5000 data:
-5.853605194676215

Fitness:
-5.853605194676215