0	[-988.7294505811808, 0]
0	[-189.96455096089332, -2]
1	[-243.9599761995992, 0]
1	[-170.6956110534507, -2]
2	[-164.35709011121062, 0]
2	[-131.38670000743352, -2]
3	[-148.80566719332413, 0]
3	[-131.38670000743352, -2]
4	[-136.67731018959734, 0]
4	[-126.2947890006863, -1]
4	[-125.61481980980565, -2]
5	[-136.67731018959734, 0]
5	[-118.48157116544357, -1]
5	[-115.55148765898046, -3]
6	[-129.18491234715114, 0]
6	[-110.26521843952112, -1]
7	[-129.18491234715114, 0]
7	[-110.26521843952112, -1]
8	[-129.18491234715114, 0]
8	[-110.26521843952112, -1]
9	[-129.18491234715114, 0]
9	[-107.07992202674698, -1]
10	[-129.18491234715114, 0]
10	[-105.79689104077647, -1]
11	[-129.18491234715114, 0]
11	[-105.79689104077647, -1]
12	[-127.31957983025713, 0]
12	[-105.79689104077647, -1]
13	[-127.31957983025713, 0]
13	[-105.79689104077647, -1]
13	[-105.75332098089933, -2]
14	[-127.31957983025713, 0]
14	[-105.79689104077647, -1]
14	[-105.75332098089933, -2]
15	[-122.01538798776932, 0]
15	[-99.06795268571649, -1]
16	[-122.01538798776932, 0]
16	[-99.06334488241009, -1]
17	[-122.01538798776932, 0]
17	[-99.06334488241009, -1]
18	[-122.01538798776932, 0]
18	[-99.06334488241009, -1]
19	[-122.01538798776932, 0]
19	[-96.62580814988281, -1]
20	[-117.77829541318815, 0]
20	[-96.62580814988281, -1]
21	[-117.77829541318815, 0]
21	[-96.50479991962416, -1]
22	[-117.77829541318815, 0]
22	[-95.65960367207865, -1]
23	[-117.77829541318815, 0]
23	[-93.0500533566294, -1]
24	[-117.77829541318815, 0]
24	[-93.0500533566294, -1]
25	[-117.77829541318815, 0]
25	[-93.0500533566294, -1]
26	[-117.77829541318815, 0]
26	[-93.0500533566294, -1]
27	[-94.91897464983808, 0]
27	[-92.83547359066937, -1]
28	[-94.91897464983808, 0]
28	[-92.22394808328139, -1]
29	[-94.91897464983808, 0]
29	[-92.22394808328139, -1]
29	[-90.5808925117941, -2]
30	[-94.15378881690651, 0]
30	[-92.22394808328139, -1]
30	[-90.5808925117941, -2]
31	[-94.15378881690651, 0]
31	[-91.50889497607207, -1]
31	[-90.5808925117941, -2]
32	[-94.15378881690651, 0]
32	[-91.28793984497702, -1]
32	[-90.5808925117941, -2]
33	[-94.15378881690651, 0]
33	[-91.28793984497702, -1]
33	[-90.5808925117941, -2]
34	[-93.4387744256234, 0]
34	[-91.28793984497702, -1]
34	[-90.5808925117941, -2]
35	[-93.4350864991823, 0]
35	[-87.1129510254976, -1]
36	[-93.4350864991823, 0]
36	[-87.1129510254976, -1]
37	[-93.4350864991823, 0]
37	[-87.1129510254976, -1]
38	[-93.4350864991823, 0]
38	[-87.1129510254976, -1]
39	[-93.40373130100411, 0]
39	[-87.1129510254976, -1]
40	[-90.51605771806759, 0]
40	[-84.83869119456783, -1]
41	[-90.51605771806759, 0]
41	[-84.60014531045509, -1]
42	[-90.51605771806759, 0]
42	[-84.60014531045509, -1]
43	[-90.51605771806759, 0]
43	[-84.60014531045509, -1]
44	[-90.51605771806759, 0]
44	[-84.60014531045509, -1]
45	[-88.11540495310749, 0]
45	[-84.60014531045509, -1]
46	[-88.11540495310749, 0]
46	[-84.60014531045509, -1]
47	[-88.11540495310749, 0]
47	[-84.60014531045509, -1]
48	[-88.11540495310749, 0]
48	[-83.02555480191, -1]
49	[-85.79458727641733, 0]
49	[-83.02555480191, -1]
50	[-85.79458727641733, 0]
50	[-81.50140634365283, -1]
51	[-85.5564033112378, 0]
51	[-81.50140634365283, -1]
51	[-81.50140634365283, -1]
52	[-85.5564033112378, 0]
52	[-81.50140634365283, -1]
52	[-81.50140634365283, -1]
53	[-85.5564033112378, 0]
53	[-81.47925227306246, -1]
54	[-85.5564033112378, 0]
54	[-81.47925227306246, -1]
55	[-85.5564033112378, 0]
55	[-81.47925227306246, -1]
56	[-85.5564033112378, 0]
56	[-81.47925227306246, -1]
57	[-85.5564033112378, 0]
57	[-80.98792064393096, -1]
58	[-85.5564033112378, 0]
58	[-79.00475150576915, -1]
59	[-85.5564033112378, 0]
59	[-79.00475150576915, -1]
60	[-85.5564033112378, 0]
60	[-79.00475150576915, -1]
61	[-84.84692151921804, 0]
61	[-79.00475150576915, -1]
62	[-84.84692151921804, 0]
62	[-79.00475150576915, -1]
63	[-84.84692151921804, 0]
63	[-79.00475150576915, -1]
64	[-83.89703215328277, 0]
64	[-79.00475150576915, -1]
65	[-83.37003689065551, 0]
65	[-79.00475150576915, -1]
66	[-83.37003689065551, 0]
66	[-78.20703533394234, -1]
67	[-83.37003689065551, 0]
67	[-78.20703533394234, -1]
68	[-83.37003689065551, 0]
68	[-78.20703533394234, -1]
69	[-83.37003689065551, 0]
69	[-75.8306162092102, -1]
70	[-83.37003689065551, 0]
70	[-75.8306162092102, -1]
71	[-82.30515572477822, 0]
71	[-75.8306162092102, -1]
72	[-82.30515572477822, 0]
72	[-75.8306162092102, -1]
73	[-82.30515572477822, 0]
73	[-75.73374401704166, -1]
74	[-82.30515572477822, 0]
74	[-72.80043974414255, -1]
75	[-82.30515572477822, 0]
75	[-72.80043974414255, -1]
76	[-82.30515572477822, 0]
76	[-72.60199536485985, -1]
77	[-82.30515572477822, 0]
77	[-72.60199536485985, -1]
78	[-82.30515572477822, 0]
78	[-72.60199536485985, -1]
79	[-82.30515572477822, 0]
79	[-72.60199536485985, -1]
79	[-72.60199536485985, -1]
80	[-81.43032083934125, 0]
80	[-72.60199536485985, -1]
80	[-72.60199536485985, -1]
81	[-81.43032083934125, 0]
81	[-72.60199536485985, -1]
81	[-72.60199536485985, -1]
82	[-79.84615126050524, 0]
82	[-72.5900775911754, -1]
83	[-79.84615126050524, 0]
83	[-72.56841982120577, -1]
84	[-79.84615126050524, 0]
84	[-72.56841982120577, -1]
85	[-79.19344916547041, 0]
85	[-72.56841982120577, -1]
86	[-79.19344916547041, 0]
86	[-79.19344916547041, 0]
86	[-72.56327934839825, -1]
87	[-78.40329922884547, 0]
87	[-72.56327934839825, -1]
88	[-78.40329922884547, 0]
88	[-72.56327934839825, -1]
89	[-73.19159512216274, 0]
89	[-72.55652498569731, -1]
90	[-73.19159512216274, 0]
90	[-72.52463031751752, -1]
91	[-73.19159512216274, 0]
91	[-72.52463031751752, -1]
92	[-73.19159512216274, 0]
92	[-73.19159512216274, 0]
92	[-72.52463031751752, -1]
93	[-73.19159512216274, 0]
93	[-73.19159512216274, 0]
93	[-72.50076912726838, -1]
94	[-72.55811590671493, 0]
94	[-71.61571090053424, -1]
95	[-72.55811590671493, 0]
95	[-71.61571090053424, -1]
96	[-71.49995060556502, 0]
97	[-71.47384082396475, 0]
98	[-71.17357690661403, 0]
99	[-71.17357690661403, 0]
100	[-71.17357690661403, 0]
101	[-71.17357690661403, 0]
102	[-71.17357690661403, 0]
103	[-71.13673815594144, 0]
104	[-71.13673815594144, 0]
105	[-71.13673815594144, 0]
106	[-71.13673815594144, 0]
107	[-71.13673815594144, 0]
108	[-71.13673815594144, 0]
108	[-71.09151901956416, -1]
109	[-71.13673815594144, 0]
109	[-71.09151901956416, -1]
110	[-71.13673815594144, 0]
110	[-71.09151901956416, -1]
111	[-71.13673815594144, 0]
111	[-71.09151901956416, -1]
112	[-71.13673815594144, 0]
112	[-71.09151901956416, -1]
113	[-71.13673815594144, 0]
113	[-71.09151901956416, -1]
114	[-71.13673815594144, 0]
114	[-65.078245729978, -1]
115	[-71.13673815594144, 0]
115	[-65.078245729978, -1]
116	[-71.13673815594144, 0]
116	[-65.078245729978, -1]
117	[-68.62289344536754, 0]
117	[-65.078245729978, -1]
118	[-68.62289344536754, 0]
118	[-65.078245729978, -1]
119	[-68.62289344536754, 0]
119	[-65.078245729978, -1]
120	[-68.62289344536754, 0]
120	[-64.9943413559376, -1]
121	[-68.62289344536754, 0]
121	[-64.9943413559376, -1]
122	[-68.62289344536754, 0]
122	[-64.9943413559376, -1]
123	[-68.62289344536754, 0]
123	[-64.9943413559376, -1]
124	[-68.62289344536754, 0]
124	[-64.9943413559376, -1]
125	[-68.62289344536754, 0]
125	[-64.9943413559376, -1]
126	[-68.62289344536754, 0]
126	[-64.9943413559376, -1]
127	[-68.62289344536754, 0]
127	[-64.9943413559376, -1]
128	[-68.62289344536754, 0]
128	[-64.9943413559376, -1]
129	[-68.62289344536754, 0]
129	[-68.62289344536754, 0]
129	[-64.9943413559376, -1]
130	[-68.62289344536754, 0]
130	[-68.62289344536754, 0]
130	[-64.9943413559376, -1]
131	[-68.5769385989311, 0]
131	[-64.9943413559376, -1]
132	[-68.5769385989311, 0]
132	[-64.96963773726027, -1]
133	[-68.5769385989311, 0]
133	[-64.96963773726027, -1]
133	[-64.96963773726027, -1]
134	[-68.5769385989311, 0]
134	[-64.96963773726027, -1]
134	[-64.96963773726027, -1]
135	[-68.5769385989311, 0]
135	[-64.96963773726027, -1]
135	[-64.96963773726027, -1]
136	[-68.5769385989311, 0]
136	[-64.96963773726027, -1]
136	[-64.96963773726027, -1]
137	[-68.5769385989311, 0]
137	[-64.96963773726027, -1]
137	[-64.96963773726027, -1]
138	[-68.5769385989311, 0]
138	[-63.82505733894099, -1]
139	[-68.5769385989311, 0]
139	[-63.82505733894099, -1]
140	[-68.5769385989311, 0]
140	[-63.82505733894099, -1]
141	[-68.48836028299654, 0]
141	[-63.82505733894099, -1]
142	[-66.26715319340711, 0]
142	[-63.82505733894099, -1]
143	[-66.26715319340711, 0]
143	[-63.82505733894099, -1]
144	[-66.26715319340711, 0]
144	[-63.82505733894099, -1]
145	[-66.26715319340711, 0]
145	[-63.82505733894099, -1]
146	[-66.26715319340711, 0]
146	[-63.7547103674965, -1]
147	[-66.26715319340711, 0]
147	[-63.7547103674965, -1]
148	[-66.26715319340711, 0]
148	[-63.7547103674965, -1]
149	[-66.26715319340711, 0]
149	[-63.47077125424305, -1]
150	[-65.83143711008381, 0]
150	[-63.47077125424305, -1]
151	[-65.83143711008381, 0]
151	[-63.47077125424305, -1]
152	[-65.83143711008381, 0]
152	[-63.46082497478909, -1]
153	[-64.80287474116884, 0]
153	[-63.46082497478909, -1]
154	[-64.80287474116884, 0]
154	[-62.800533297889885, -1]
155	[-64.80287474116884, 0]
155	[-62.717995327654215, -1]
156	[-64.80287474116884, 0]
156	[-62.71152244909923, -1]
157	[-64.80287474116884, 0]
157	[-62.71152244909923, -1]
158	[-64.80287474116884, 0]
158	[-62.71152244909923, -1]
158	[-62.71152244909923, -1]
159	[-64.80287474116884, 0]
159	[-62.71152244909923, -1]
159	[-62.71152244909923, -1]
159	[-62.71152244909923, -1]
160	[-64.80287474116884, 0]
160	[-62.71152244909923, -1]
160	[-62.71152244909923, -1]
160	[-62.71152244909923, -1]
161	[-64.80287474116884, 0]
161	[-62.71152244909923, -1]
161	[-62.71152244909923, -1]
161	[-62.71152244909923, -1]
162	[-64.80287474116884, 0]
162	[-62.71152244909923, -1]
162	[-62.71152244909923, -1]
162	[-62.71152244909923, -1]
163	[-64.80287474116884, 0]
163	[-62.60760073178557, -1]
164	[-64.80287474116884, 0]
164	[-62.501569319729455, -1]
165	[-64.80287474116884, 0]
165	[-62.501569319729455, -1]
166	[-64.80287474116884, 0]
166	[-62.30787479936906, -1]
167	[-64.80287474116884, 0]
167	[-62.30787479936906, -1]
168	[-64.80287474116884, 0]
168	[-62.30787479936906, -1]
169	[-64.80287474116884, 0]
169	[-62.30787479936906, -1]
170	[-64.80287474116884, 0]
170	[-62.30787479936906, -1]
171	[-64.80287474116884, 0]
171	[-62.1688245186387, -1]
172	[-64.80287474116884, 0]
172	[-62.1688245186387, -1]
172	[-62.1688245186387, -1]
173	[-64.80287474116884, 0]
173	[-64.80287474116884, 0]
173	[-62.1688245186387, -1]
173	[-62.1688245186387, -1]
174	[-64.80287474116884, 0]
174	[-64.80287474116884, 0]
174	[-62.1688245186387, -1]
174	[-62.1688245186387, -1]
175	[-64.80287474116884, 0]
175	[-64.80287474116884, 0]
175	[-62.156130621989554, -1]
176	[-64.80287474116884, 0]
176	[-64.80287474116884, 0]
176	[-62.156130621989554, -1]
177	[-64.80085035026491, 0]
177	[-62.156130621989554, -1]
177	[-62.156130621989554, -1]
177	[-62.156130621989554, -1]
178	[-64.80085035026491, 0]
178	[-62.11650990496387, -1]
179	[-64.80085035026491, 0]
179	[-62.11650990496387, -1]
179	[-62.11650990496387, -1]
180	[-64.80085035026491, 0]
180	[-62.11650990496387, -1]
180	[-62.11650990496387, -1]
180	[-62.11650990496387, -1]
181	[-64.80085035026491, 0]
181	[-61.79215140972081, -1]
182	[-64.80085035026491, 0]
182	[-61.79215140972081, -1]
183	[-64.80085035026491, 0]
183	[-61.79215140972081, -1]
184	[-64.64435787518887, 0]
184	[-61.79215140972081, -1]
185	[-64.64435787518887, 0]
185	[-61.79215140972081, -1]
186	[-64.64435787518887, 0]
186	[-61.79215140972081, -1]
187	[-64.64435787518887, 0]
187	[-61.79215140972081, -1]
188	[-64.50025666876164, 0]
188	[-61.79215140972081, -1]
189	[-64.50025666876164, 0]
189	[-61.79215140972081, -1]
190	[-64.50025666876164, 0]
190	[-61.79215140972081, -1]
191	[-64.50025666876164, 0]
191	[-61.79215140972081, -1]
192	[-64.50025666876164, 0]
192	[-61.62969420475238, -1]
193	[-64.50025666876164, 0]
193	[-61.62969420475238, -1]
194	[-64.50025666876164, 0]
194	[-61.62969420475238, -1]
195	[-64.50025666876164, 0]
195	[-61.62969420475238, -1]
195	[-61.62969420475238, -1]
196	[-64.50025666876164, 0]
196	[-61.62969420475238, -1]
196	[-61.62969420475238, -1]
197	[-64.50025666876164, 0]
197	[-61.62969420475238, -1]
197	[-61.62969420475238, -1]
198	[-64.50025666876164, 0]
198	[-61.62969420475238, -1]
198	[-61.62969420475238, -1]
199	[-64.50025666876164, 0]
199	[-61.62969420475238, -1]
199	[-61.62969420475238, -1]
200	[-64.50025666876164, 0]
200	[-61.62969420475238, -1]
200	[-61.62969420475238, -1]
201	[-64.50025666876164, 0]
201	[-61.62969420475238, -1]
201	[-61.62969420475238, -1]
202	[-64.50025666876164, 0]
202	[-61.62969420475238, -1]
202	[-61.62969420475238, -1]
202	[-61.62969420475238, -1]
203	[-64.50025666876164, 0]
203	[-61.62969420475238, -1]
203	[-61.62969420475238, -1]
203	[-61.62969420475238, -1]
203	[-61.62969420475238, -1]
204	[-64.50025666876164, 0]
204	[-61.62969420475238, -1]
204	[-61.62969420475238, -1]
204	[-61.62969420475238, -1]
204	[-61.62969420475238, -1]
205	[-64.50025666876164, 0]
205	[-61.62969420475238, -1]
205	[-61.62969420475238, -1]
205	[-61.62969420475238, -1]
205	[-61.62969420475238, -1]
206	[-64.50025666876164, 0]
206	[-61.62969420475238, -1]
206	[-61.62969420475238, -1]
206	[-61.62969420475238, -1]
206	[-61.62969420475238, -1]
207	[-64.3639794092267, 0]
207	[-61.6181411190916, -1]
208	[-64.3639794092267, 0]
208	[-61.6181411190916, -1]
209	[-64.3639794092267, 0]
209	[-61.6181411190916, -1]
210	[-64.3639794092267, 0]
210	[-61.6181411190916, -1]
211	[-64.3639794092267, 0]
211	[-61.6181411190916, -1]
212	[-64.3639794092267, 0]
212	[-61.6181411190916, -1]
213	[-64.3639794092267, 0]
213	[-61.6181411190916, -1]
213	[-61.6181411190916, -1]
214	[-64.3639794092267, 0]
214	[-61.6181411190916, -1]
214	[-61.6181411190916, -1]
215	[-64.3639794092267, 0]
215	[-61.6181411190916, -1]
215	[-61.6181411190916, -1]
215	[-61.6181411190916, -1]
216	[-64.3639794092267, 0]
216	[-61.6181411190916, -1]
216	[-61.6181411190916, -1]
216	[-61.6181411190916, -1]
217	[-64.3639794092267, 0]
217	[-61.6181411190916, -1]
217	[-61.6181411190916, -1]
217	[-61.6181411190916, -1]
218	[-64.3639794092267, 0]
218	[-61.6181411190916, -1]
218	[-61.6181411190916, -1]
218	[-61.6181411190916, -1]
219	[-64.3639794092267, 0]
219	[-61.61190208950541, -1]
220	[-64.3639794092267, 0]
220	[-61.60744200364772, -1]
221	[-64.3639794092267, 0]
221	[-61.60744200364772, -1]
222	[-64.3639794092267, 0]
222	[-61.60744200364772, -1]
223	[-64.3639794092267, 0]
223	[-61.60744200364772, -1]
224	[-64.32814166701671, 0]
224	[-61.60744200364772, -1]
225	[-64.32814166701671, 0]
225	[-61.60744200364772, -1]
226	[-64.32814166701671, 0]
226	[-61.60744200364772, -1]
227	[-64.32814166701671, 0]
227	[-61.60744200364772, -1]
227	[-61.60744200364772, -1]
228	[-64.32814166701671, 0]
228	[-61.593640483289605, -1]
229	[-64.32814166701671, 0]
229	[-61.593640483289605, -1]
230	[-64.32814166701671, 0]
230	[-61.593640483289605, -1]
231	[-64.32814166701671, 0]
231	[-61.593640483289605, -1]
231	[-61.593640483289605, -1]
232	[-64.13546291613251, 0]
232	[-61.593640483289605, -1]
232	[-61.593640483289605, -1]
232	[-61.593640483289605, -1]
233	[-64.13546291613251, 0]
233	[-61.593640483289605, -1]
233	[-61.593640483289605, -1]
233	[-61.593640483289605, -1]
234	[-64.13546291613251, 0]
234	[-61.593640483289605, -1]
234	[-61.593640483289605, -1]
234	[-61.593640483289605, -1]
234	[-61.593640483289605, -1]
234	[-61.593640483289605, -1]
235	[-64.13546291613251, 0]
235	[-61.593640483289605, -1]
235	[-61.593640483289605, -1]
235	[-61.593640483289605, -1]
235	[-61.593640483289605, -1]
235	[-61.593640483289605, -1]
236	[-64.13546291613251, 0]
236	[-60.86463944666255, -1]
237	[-64.13546291613251, 0]
237	[-60.86463944666255, -1]
238	[-64.13546291613251, 0]
238	[-60.86463944666255, -1]
239	[-64.13546291613251, 0]
239	[-64.13546291613251, 0]
239	[-60.86463944666255, -1]
240	[-64.13546291613251, 0]
240	[-64.13546291613251, 0]
240	[-60.86463944666255, -1]
240	[-60.86463944666255, -1]
241	[-64.13546291613251, 0]
241	[-64.13546291613251, 0]
241	[-60.86463944666255, -1]
241	[-60.86463944666255, -1]
241	[-60.86463944666255, -1]
242	[-64.13546291613251, 0]
242	[-64.13546291613251, 0]
242	[-60.83575084833174, -1]
243	[-64.13546291613251, 0]
243	[-64.13546291613251, 0]
243	[-60.83575084833174, -1]
244	[-64.13546291613251, 0]
244	[-64.13546291613251, 0]
244	[-60.83575084833174, -1]
244	[-60.83575084833174, -1]
245	[-64.11331898532764, 0]
245	[-60.74384219587474, -1]
246	[-64.11331898532764, 0]
246	[-60.74384219587474, -1]
246	[-60.74384219587474, -1]
247	[-64.11331898532764, 0]
247	[-60.65986326175946, -1]
248	[-64.11331898532764, 0]
248	[-60.65986326175946, -1]
249	[-64.11331898532764, 0]
249	[-60.65986326175946, -1]
250	[-64.11331898532764, 0]
250	[-60.65986326175946, -1]
251	[-64.11331898532764, 0]
251	[-60.65986326175946, -1]
251	[-60.65986326175946, -1]
252	[-64.11331898532764, 0]
252	[-60.65986326175946, -1]
252	[-60.65986326175946, -1]
253	[-64.11331898532764, 0]
253	[-60.48220242844087, -1]
254	[-64.11331898532764, 0]
254	[-60.48220242844087, -1]
255	[-64.11331898532764, 0]
255	[-60.48220242844087, -1]
256	[-64.11331898532764, 0]
256	[-60.48220242844087, -1]
257	[-64.11331898532764, 0]
257	[-60.48220242844087, -1]
258	[-64.11331898532764, 0]
258	[-60.44595592704756, -1]
259	[-64.11331898532764, 0]
259	[-60.44595592704756, -1]
260	[-63.96356811537155, 0]
260	[-60.44595592704756, -1]
261	[-63.96356811537155, 0]
261	[-60.44595592704756, -1]
262	[-63.96356811537155, 0]
262	[-60.44595592704756, -1]
263	[-63.96356811537155, 0]
263	[-60.44595592704756, -1]
264	[-63.96356811537155, 0]
264	[-60.44595592704756, -1]
265	[-63.96356811537155, 0]
265	[-60.44595592704756, -1]
266	[-63.96356811537155, 0]
266	[-60.44595592704756, -1]
267	[-63.96356811537155, 0]
267	[-60.44595592704756, -1]
268	[-63.96356811537155, 0]
268	[-60.44595592704756, -1]
269	[-63.96356811537155, 0]
269	[-60.44595592704756, -1]
270	[-63.96356811537155, 0]
270	[-60.44595592704756, -1]
271	[-63.96356811537155, 0]
271	[-60.44595592704756, -1]
272	[-63.96356811537155, 0]
272	[-60.44595592704756, -1]
273	[-63.96356811537155, 0]
273	[-60.44595592704756, -1]
274	[-63.95370496000874, 0]
274	[-60.44595592704756, -1]
275	[-63.95370496000874, 0]
275	[-60.44595592704756, -1]
276	[-63.95370496000874, 0]
276	[-60.44595592704756, -1]
277	[-63.95370496000874, 0]
277	[-60.44595592704756, -1]
278	[-63.95370496000874, 0]
278	[-60.44595592704756, -1]
279	[-63.95370496000874, 0]
279	[-60.44595592704756, -1]
280	[-63.95370496000874, 0]
280	[-60.44595592704756, -1]
281	[-63.95370496000874, 0]
281	[-60.44595592704756, -1]
282	[-63.95370496000874, 0]
282	[-60.259333547333625, -1]
283	[-63.95370496000874, 0]
283	[-60.259333547333625, -1]
284	[-63.95370496000874, 0]
284	[-60.259333547333625, -1]
285	[-63.95370496000874, 0]
285	[-60.259333547333625, -1]
286	[-63.95370496000874, 0]
286	[-63.95370496000874, 0]
286	[-60.259333547333625, -1]
287	[-63.95370496000874, 0]
287	[-63.95370496000874, 0]
287	[-60.259333547333625, -1]
287	[-60.259333547333625, -1]
288	[-63.95370496000874, 0]
288	[-63.95370496000874, 0]
288	[-60.259333547333625, -1]
288	[-60.259333547333625, -1]
289	[-63.95370496000874, 0]
289	[-63.95370496000874, 0]
289	[-60.259333547333625, -1]
289	[-60.259333547333625, -1]
290	[-63.95370496000874, 0]
290	[-63.95370496000874, 0]
290	[-60.259333547333625, -1]
290	[-60.259333547333625, -1]
291	[-63.95370496000874, 0]
291	[-63.95370496000874, 0]
291	[-63.95370496000874, 0]
291	[-60.259333547333625, -1]
291	[-60.259333547333625, -1]
292	[-63.95370496000874, 0]
292	[-63.95370496000874, 0]
292	[-63.95370496000874, 0]
292	[-60.259333547333625, -1]
292	[-60.259333547333625, -1]
292	[-60.259333547333625, -1]
293	[-63.95370496000874, 0]
293	[-63.95370496000874, 0]
293	[-63.95370496000874, 0]
293	[-60.259333547333625, -1]
293	[-60.259333547333625, -1]
293	[-60.259333547333625, -1]
294	[-63.95370496000874, 0]
294	[-63.95370496000874, 0]
294	[-63.95370496000874, 0]
294	[-60.259333547333625, -1]
294	[-60.259333547333625, -1]
294	[-60.259333547333625, -1]
294	[-60.259333547333625, -1]
295	[-63.95370496000874, 0]
295	[-63.95370496000874, 0]
295	[-63.95370496000874, 0]
295	[-63.95370496000874, 0]
295	[-60.259333547333625, -1]
295	[-60.259333547333625, -1]
295	[-60.259333547333625, -1]
295	[-60.259333547333625, -1]
296	[-63.95370496000874, 0]
296	[-63.95370496000874, 0]
296	[-63.95370496000874, 0]
296	[-63.95370496000874, 0]
296	[-60.248826728575565, -1]
297	[-63.95370496000874, 0]
297	[-63.95370496000874, 0]
297	[-63.95370496000874, 0]
297	[-63.95370496000874, 0]
297	[-60.248826728575565, -1]
298	[-63.95370496000874, 0]
298	[-63.95370496000874, 0]
298	[-63.95370496000874, 0]
298	[-63.95370496000874, 0]
298	[-60.248826728575565, -1]
299	[-63.95370496000874, 0]
299	[-63.95370496000874, 0]
299	[-63.95370496000874, 0]
299	[-63.95370496000874, 0]
299	[-60.248826728575565, -1]
300	[-63.95370496000874, 0]
300	[-63.95370496000874, 0]
300	[-63.95370496000874, 0]
300	[-63.95370496000874, 0]
300	[-60.248826728575565, -1]
300	[-63.95370496000874, 0]
300	[-63.95370496000874, 0]
300	[-63.95370496000874, 0]
300	[-63.95370496000874, 0]
300	[-60.248826728575565, -1]
