generation median_fitness fitness_25perc fitness_75perc
1 -285.8363367716036 -285.8363367716036 -285.8363367716036
2 -285.81077658544785 -285.81077658544785 -285.81077658544785
3 -285.81077658544785 -285.81077658544785 -285.81077658544785
4 -285.81077658544785 -285.81077658544785 -285.81077658544785
5 -285.81077658544785 -285.81077658544785 -285.81077658544785
6 -285.81077658544785 -285.81077658544785 -285.81077658544785
7 -283.78826491091775 -283.78826491091775 -283.78826491091775
8 -281.9048225706701 -281.9048225706701 -281.9048225706701
9 -281.9048225706701 -281.9048225706701 -281.9048225706701
10 -279.1485874369414 -279.1485874369414 -279.1485874369414
11 -274.6574350914717 -274.6574350914717 -274.6574350914717
12 -273.8935254003895 -273.8935254003895 -273.8935254003895
13 -273.8935254003895 -273.8935254003895 -273.8935254003895
14 -269.6702189105293 -269.6702189105293 -269.6702189105293
15 -269.6702189105293 -269.6702189105293 -269.6702189105293
16 -261.1172760401917 -261.1172760401917 -261.1172760401917
17 -257.178568847661 -257.178568847661 -257.178568847661
18 -255.65621020152517 -255.65621020152517 -255.65621020152517
19 -242.71330422936572 -242.71330422936572 -242.71330422936572
20 -242.71330422936572 -242.71330422936572 -242.71330422936572
21 -242.71330422936572 -242.71330422936572 -242.71330422936572
22 -242.71330422936572 -242.71330422936572 -242.71330422936572
23 -234.58557086977595 -234.58557086977595 -234.58557086977595
24 -234.58557086977595 -234.58557086977595 -234.58557086977595
25 -221.5286076450554 -221.5286076450554 -221.5286076450554
26 -202.489224664029 -202.489224664029 -202.489224664029
27 -202.489224664029 -202.489224664029 -202.489224664029
28 -202.489224664029 -202.489224664029 -202.489224664029
29 -202.489224664029 -202.489224664029 -202.489224664029
30 -202.489224664029 -202.489224664029 -202.489224664029
31 -202.489224664029 -202.489224664029 -202.489224664029
32 -202.489224664029 -202.489224664029 -202.489224664029
33 -202.489224664029 -202.489224664029 -202.489224664029
34 -199.282337658731 -199.282337658731 -199.282337658731
35 -199.282337658731 -199.282337658731 -199.282337658731
36 -199.282337658731 -199.282337658731 -199.282337658731
37 -199.12242812675504 -199.12242812675504 -199.12242812675504
38 -199.12242812675504 -199.12242812675504 -199.12242812675504
39 -197.20886188698844 -197.20886188698844 -197.20886188698844
40 -197.20886188698844 -197.20886188698844 -197.20886188698844
41 -197.20886188698844 -197.20886188698844 -197.20886188698844
42 -195.80553228160602 -195.80553228160602 -195.80553228160602
43 -195.80553228160602 -195.80553228160602 -195.80553228160602
44 -195.80553228160602 -195.80553228160602 -195.80553228160602
45 -195.80553228160602 -195.80553228160602 -195.80553228160602
46 -195.80553228160602 -195.80553228160602 -195.80553228160602
47 -195.79921373532127 -195.79921373532127 -195.79921373532127
48 -195.67052158985064 -195.67052158985064 -195.67052158985064
49 -195.67052158985064 -195.67052158985064 -195.67052158985064
50 -195.67052158985064 -195.67052158985064 -195.67052158985064
51 -195.3125334910032 -195.3125334910032 -195.3125334910032
52 -195.3125334910032 -195.3125334910032 -195.3125334910032
53 -195.3125334910032 -195.3125334910032 -195.3125334910032
54 -195.02345484808845 -195.02345484808845 -195.02345484808845
55 -195.02345484808845 -195.02345484808845 -195.02345484808845
56 -194.9814274000112 -194.9814274000112 -194.9814274000112
57 -194.9814274000112 -194.9814274000112 -194.9814274000112
58 -194.9814274000112 -194.9814274000112 -194.9814274000112
59 -194.9814274000112 -194.9814274000112 -194.9814274000112
60 -194.9814274000112 -194.9814274000112 -194.9814274000112
61 -194.7912483317477 -194.7912483317477 -194.7912483317477
62 -194.7912483317477 -194.7912483317477 -194.7912483317477
63 -194.7912483317477 -194.7912483317477 -194.7912483317477
64 -194.7912483317477 -194.7912483317477 -194.7912483317477
65 -194.73302264720763 -194.73302264720763 -194.73302264720763
66 -194.73302264720763 -194.73302264720763 -194.73302264720763
67 -194.73302264720763 -194.73302264720763 -194.73302264720763
68 -194.62332222080062 -194.62332222080062 -194.62332222080062
69 -194.62332222080062 -194.62332222080062 -194.62332222080062
70 -194.62332222080062 -194.62332222080062 -194.62332222080062
71 -194.60034983335464 -194.60034983335464 -194.60034983335464
72 -194.60034983335464 -194.60034983335464 -194.60034983335464
73 -194.60034983335464 -194.60034983335464 -194.60034983335464
74 -194.58202231862887 -194.58202231862887 -194.58202231862887
75 -194.58202231862887 -194.58202231862887 -194.58202231862887
76 -194.57021988119263 -194.57021988119263 -194.57021988119263
77 -194.57021988119263 -194.57021988119263 -194.57021988119263
78 -194.57021988119263 -194.57021988119263 -194.57021988119263
79 -194.32322524330945 -194.32322524330945 -194.32322524330945
80 -194.32322524330945 -194.32322524330945 -194.32322524330945
81 -194.32322524330945 -194.32322524330945 -194.32322524330945
82 -194.32322524330945 -194.32322524330945 -194.32322524330945
83 -194.32322524330945 -194.32322524330945 -194.32322524330945
84 -194.32322524330945 -194.32322524330945 -194.32322524330945
85 -194.32322524330945 -194.32322524330945 -194.32322524330945
86 -194.32322524330945 -194.32322524330945 -194.32322524330945
87 -194.32322524330945 -194.32322524330945 -194.32322524330945
88 -194.32322524330945 -194.32322524330945 -194.32322524330945
89 -194.2272309668211 -194.2272309668211 -194.2272309668211
90 -194.2272309668211 -194.2272309668211 -194.2272309668211
91 -194.2272309668211 -194.2272309668211 -194.2272309668211
92 -194.2272309668211 -194.2272309668211 -194.2272309668211
93 -194.2272309668211 -194.2272309668211 -194.2272309668211
94 -194.2272309668211 -194.2272309668211 -194.2272309668211
95 -194.20636130350061 -194.20636130350061 -194.20636130350061
96 -194.20636130350061 -194.20636130350061 -194.20636130350061
97 -194.20636130350061 -194.20636130350061 -194.20636130350061
98 -194.16803415988878 -194.16803415988878 -194.16803415988878
99 -194.16803415988878 -194.16803415988878 -194.16803415988878
100 -194.16803415988878 -194.16803415988878 -194.16803415988878
101 -194.15937484422554 -194.15937484422554 -194.15937484422554
102 -194.15937484422554 -194.15937484422554 -194.15937484422554
103 -194.15937484422554 -194.15937484422554 -194.15937484422554
104 -194.15937484422554 -194.15937484422554 -194.15937484422554
105 -194.15937484422554 -194.15937484422554 -194.15937484422554
106 -194.15937484422554 -194.15937484422554 -194.15937484422554
107 -194.15937484422554 -194.15937484422554 -194.15937484422554
108 -194.15937484422554 -194.15937484422554 -194.15937484422554
109 -194.15937484422554 -194.15937484422554 -194.15937484422554
110 -193.95140030020355 -193.95140030020355 -193.95140030020355
111 -193.95140030020355 -193.95140030020355 -193.95140030020355
112 -193.95140030020355 -193.95140030020355 -193.95140030020355
113 -193.95140030020355 -193.95140030020355 -193.95140030020355
114 -193.95140030020355 -193.95140030020355 -193.95140030020355
115 -193.95140030020355 -193.95140030020355 -193.95140030020355
116 -193.95140030020355 -193.95140030020355 -193.95140030020355
117 -193.95140030020355 -193.95140030020355 -193.95140030020355
118 -193.95140030020355 -193.95140030020355 -193.95140030020355
119 -193.95140030020355 -193.95140030020355 -193.95140030020355
120 -193.95140030020355 -193.95140030020355 -193.95140030020355
121 -193.95140030020355 -193.95140030020355 -193.95140030020355
122 -193.95140030020355 -193.95140030020355 -193.95140030020355
123 -193.95140030020355 -193.95140030020355 -193.95140030020355
124 -193.94370811498115 -193.94370811498115 -193.94370811498115
125 -193.94370811498115 -193.94370811498115 -193.94370811498115
126 -193.94370811498115 -193.94370811498115 -193.94370811498115
127 -193.94370811498115 -193.94370811498115 -193.94370811498115
128 -193.94370811498115 -193.94370811498115 -193.94370811498115
129 -193.94370811498115 -193.94370811498115 -193.94370811498115
130 -189.02862863077175 -189.02862863077175 -189.02862863077175
131 -189.02862863077175 -189.02862863077175 -189.02862863077175
132 -179.13339927592844 -179.13339927592844 -179.13339927592844
133 -157.90063438449246 -157.90063438449246 -157.90063438449246
134 -157.90063438449246 -157.90063438449246 -157.90063438449246
135 -157.90063438449246 -157.90063438449246 -157.90063438449246
136 -157.90063438449246 -157.90063438449246 -157.90063438449246
137 -157.90063438449246 -157.90063438449246 -157.90063438449246
138 -157.90063438449246 -157.90063438449246 -157.90063438449246
139 -157.90063438449246 -157.90063438449246 -157.90063438449246
140 -157.90063438449246 -157.90063438449246 -157.90063438449246
141 -157.90063438449246 -157.90063438449246 -157.90063438449246
142 -151.97947048630488 -151.97947048630488 -151.97947048630488
143 -151.97947048630488 -151.97947048630488 -151.97947048630488
144 -151.97947048630488 -151.97947048630488 -151.97947048630488
145 -151.97947048630488 -151.97947048630488 -151.97947048630488
146 -151.97947048630488 -151.97947048630488 -151.97947048630488
147 -151.74656972992602 -151.74656972992602 -151.74656972992602
148 -151.74656972992602 -151.74656972992602 -151.74656972992602
149 -151.37316470739776 -151.37316470739776 -151.37316470739776
150 -151.37316470739776 -151.37316470739776 -151.37316470739776
151 -151.33457873203875 -151.33457873203875 -151.33457873203875
152 -150.9793837623054 -150.9793837623054 -150.9793837623054
153 -150.9793837623054 -150.9793837623054 -150.9793837623054
154 -150.9793837623054 -150.9793837623054 -150.9793837623054
155 -150.9793837623054 -150.9793837623054 -150.9793837623054
156 -150.9793837623054 -150.9793837623054 -150.9793837623054
157 -150.9793837623054 -150.9793837623054 -150.9793837623054
158 -150.9793837623054 -150.9793837623054 -150.9793837623054
159 -150.96011671465195 -150.96011671465195 -150.96011671465195
160 -150.96011671465195 -150.96011671465195 -150.96011671465195
161 -149.97341996525753 -149.97341996525753 -149.97341996525753
162 -149.97341996525753 -149.97341996525753 -149.97341996525753
163 -146.8519909749316 -146.8519909749316 -146.8519909749316
164 -146.8519909749316 -146.8519909749316 -146.8519909749316
165 -146.8519909749316 -146.8519909749316 -146.8519909749316
166 -146.8519909749316 -146.8519909749316 -146.8519909749316
167 -146.8519909749316 -146.8519909749316 -146.8519909749316
168 -146.8519909749316 -146.8519909749316 -146.8519909749316
169 -146.8519909749316 -146.8519909749316 -146.8519909749316
170 -146.8519909749316 -146.8519909749316 -146.8519909749316
171 -146.8519909749316 -146.8519909749316 -146.8519909749316
172 -146.8519909749316 -146.8519909749316 -146.8519909749316
173 -146.8519909749316 -146.8519909749316 -146.8519909749316
174 -146.8519909749316 -146.8519909749316 -146.8519909749316
175 -146.8519909749316 -146.8519909749316 -146.8519909749316
176 -146.8519909749316 -146.8519909749316 -146.8519909749316
177 -146.8519909749316 -146.8519909749316 -146.8519909749316
178 -146.05270098020344 -146.05270098020344 -146.05270098020344
179 -146.05270098020344 -146.05270098020344 -146.05270098020344
180 -146.05270098020344 -146.05270098020344 -146.05270098020344
181 -146.05270098020344 -146.05270098020344 -146.05270098020344
182 -146.05270098020344 -146.05270098020344 -146.05270098020344
183 -146.05270098020344 -146.05270098020344 -146.05270098020344
184 -146.05270098020344 -146.05270098020344 -146.05270098020344
185 -146.05270098020344 -146.05270098020344 -146.05270098020344
186 -146.05270098020344 -146.05270098020344 -146.05270098020344
187 -145.3463886440088 -145.3463886440088 -145.3463886440088
188 -143.9453996470085 -143.9453996470085 -143.9453996470085
189 -143.9453996470085 -143.9453996470085 -143.9453996470085
190 -143.9453996470085 -143.9453996470085 -143.9453996470085
191 -143.9453996470085 -143.9453996470085 -143.9453996470085
192 -143.9453996470085 -143.9453996470085 -143.9453996470085
193 -143.9453996470085 -143.9453996470085 -143.9453996470085
194 -143.9453996470085 -143.9453996470085 -143.9453996470085
195 -143.8875085881645 -143.8875085881645 -143.8875085881645
196 -143.8875085881645 -143.8875085881645 -143.8875085881645
197 -143.8875085881645 -143.8875085881645 -143.8875085881645
198 -143.8875085881645 -143.8875085881645 -143.8875085881645
199 -143.71639293764713 -143.71639293764713 -143.71639293764713
200 -143.67516476410353 -143.67516476410353 -143.67516476410353
201 -143.67516476410353 -143.67516476410353 -143.67516476410353
202 -143.67516476410353 -143.67516476410353 -143.67516476410353
203 -143.67516476410353 -143.67516476410353 -143.67516476410353
204 -143.67516476410353 -143.67516476410353 -143.67516476410353
205 -143.67516476410353 -143.67516476410353 -143.67516476410353
206 -143.67516476410353 -143.67516476410353 -143.67516476410353
207 -142.74959552005024 -142.74959552005024 -142.74959552005024
208 -142.53602176966183 -142.53602176966183 -142.53602176966183
209 -142.53602176966183 -142.53602176966183 -142.53602176966183
210 -142.53602176966183 -142.53602176966183 -142.53602176966183
211 -142.53602176966183 -142.53602176966183 -142.53602176966183
212 -142.53602176966183 -142.53602176966183 -142.53602176966183
213 -141.87441693345562 -141.87441693345562 -141.87441693345562
214 -141.87441693345562 -141.87441693345562 -141.87441693345562
215 -141.84004726581634 -141.84004726581634 -141.84004726581634
216 -141.84004726581634 -141.84004726581634 -141.84004726581634
217 -141.84004726581634 -141.84004726581634 -141.84004726581634
218 -141.5723567021595 -141.5723567021595 -141.5723567021595
219 -141.5723567021595 -141.5723567021595 -141.5723567021595
220 -141.5723567021595 -141.5723567021595 -141.5723567021595
221 -141.5723567021595 -141.5723567021595 -141.5723567021595
222 -141.5723567021595 -141.5723567021595 -141.5723567021595
223 -141.5723567021595 -141.5723567021595 -141.5723567021595
224 -141.5723567021595 -141.5723567021595 -141.5723567021595
225 -141.5723567021595 -141.5723567021595 -141.5723567021595
226 -141.5723567021595 -141.5723567021595 -141.5723567021595
227 -141.5723567021595 -141.5723567021595 -141.5723567021595
228 -141.5723567021595 -141.5723567021595 -141.5723567021595
229 -141.5723567021595 -141.5723567021595 -141.5723567021595
230 -141.5723567021595 -141.5723567021595 -141.5723567021595
231 -141.5723567021595 -141.5723567021595 -141.5723567021595
232 -141.50007918208763 -141.50007918208763 -141.50007918208763
233 -141.50007918208763 -141.50007918208763 -141.50007918208763
234 -141.50007918208763 -141.50007918208763 -141.50007918208763
235 -141.50007918208763 -141.50007918208763 -141.50007918208763
236 -141.50007918208763 -141.50007918208763 -141.50007918208763
237 -141.50007918208763 -141.50007918208763 -141.50007918208763
238 -141.50007918208763 -141.50007918208763 -141.50007918208763
239 -141.50007918208763 -141.50007918208763 -141.50007918208763
240 -141.50007918208763 -141.50007918208763 -141.50007918208763
241 -140.01134910024908 -140.01134910024908 -140.01134910024908
242 -140.01134910024908 -140.01134910024908 -140.01134910024908
243 -140.01134910024908 -140.01134910024908 -140.01134910024908
244 -140.01134910024908 -140.01134910024908 -140.01134910024908
245 -140.01134910024908 -140.01134910024908 -140.01134910024908
246 -140.01134910024908 -140.01134910024908 -140.01134910024908
247 -140.01134910024908 -140.01134910024908 -140.01134910024908
248 -140.01134910024908 -140.01134910024908 -140.01134910024908
249 -140.01134910024908 -140.01134910024908 -140.01134910024908
250 -140.01134910024908 -140.01134910024908 -140.01134910024908
251 -140.01134910024908 -140.01134910024908 -140.01134910024908
252 -140.01134910024908 -140.01134910024908 -140.01134910024908
253 -140.01134910024908 -140.01134910024908 -140.01134910024908
254 -140.01134910024908 -140.01134910024908 -140.01134910024908
255 -140.01134910024908 -140.01134910024908 -140.01134910024908
256 -140.01134910024908 -140.01134910024908 -140.01134910024908
257 -140.01134910024908 -140.01134910024908 -140.01134910024908
258 -139.65988065737895 -139.65988065737895 -139.65988065737895
259 -139.65988065737895 -139.65988065737895 -139.65988065737895
260 -139.65988065737895 -139.65988065737895 -139.65988065737895
261 -139.65988065737895 -139.65988065737895 -139.65988065737895
262 -139.65988065737895 -139.65988065737895 -139.65988065737895
263 -139.65988065737895 -139.65988065737895 -139.65988065737895
264 -139.65988065737895 -139.65988065737895 -139.65988065737895
265 -139.65988065737895 -139.65988065737895 -139.65988065737895
266 -139.65988065737895 -139.65988065737895 -139.65988065737895
267 -139.65988065737895 -139.65988065737895 -139.65988065737895
268 -139.65988065737895 -139.65988065737895 -139.65988065737895
269 -139.65988065737895 -139.65988065737895 -139.65988065737895
270 -139.65988065737895 -139.65988065737895 -139.65988065737895
271 -139.65988065737895 -139.65988065737895 -139.65988065737895
272 -139.65988065737895 -139.65988065737895 -139.65988065737895
273 -139.65988065737895 -139.65988065737895 -139.65988065737895
274 -139.5928666773476 -139.5928666773476 -139.5928666773476
275 -139.5928666773476 -139.5928666773476 -139.5928666773476
276 -139.5928666773476 -139.5928666773476 -139.5928666773476
277 -139.5928666773476 -139.5928666773476 -139.5928666773476
278 -139.5928666773476 -139.5928666773476 -139.5928666773476
279 -139.5928666773476 -139.5928666773476 -139.5928666773476
280 -139.5928666773476 -139.5928666773476 -139.5928666773476
281 -139.5928666773476 -139.5928666773476 -139.5928666773476
282 -139.5928666773476 -139.5928666773476 -139.5928666773476
283 -139.56135179822812 -139.56135179822812 -139.56135179822812
284 -139.56135179822812 -139.56135179822812 -139.56135179822812
285 -139.56135179822812 -139.56135179822812 -139.56135179822812
286 -139.56135179822812 -139.56135179822812 -139.56135179822812
287 -139.56135179822812 -139.56135179822812 -139.56135179822812
288 -139.56135179822812 -139.56135179822812 -139.56135179822812
289 -139.56135179822812 -139.56135179822812 -139.56135179822812
290 -139.56135179822812 -139.56135179822812 -139.56135179822812
291 -139.56135179822812 -139.56135179822812 -139.56135179822812
292 -139.56135179822812 -139.56135179822812 -139.56135179822812
293 -139.56135179822812 -139.56135179822812 -139.56135179822812
294 -139.56135179822812 -139.56135179822812 -139.56135179822812
295 -139.56135179822812 -139.56135179822812 -139.56135179822812
296 -139.56135179822812 -139.56135179822812 -139.56135179822812
297 -139.5113933184514 -139.5113933184514 -139.5113933184514
298 -139.5113933184514 -139.5113933184514 -139.5113933184514
299 -139.5113933184514 -139.5113933184514 -139.5113933184514
300 -139.5113933184514 -139.5113933184514 -139.5113933184514
