0	[-183.34017385779026, -1]
1	[-150.09332576380547, -1]
2	[-243.73905555787286, 0]
2	[-150.09332576380547, -1]
2	[-126.60237407585373, -3]
3	[-155.37980158447854, 0]
3	[-150.09332576380547, -1]
3	[-136.784180779416, -2]
3	[-126.60237407585373, -3]
4	[-155.37980158447854, 0]
4	[-134.5914798472848, -1]
4	[-133.44601467839064, -2]
4	[-126.60237407585373, -3]
5	[-155.37980158447854, 0]
5	[-134.5914798472848, -1]
5	[-124.68442721525331, -2]
6	[-155.37980158447854, 0]
6	[-132.02947060069488, -1]
6	[-124.68442721525331, -2]
7	[-121.94998950663717, 0]
7	[-115.39919514395476, -2]
8	[-108.21860705081488, 0]
9	[-104.97637870516222, 0]
10	[-96.8795306229109, 0]
10	[-96.69611853607579, -2]
11	[-96.8795306229109, 0]
11	[-96.69611853607579, -2]
12	[-96.8795306229109, 0]
12	[-96.69611853607579, -2]
13	[-96.8795306229109, 0]
13	[-96.69611853607579, -2]
14	[-96.79350855821987, 0]
14	[-96.69611853607579, -2]
15	[-96.79350855821987, 0]
15	[-96.69611853607579, -2]
16	[-96.79350855821987, 0]
16	[-96.69611853607579, -2]
17	[-95.23892645446102, 0]
17	[-95.18418339003506, -2]
18	[-94.22412330220298, 0]
19	[-92.86064044636538, 0]
20	[-92.5868042658255, 0]
21	[-92.36804043190989, 0]
22	[-92.36804043190989, 0]
23	[-92.36804043190989, 0]
24	[-92.2102316566737, 0]
25	[-92.1392241999534, 0]
26	[-90.14842354423584, 0]
27	[-90.14842354423584, 0]
28	[-89.96124909514454, 0]
29	[-84.07621036187993, 0]
30	[-84.07621036187993, 0]
31	[-84.07621036187993, 0]
32	[-84.07621036187993, 0]
33	[-82.33854809618367, 0]
34	[-82.33854809618367, 0]
35	[-82.33854809618367, 0]
36	[-82.33854809618367, 0]
37	[-82.33854809618367, 0]
38	[-82.33854809618367, 0]
39	[-82.33854809618367, 0]
39	[-82.33854809618367, 0]
40	[-80.29077670471945, 0]
41	[-80.29077670471945, 0]
42	[-80.12540780335976, 0]
43	[-80.12540780335976, 0]
44	[-80.12540780335976, 0]
45	[-80.12540780335976, 0]
46	[-78.50624464052737, 0]
47	[-78.50624464052737, 0]
48	[-78.50624464052737, 0]
49	[-78.50624464052737, 0]
50	[-78.50118616285593, 0]
51	[-77.31644585898243, 0]
52	[-76.4345366389676, 0]
53	[-76.4345366389676, 0]
54	[-76.4345366389676, 0]
55	[-75.35000230672536, 0]
56	[-75.35000230672536, 0]
57	[-75.35000230672536, 0]
58	[-75.35000230672536, 0]
59	[-75.35000230672536, 0]
60	[-74.26686759120172, 0]
61	[-74.20739243747606, 0]
62	[-74.20739243747606, 0]
63	[-74.20739243747606, 0]
64	[-74.20739243747606, 0]
65	[-74.20739243747606, 0]
66	[-74.20739243747606, 0]
67	[-74.20739243747606, 0]
68	[-74.20739243747606, 0]
69	[-74.20739243747606, 0]
70	[-74.20739243747606, 0]
71	[-74.20739243747606, 0]
72	[-74.20739243747606, 0]
73	[-74.20739243747606, 0]
74	[-74.20739243747606, 0]
75	[-74.20739243747606, 0]
76	[-74.20739243747606, 0]
77	[-74.20739243747606, 0]
78	[-73.78489446317988, 0]
79	[-73.78489446317988, 0]
80	[-73.78489446317988, 0]
81	[-73.73292025444363, 0]
82	[-73.73292025444363, 0]
83	[-73.73292025444363, 0]
84	[-73.73292025444363, 0]
85	[-73.73292025444363, 0]
86	[-73.73292025444363, 0]
87	[-73.73292025444363, 0]
88	[-73.73292025444363, 0]
89	[-73.73292025444363, 0]
90	[-73.73292025444363, 0]
91	[-73.73292025444363, 0]
92	[-73.73292025444363, 0]
93	[-73.73292025444363, 0]
94	[-73.73292025444363, 0]
95	[-73.73292025444363, 0]
96	[-73.73292025444363, 0]
97	[-73.73292025444363, 0]
98	[-73.73292025444363, 0]
99	[-73.73292025444363, 0]
100	[-73.73292025444363, 0]
101	[-73.66601459329202, 0]
102	[-73.66601459329202, 0]
103	[-71.64764748234013, 0]
104	[-71.64764748234013, 0]
105	[-71.64764748234013, 0]
106	[-71.64764748234013, 0]
107	[-71.63242030811647, 0]
108	[-71.63242030811647, 0]
109	[-71.63242030811647, 0]
110	[-71.63242030811647, 0]
111	[-71.63242030811647, 0]
112	[-71.63242030811647, 0]
113	[-71.63242030811647, 0]
114	[-70.99982844914746, 0]
115	[-70.99982844914746, 0]
116	[-70.99982844914746, 0]
117	[-70.99982844914746, 0]
118	[-70.99982844914746, 0]
119	[-70.66761554912856, 0]
120	[-70.66761554912856, 0]
121	[-70.66761554912856, 0]
122	[-70.66761554912856, 0]
123	[-70.66761554912856, 0]
124	[-70.66761554912856, 0]
125	[-70.65326453419752, 0]
126	[-70.65326453419752, 0]
127	[-70.65326453419752, 0]
128	[-70.65326453419752, 0]
129	[-70.65326453419752, 0]
130	[-70.65326453419752, 0]
131	[-70.65326453419752, 0]
132	[-70.65326453419752, 0]
133	[-70.65326453419752, 0]
134	[-70.65326453419752, 0]
135	[-70.13287695306252, 0]
136	[-67.68465899285846, 0]
137	[-67.68465899285846, 0]
138	[-67.68465899285846, 0]
139	[-67.68465899285846, 0]
140	[-67.68465899285846, 0]
141	[-67.68465899285846, 0]
142	[-67.68465899285846, 0]
143	[-67.68465899285846, 0]
144	[-67.68465899285846, 0]
145	[-67.68465899285846, 0]
146	[-67.68465899285846, 0]
147	[-67.68465899285846, 0]
148	[-67.68465899285846, 0]
149	[-67.68465899285846, 0]
150	[-67.68465899285846, 0]
151	[-67.68465899285846, 0]
152	[-67.68465899285846, 0]
153	[-67.68465899285846, 0]
154	[-67.62615010394215, 0]
155	[-67.62615010394215, 0]
156	[-67.62615010394215, 0]
157	[-67.62615010394215, 0]
158	[-67.62615010394215, 0]
159	[-67.57245539772583, 0]
160	[-67.57245539772583, 0]
161	[-67.57245539772583, 0]
162	[-67.57245539772583, 0]
163	[-67.57245539772583, 0]
164	[-67.57245539772583, 0]
165	[-67.57245539772583, 0]
166	[-67.57245539772583, 0]
167	[-67.41369846236043, 0]
168	[-67.41369846236043, 0]
169	[-67.41369846236043, 0]
170	[-67.41369846236043, 0]
171	[-67.41369846236043, 0]
172	[-67.41369846236043, 0]
173	[-67.41369846236043, 0]
174	[-67.18992104642614, 0]
175	[-67.18992104642614, 0]
176	[-67.18992104642614, 0]
177	[-67.18992104642614, 0]
178	[-67.18992104642614, 0]
179	[-67.13428713248842, 0]
180	[-67.13428713248842, 0]
181	[-67.13428713248842, 0]
182	[-67.13428713248842, 0]
183	[-67.13428713248842, 0]
184	[-67.13428713248842, 0]
185	[-67.13428713248842, 0]
186	[-67.13428713248842, 0]
187	[-67.13428713248842, 0]
188	[-67.13428713248842, 0]
189	[-67.13428713248842, 0]
190	[-67.13428713248842, 0]
191	[-67.13428713248842, 0]
192	[-67.13428713248842, 0]
193	[-67.13428713248842, 0]
194	[-67.13428713248842, 0]
195	[-67.13428713248842, 0]
196	[-67.13428713248842, 0]
197	[-67.13428713248842, 0]
198	[-67.12626637224923, 0]
199	[-67.12626637224923, 0]
200	[-67.12626637224923, 0]
201	[-67.12626637224923, 0]
202	[-67.12626637224923, 0]
203	[-67.12626637224923, 0]
204	[-67.12626637224923, 0]
