Generation:
398

Phenotype:
2
V1 = gm([1.7e0, +9.9e0, 2.0e0]);
V2 = +V1;
V2 = V2 + gm([9.7e1, +5.0e0, 3.0e0]);
V3 = +8.9e0;
V3 = V3 + gm([2.0e0, -4.0e0, 3.0e0]);

Pre-processed Program
:F = gm([1.000000], [9.9], [2]);T = F;T = T + gm([1.000000], [5], [3]);W = 8.9;W = W + gm([1.000000], [-4], [3]);Genotype:
[361, 385, 163, 0, 280, 58, 358, 41, 427, 180, 74, 486, 29, 39, 398, 469, 102, 200, 368, 204, 460, 460, 484, 190, 65, 478, 484, 20, 240, 29, 117, 87, 244, 256, 295, 80, 158, 206, 473, 50, 80, 221, 84, 458, 207, 475, 204, 248, 229, 272, 432, 295, 46, 256, 262, 360, 40, 214, 261, 474, 290, 152, 52, 3, 130, 430, 496, 412, 234, 490, 455, 413, 370, 360, 233, 226, 368, 100, 94, 25, 440, 404, 141, 234, 108, 38, 79, 259, 4, 399, 368, 243, 411, 416, 211, 309, 31, 28, 251, 168]
Tree:
None
Fitness on 5000 data:
-7.127347425183793

Fitness:
-7.127347425183793