Generation:
1198

Phenotype:
2
V1 = gm([0.9e0, +9.8e0, 2.0e0]);
V2 = +8.6e0 * +V1 + +7.1e1;
V2 = V2 + gm([9.0e0, -8.6e1, 1.0e1], [7.8e1, +9.9e1, 9.9e1], [5.5e1, -9.9e1, 4.2e1], [8.4e0, -7.7e1, 5.9e0], [1.0e0, +3.0e1, 3.4e1]);
V3 = +V1;
V3 = V3 + gm([2.1e1, +6.0e0, 5.0e0]);

Pre-processed Program
:F = gm([1.000000], [9.8], [2]);TEMP0 = 8.6 * F;P = TEMP0;P = P + 71;P = P + gm([0.059445, 0.515192, 0.363276, 0.055482, 0.006605], [-86, 99, -99, -77, 30], [10, 99, 42, 5.9, 34]);T = F;T = T + gm([1.000000], [6], [5]);Genotype:
[184, 31, 370, 482, 24, 122, 73, 270, 429, 176, 493, 274, 219, 58, 480, 120, 472, 190, 96, 346, 437, 180, 93, 442, 151, 173, 430, 198, 446, 310, 294, 410, 405, 50, 394, 455, 189, 52, 127, 391, 359, 86, 374, 465, 500, 119, 410, 298, 82, 399, 358, 296, 321, 130, 281, 250, 435, 43, 115, 477, 328, 41, 94, 182, 129, 209, 333, 382, 319, 239, 353, 149, 101, 285, 385, 491, 411, 435, 299, 49, 139, 46, 424, 412, 271, 317, 192, 328, 484, 212, 435, 169, 47, 257, 435, 314, 175, 479, 366, 402]
Tree:
None
Fitness on 5000 data:
-89.89503257755864

Fitness:
-89.89503257755864