Generation:
1500

Phenotype:
2
V1 = gm([0.0e0, +9.8e0, 2.0e0]);
V2 = +8.6e0 * +V1 + +7.2e1;
V2 = V2 + gm([7.0e0, -8.6e1, 1.0e1], [7.2e1, +9.9e1, 9.9e1], [5.3e1, -9.9e1, 4.2e1], [6.4e0, -7.8e1, 5.8e0], [1.0e0, +7.0e0, 9.4e1]);
V3 = +V1;
V3 = V3 + gm([2.7e0, +6.0e0, 5.0e0]);

Pre-processed Program
:F = gm([1.000000], [9.8], [2]);TEMP0 = 8.6 * F;P = TEMP0;P = P + 72;P = P + gm([0.050215, 0.516499, 0.380201, 0.045911, 0.007174], [-86, 99, -99, -78, 7], [10, 99, 42, 5.8, 94]);T = F;T = T + gm([1.000000], [6], [5]);Genotype:
[184, 31, 370, 482, 24, 122, 367, 270, 390, 176, 129, 274, 219, 58, 164, 184, 472, 190, 96, 346, 493, 180, 209, 132, 237, 360, 430, 198, 446, 310, 294, 410, 405, 50, 394, 185, 189, 52, 127, 472, 359, 18, 489, 465, 500, 427, 410, 242, 82, 231, 358, 296, 321, 130, 281, 250, 435, 43, 179, 477, 332, 41, 94, 182, 129, 209, 393, 489, 319, 239, 353, 115, 497, 285, 43, 491, 307, 435, 409, 49, 139, 46, 24, 412, 303, 317, 53, 36, 484, 212, 451, 169, 47, 118, 121, 314, 175, 118, 78, 402]
Tree:
None
Fitness on 5000 data:
-89.86423843193613

Fitness:
-89.86423843193613