Generation:
1500

Phenotype:
3
V1 = gm([0.9e0, +4.9e0, 1.5e0]);
V2 = -1.9e0;
V2 = V2 + gm([0.1e0, +0.5e1, 2.2e0], [7.1e1, +1.2e1, 1.9e0]);
V3 = +V2;
V3 = V3 + gm([7.1e0, -0.0e1, 0.1e1], [1.3e0, +4.6e0, 1.0e0], [1.6e1, +8.9e0, 2.1e0]);

Pre-processed Program
:C = gm([1.000000], [4.9], [1.5]);F = 0;F = F - 1.9;F = F + gm([0.001406, 0.998594], [5, 12], [2.2, 1.9]);T = F;T = T + gm([0.290984, 0.053279, 0.655738], [0, 4.6, 8.9], [1, 1, 2.1]);Genotype:
[180, 218, 109, 458, 263, 322, 41, 390, 9, 352, 338, 254, 184, 79, 154, 388, 431, 55, 398, 91, 480, 356, 319, 25, 161, 251, 359, 8, 244, 265, 145, 292, 50, 161, 444, 127, 190, 60, 155, 251, 335, 242, 352, 368, 16, 490, 407, 451, 279, 309, 26, 121, 402, 235, 30, 451, 129, 414, 240, 440, 248, 308, 150, 325, 418, 304, 281, 169, 427, 291, 402, 46, 13, 160, 200, 415, 157, 500, 441, 321, 243, 147, 331, 183, 272, 432, 160, 284, 256, 412, 364, 121, 260, 184, 68, 73, 301, 426, 393, 39]
Tree:
None
Fitness on 5000 data:
-50.676818242317324

Fitness:
-50.676818242317324