Generation:
398

Phenotype:
4
V1 = gm([0.5e-0, -8.0e+1, 2.4e+2], [8.4e+2, +5.4e+0, 0.3e+1], [7.7e+1, +7.5e-1, 6.1e-1]);
V2 = -0.1e-2;
V2 = V2 + uniform([+1.9e+0, 3.0e+1], 2);
V3 = -V2 * -5.9e-2;
V3 = V3 + gm([5.0e-2, +8.9e-0, 2.0e-0]);

Pre-processed Program
:W = gm([0.000545, 0.915531, 0.083924], [-80, 5.4, 0.75], [240, 3, 0.61]);T = 0;T = T - 0.001;T = T + uniform([1.900000, 31.900000], 2);TEMP0 = 0.059 * T;F = TEMP0;F = F + gm([1.000000], [8.9], [2]);Genotype:
[42, 243, 495, 310, 273, 177, 4, 340, 375, 309, 39, 450, 451, 158, 10, 482, 121, 481, 222, 254, 424, 272, 165, 210, 268, 134, 46, 143, 346, 286, 95, 164, 78, 237, 191, 140, 253, 142, 427, 50, 45, 37, 377, 464, 424, 61, 230, 287, 85, 107, 67, 248, 386, 111, 409, 97, 136, 22, 478, 401, 43, 153, 10, 251, 397, 272, 125, 272, 420, 458, 421, 289, 16, 144, 254, 433, 330, 248, 415, 322, 176, 135, 234, 214, 269, 3, 97, 306, 219, 25, 379, 229, 209, 246, 104, 206, 346, 15, 380, 11, 377, 201, 316, 68, 409, 11, 18, 150, 112, 200, 39, 252, 422, 324, 180, 374, 41, 143, 199, 62, 487, 430, 66, 181, 209, 286, 218, 377, 382, 460, 291, 491, 262, 271, 180, 468, 311, 21, 197, 366, 240, 3, 197, 217, 209, 119, 129, 284, 106, 318, 375, 482]
Tree:
None
Fitness on 5000 data:
-61.27257136853059

Fitness:
-61.27257136853059