Generation:
3000

Phenotype:
84
V1 = gm([5.0e0, +1.8e1, 9.0e0], [0.0e1, +0.0e1, 3.0e0], [0.4e0, +2.9e0, 7.1e1], [9.4e1, +1.5e1, 3.9e0]);
V2 = gm([0.0e1, +5.0e0, 0.2e1], [0.0e0, +4.9e0, 1.4e0]);
V3 = gm([0.1e1, +9.9e1, 9.9e1]);
V4 = uniform([+0.1e0, 9.9e0], 2);
V5 = gm([0.3e1, +0.9e1, 0.2e1], [4.2e1, +9.6e0, 1.9e0]);

Pre-processed Program
:T = gm([0.050302, 0.000000, 0.004024, 0.945674], [18, 0, 2.9, 15], [9, 3, 71, 3.9]);C = gm([1.000000, 1.000000], [5, 4.9], [2, 1.4]);P = gm([1.000000], [99], [99]);W = uniform([0.100000, 10.000000], 2);F = gm([0.066667, 0.933333], [9, 9.6], [2, 1.9]);Genotype:
[159, 203, 290, 159, 389, 39, 345, 420, 54, 386, 90, 291, 48, 175, 449, 469, 380, 382, 341, 267, 180, 320, 213, 371, 18, 110, 50, 439, 283, 473, 70, 462, 229, 320, 360, 414, 362, 311, 170, 382, 309, 236, 318, 177, 171, 139, 112, 251, 69, 414, 223, 390, 166, 151, 395, 187, 155, 133, 349, 220, 92, 61, 219, 136, 430, 60, 287, 269, 306, 15, 0, 332, 41, 450, 82, 485, 474, 130, 380, 30, 8, 91, 470, 474, 9, 314, 395, 461, 364, 112, 250, 477, 46, 319, 340, 141, 343, 418, 168, 79]
Tree:
None
Fitness on 5000 data:
-154.33566604693792

Fitness:
-154.33566604693792