Generation:
2498

Phenotype:
84
V1 = gm([5.2e0, +1.8e1, 9.4e0], [0.0e1, +0.0e1, 6.0e0], [0.2e0, +4.9e0, 7.1e1], [9.4e1, +1.5e1, 3.9e0]);
V2 = gm([0.0e1, +5.0e0, 0.2e1], [0.0e0, +4.9e0, 1.4e0]);
V3 = gm([6.8e1, +9.9e1, 9.9e1]);
V4 = uniform([-0.1e0, 9.9e0], 2);
V5 = gm([0.3e1, +0.9e1, 0.2e1], [2.2e1, +9.6e0, 1.9e0]);

Pre-processed Program
:T = gm([0.052314, 0.000000, 0.002012, 0.945674], [18, 0, 4.9, 15], [9.4, 6, 71, 3.9]);C = gm([1.000000, 1.000000], [5, 4.9], [2, 1.4]);P = gm([1.000000], [99], [99]);W = uniform([-0.100000, 9.800000], 2);F = gm([0.120000, 0.880000], [9, 9.6], [2, 1.9]);Genotype:
[159, 203, 350, 159, 389, 39, 345, 192, 54, 215, 90, 291, 48, 175, 449, 469, 174, 162, 341, 375, 180, 320, 213, 281, 18, 110, 50, 439, 283, 276, 70, 462, 229, 358, 360, 352, 362, 243, 300, 194, 309, 236, 334, 177, 171, 139, 112, 277, 69, 414, 481, 15, 382, 151, 395, 187, 455, 133, 349, 220, 48, 61, 81, 370, 430, 60, 287, 269, 288, 15, 0, 10, 441, 450, 82, 485, 474, 130, 380, 30, 8, 333, 470, 474, 9, 314, 92, 321, 364, 112, 250, 201, 46, 266, 326, 78, 343, 418, 168, 79]
Tree:
None
Fitness on 5000 data:
-154.42291750692303

Fitness:
-154.42291750692303