Generation:
1798

Phenotype:
84
V1 = gm([1.0e0, +2.0e1, 6.0e0], [0.0e1, +6.0e1, 7.0e0], [0.1e0, +1.7e1, 7.0e0], [5.3e1, +1.5e1, 3.9e0]);
V2 = gm([0.0e1, +5.3e0, 0.2e1], [0.0e1, +4.9e0, 1.5e0]);
V3 = gm([0.7e1, +9.9e1, 9.9e1]);
V4 = uniform([+0.2e0, 9.6e0], 2);
V5 = gm([0.1e0, +0.9e1, 0.2e1]);

Pre-processed Program
:T = gm([0.018484, 0.000000, 0.001848, 0.979667], [20, 60, 17, 15], [6, 7, 7, 3.9]);C = gm([1.000000, 1.000000], [5.3, 4.9], [2, 1.5]);P = gm([1.000000], [99], [99]);W = uniform([0.200000, 9.800000], 2);F = gm([1.000000], [9], [2]);Genotype:
[359, 203, 350, 389, 389, 307, 491, 410, 54, 14, 90, 422, 70, 179, 449, 56, 100, 186, 341, 202, 310, 320, 211, 320, 172, 386, 370, 439, 405, 417, 70, 182, 427, 61, 480, 71, 86, 123, 54, 131, 347, 263, 411, 37, 450, 344, 386, 28, 215, 493, 481, 293, 344, 151, 395, 195, 485, 153, 349, 234, 250, 377, 253, 24, 450, 60, 369, 129, 490, 105, 113, 428, 287, 290, 82, 201, 476, 195, 380, 150, 5, 329, 370, 474, 9, 244, 92, 321, 395, 322, 68, 445, 72, 213, 130, 257, 453, 102, 228, 99]
Tree:
None
Fitness on 5000 data:
-155.12081470891812

Fitness:
-155.12081470891812