Generation:
1998

Phenotype:
84
V1 = gm([1.0e0, +2.0e1, 9.4e0], [0.0e0, +6.0e1, 7.0e0], [0.1e0, +4.7e0, 0.8e0], [5.8e1, +1.5e1, 3.9e0]);
V2 = gm([0.0e1, +5.3e0, 0.2e1], [0.0e0, +4.9e0, 1.5e0]);
V3 = gm([0.1e0, +9.9e1, 9.9e1]);
V4 = uniform([+0.2e0, 9.9e0], 2);
V5 = gm([0.0e1, +0.9e1, 0.2e1]);

Pre-processed Program
:T = gm([0.016920, 0.000000, 0.001692, 0.981387], [20, 60, 4.7, 15], [9.4, 7, 0.8, 3.9]);C = gm([1.000000, 1.000000], [5.3, 4.9], [2, 1.5]);P = gm([1.000000], [99], [99]);W = uniform([0.200000, 10.100000], 2);F = gm([1.000000], [9], [2]);Genotype:
[359, 203, 350, 389, 389, 39, 491, 410, 54, 374, 90, 422, 70, 179, 449, 469, 174, 162, 341, 202, 310, 320, 360, 203, 172, 386, 370, 439, 283, 197, 70, 182, 229, 358, 480, 71, 86, 284, 54, 4, 347, 292, 314, 290, 118, 344, 210, 277, 215, 188, 481, 15, 200, 151, 395, 383, 181, 133, 349, 234, 250, 377, 253, 370, 450, 60, 369, 129, 288, 105, 113, 472, 390, 450, 82, 247, 476, 195, 380, 150, 226, 329, 370, 474, 9, 244, 92, 321, 395, 322, 350, 323, 72, 213, 130, 491, 342, 102, 228, 79]
Tree:
None
Fitness on 5000 data:
-155.06719366237903

Fitness:
-155.06719366237903