Generation:
398

Phenotype:
1
V1 = uniform([+4.7e0, 1.0e1], 2);
V2 = +0.6e0;
V2 = V2 + uniform([+1.5e0, 6.0e0], 2);
V3 = +V1;
V3 = V3 + gm([2.4e0, -0.0e0, 0.1e1]);

Pre-processed Program
:F = uniform([4.700000, 14.700000], 2);C = 0.6;C = C + uniform([1.500000, 7.500000], 2);T = F;T = T + gm([1.000000], [0], [1]);Genotype:
[223, 126, 58, 13, 247, 236, 336, 14, 217, 278, 178, 431, 210, 403, 323, 152, 324, 85, 415, 460, 430, 106, 54, 229, 184, 144, 324, 91, 85, 240, 186, 86, 90, 238, 374, 406, 218, 272, 200, 382, 434, 458, 482, 486, 442, 254, 52, 332, 137, 90, 50, 286, 180, 420, 481, 487, 462, 30, 412, 46, 253, 291, 9, 322, 321, 7, 274, 12, 62, 68, 221, 488, 30, 335, 65, 133, 488, 500, 320, 102, 198, 38, 248, 241, 350, 236, 464, 345, 188, 300, 96, 106, 52, 200, 276, 56, 367, 68, 446, 306]
Tree:
None
Fitness on 5000 data:
-42.466329694177496

Fitness:
-42.466329694177496