Generation:
1500

Phenotype:
4
V1 = uniform([-0.3e0, 1.6e1], 2);
V2 = gm([5.0e1, +9.8e0, 1.5e1], [7.6e1, +9.9e1, 9.9e1]);
V3 = gm([2.6e1, +9.9e0, 2.0e0]);

Pre-processed Program
:T = uniform([-0.300000, 15.700000], 2);P = gm([0.396825, 0.603175], [9.8, 99], [15, 99]);F = gm([1.000000], [9.9], [2]);Genotype:
[125, 231, 419, 58, 10, 493, 350, 303, 360, 381, 451, 46, 163, 452, 67, 273, 238, 305, 480, 329, 438, 104, 409, 378, 72, 454, 91, 385, 151, 8, 354, 137, 146, 173, 167, 288, 339, 369, 55, 77, 59, 409, 423, 126, 27, 10, 491, 482, 406, 475, 453, 366, 209, 249, 18, 448, 232, 360, 136, 65, 26, 334, 409, 311, 97, 30, 428, 50, 84, 356, 395, 286, 71, 361, 96, 485, 229, 86, 107, 237, 448, 476, 344, 394, 399, 482, 86, 171, 476, 72, 11, 348, 206, 438, 96, 422, 153, 199, 474, 375, 4, 78, 263, 44, 493, 146, 314, 187, 468, 114, 227, 348, 282, 77]
Tree:
None
Fitness on 5000 data:
-87.69654784965041

Fitness:
-87.69654784965041