Generation:
398

Phenotype:
4
V1 = uniform([-0.3e0, 1.6e1], 2);
V2 = gm([8.7e1, +9.9e1, 9.9e1]);
V3 = gm([9.1e1, +9.9e0, 2.0e0]);

Pre-processed Program
:T = uniform([-0.300000, 15.700000], 2);P = gm([1.000000], [99], [99]);F = gm([1.000000], [9.9], [2]);Genotype:
[12, 363, 449, 63, 346, 319, 350, 253, 360, 368, 261, 316, 163, 248, 417, 8, 290, 58, 67, 173, 295, 288, 339, 459, 495, 361, 59, 309, 211, 312, 8, 256, 19, 19, 211, 333, 253, 362, 209, 249, 224, 228, 232, 0, 264, 65, 26, 334, 409, 311, 97, 30, 428, 50, 84, 356, 395, 286, 71, 361, 96, 485, 229, 86, 107, 237, 448, 476, 344, 394, 399, 482, 86, 171, 476, 72, 11, 348, 206, 438, 96, 422, 153, 199, 474, 375, 4, 78, 263, 44, 493, 146, 314, 187, 468, 114, 227, 348, 282, 77]
Tree:
None
Fitness on 5000 data:
-89.9755448986369

Fitness:
-89.9755448986369