Generation:
798

Phenotype:
2
V1 = gm([1.9e0, +9.0e0, 2.1e0], [7.7e1, +9.9e0, 2.0e0], [0.0e1, +1.4e1, 6.9e0]);
V2 = +V1;
V2 = V2 + gm([6.1e0, +0.8e1, 1.5e1], [8.6e0, +9.9e1, 9.9e1]);
V3 = +V1;
V3 = V3 + uniform([-2.0e0, 4.1e0], 2);

Pre-processed Program
:F = gm([0.024081, 0.975919, 0.000000], [9, 9.9, 14], [2.1, 2, 6.9]);P = F;P = P + gm([0.414966, 0.585034], [8, 99], [15, 99]);T = F;T = T + uniform([-2.000000, 2.100000], 2);Genotype:
[28, 421, 322, 464, 469, 465, 364, 411, 289, 176, 243, 166, 319, 230, 66, 30, 252, 361, 436, 335, 8, 447, 37, 279, 226, 390, 189, 89, 482, 370, 392, 290, 198, 312, 211, 160, 90, 131, 306, 344, 121, 234, 229, 306, 186, 459, 242, 295, 480, 350, 100, 178, 269, 136, 320, 245, 249, 196, 371, 154, 173, 108, 260, 178, 167, 100, 51, 365, 105, 78, 83, 428, 106, 188, 349, 322, 219, 319, 209, 329, 229, 489, 265, 385, 100, 112, 246, 106, 164, 169, 471, 431, 147, 252, 150, 332, 368, 484, 311, 220, 89, 4, 488, 392, 290, 246, 312, 211, 161, 90, 373, 306, 344, 121, 234, 229, 306, 423, 459, 242, 352, 480, 350, 100, 178, 269, 234, 320, 245, 182, 196, 54, 154, 173, 473, 260, 178, 167, 100, 51, 232, 105, 78, 131, 233, 24, 20, 349, 322, 17, 319, 209, 329, 229, 489, 265, 72]
Tree:
None
Fitness on 5000 data:
-75.965585690796

Fitness:
-75.965585690796