Generation:
1500

Phenotype:
2
V1 = gm([1.1e0, +9.9e0, 2.1e0], [8.7e1, +9.9e0, 2.0e0], [0.0e0, +0.4e1, 3.5e0]);
V2 = +V1;
V2 = V2 + gm([6.3e0, +0.9e1, 1.6e1], [8.6e0, +9.9e1, 9.9e1]);
V3 = +V1;
V3 = V3 + uniform([-2.0e0, 4.1e0], 2);

Pre-processed Program
:F = gm([0.012486, 0.987514, 0.000000], [9.9, 9.9, 4], [2.1, 2, 3.5]);P = F;P = P + gm([0.422819, 0.577181], [9, 99], [16, 99]);T = F;T = T + uniform([-2.000000, 2.100000], 2);Genotype:
[189, 421, 322, 464, 276, 465, 147, 411, 491, 208, 243, 416, 319, 19, 390, 30, 252, 361, 436, 165, 62, 228, 367, 375, 191, 390, 189, 89, 4, 97, 392, 290, 80, 312, 349, 480, 90, 240, 310, 288, 350, 224, 229, 109, 423, 205, 168, 347, 488, 302, 100, 178, 446, 494, 276, 141, 207, 196, 13, 154, 77, 108, 260, 399, 325, 129, 21, 136, 105, 268, 23, 428, 106, 394, 40, 322, 219, 319, 125, 220, 229, 489, 125, 132, 94, 254, 246, 36, 64, 41, 471, 300, 147, 252, 150, 332, 36, 484, 311, 500]
Tree:
None
Fitness on 5000 data:
-75.95770200669621

Fitness:
-75.95770200669621