Generation:
1500

Phenotype:
1
V1 = uniform([+6.5e0, 6.9e0], 2);
V2 = +V1;
V2 = V2 + uniform([-2.0e0, 4.0e0], 2);
V3 = +8.3e0 + +V2 * +V2;
V3 = V3 + gm([3.5e1, -7.3e0, 9.9e0]);

Pre-processed Program
:F = uniform([6.500000, 13.400000], 2);T = F;T = T + uniform([-2.000000, 2.000000], 2);TEMP0 = T * T;P = 8.3;P = P + TEMP0;P = P + gm([1.000000], [-7.3], [9.9]);Genotype:
[86, 6, 472, 79, 440, 463, 36, 306, 225, 74, 207, 256, 199, 372, 402, 388, 158, 328, 104, 78, 373, 480, 114, 383, 2, 340, 178, 247, 24, 30, 176, 213, 469, 320, 218, 481, 125, 432, 138, 353, 44, 364, 187, 438, 206, 424, 335, 438, 334, 199, 54, 274, 458, 384, 473, 235, 289, 117, 333, 357, 323, 430, 38, 149, 169, 468, 101, 372, 234, 294, 405, 332, 316, 360, 274, 416, 230, 339, 470, 348, 497, 373, 285, 492, 250, 478, 236, 150, 458, 109, 393, 100, 117, 61, 164, 336, 222, 481, 355, 293, 422, 202, 294, 151, 216, 195, 86, 352, 429, 216, 151, 86, 238, 429, 262, 382, 257, 8, 413, 303, 315, 135, 9, 416, 292, 490, 341, 288, 244]
Tree:
None
Fitness on 5000 data:
-58.24432761479138

Fitness:
-58.24432761479138