Generation:
300

Phenotype:
1
V1 = gm([2, 7, 6], [48, 9, 2]);
V2 = V1 - V1;
V2 = V2 + gm([20.1, 14, 7]) - uniform([0, 2], 2);
V3 = V1 - V1;
V3 = V3 + 5 * gm([5, 8, 7.6], [5.5, 48, 46.3]);

Pre-processed Program
:F = gm([0.040000, 0.960000], [7, 9], [6, 2]);T = F;T = T - F;T = T;T = T + gm([1.000000], [14], [7]);T = T - uniform([0.000000, 2.000000], 2);P = F;P = P - F;P = P;P = P + 5 * gm([0.476190, 0.523810], [8, 48], [7.6, 46.3]);Genotype:
[454, 114, 157, 336, 403, 160, 166, 117, 56, 155, 306, 109, 338, 159, 288, 344, 150, 12, 417, 202, 155, 230, 51, 102, 352, 496, 363, 183, 420, 46, 353, 79, 130, 101, 268, 147, 278, 193, 275, 288, 214, 14, 492, 109, 209, 393, 189, 138, 357, 412, 199, 58, 312, 273, 72, 454, 402, 202, 59, 440, 288, 382, 320, 420, 248, 311, 260, 494, 395, 184, 413, 402, 365, 133, 211, 329, 294, 173, 209, 283, 496, 303, 361, 454, 83, 337, 160, 124, 114, 122, 2, 288, 178, 390, 456, 269, 116, 371, 366, 227, 282, 414, 196, 484, 60, 180, 412, 193, 79, 3, 411, 22, 363, 318, 423, 413, 442, 360, 14, 63, 163, 464, 421, 39, 385, 405, 474, 41, 230, 310, 299, 156, 427, 244, 131, 290, 380, 231, 143, 151, 230, 406, 193, 279, 134, 414, 458, 81, 392, 8, 178, 311, 293, 447, 490, 224, 383, 133, 349, 274, 242, 252, 37, 8]
Tree:
None
Fitness on 5000 data:
-94.22980389780128

Fitness:
[-94.16396459944494, 0]