Generation:
1500

Phenotype:
93
V1 = uniform([+0.5e1, 2.0e1], 2);
V2 = gm([0.0e1, +5.6e1, 0.0e0], [5.6e1, +9.9e1, 9.9e1]);
V3 = gm([0.0e0, -6.3e1, 0.4e0], [3.5e1, +0.5e1, 2.0e0]);
V4 = gm([9.3e1, +9.9e0, 2.0e0]);
V5 = gm([2.9e1, +4.5e0, 3.0e0], [5.3e0, +9.0e0, 1.0e0]);

Pre-processed Program
:T = uniform([5.000000, 25.000000], 2);P = gm([0.000000, 1.000000], [56, 99], [0, 99]);C = gm([0.000000, 1.000000], [-63, 5], [0.4, 2]);F = gm([1.000000], [9.9], [2]);W = gm([0.845481, 0.154519], [4.5, 9], [3, 1]);Genotype:
[220, 212, 233, 370, 268, 428, 200, 245, 273, 134, 122, 450, 359, 410, 488, 171, 361, 400, 200, 23, 16, 488, 345, 206, 293, 278, 470, 210, 356, 98, 54, 295, 466, 323, 133, 212, 419, 399, 101, 287, 159, 139, 311, 344, 67, 115, 216, 80, 20, 10, 309, 33, 6, 263, 347, 18, 430, 184, 98, 462, 467, 343, 485, 283, 222, 212, 180, 395, 205, 191, 282, 180, 78, 110, 399, 68, 108, 99, 403, 341, 251, 106, 499, 239, 310, 148, 152, 110, 298, 294, 40, 109, 398, 182, 439, 383, 16, 344, 414, 495]
Tree:
None
Fitness on 5000 data:
-162.8820230892986

Fitness:
-162.8820230892986