Generation:
398

Phenotype:
93
V1 = uniform([+0.5e1, 2.0e1], 2);
V2 = gm([0.0e0, -9.7e0, 1.8e1], [9.9e1, +9.9e1, 9.9e1]);
V3 = gm([0.0e1, +3.7e1, 6.0e1], [8.1e1, +0.5e1, 2.0e0]);
V4 = gm([3.7e1, +9.7e0, 2.0e0]);
V5 = gm([3.6e0, +4.3e0, 3.0e0], [5.5e0, +5.6e0, 3.0e0]);

Pre-processed Program
:T = uniform([5.000000, 25.000000], 2);P = gm([0.000000, 1.000000], [-9.7, 99], [18, 99]);C = gm([0.000000, 1.000000], [37, 5], [60, 2]);F = gm([1.000000], [9.7], [2]);W = gm([0.395604, 0.604396], [4.3, 5.6], [3, 3]);Genotype:
[354, 212, 233, 380, 292, 456, 10, 245, 475, 0, 122, 450, 485, 156, 210, 341, 143, 400, 190, 126, 133, 221, 349, 337, 368, 350, 451, 458, 87, 76, 482, 359, 189, 325, 197, 330, 419, 399, 91, 174, 399, 139, 121, 124, 415, 457, 238, 80, 20, 111, 409, 186, 143, 27, 347, 371, 246, 320, 141, 162, 44, 418, 171, 283, 192, 62, 180, 395, 205, 0, 442, 180, 78, 282, 288, 170, 419, 203, 27, 421, 88, 106, 59, 157, 362, 135, 152, 110, 388, 452, 430, 175, 214, 363, 416, 192, 156, 424, 414, 343]
Tree:
None
Fitness on 5000 data:
-163.3122966227036

Fitness:
-163.3122966227036