Generation:
798

Phenotype:
93
V1 = uniform([+0.5e1, 2.0e1], 2);
V2 = gm([0.0e1, -5.7e1, 0.4e1], [7.9e1, +9.9e1, 9.9e1]);
V3 = gm([0.0e1, -6.3e1, 8.5e1], [1.5e1, +0.5e1, 2.0e0]);
V4 = gm([0.8e1, +9.8e0, 2.0e0]);
V5 = gm([5.8e1, +4.8e0, 3.0e0], [5.3e0, +9.6e0, 1.0e0]);

Pre-processed Program
:T = uniform([5.000000, 25.000000], 2);P = gm([0.000000, 1.000000], [-57, 99], [4, 99]);C = gm([0.000000, 1.000000], [-63, 5], [85, 2]);F = gm([1.000000], [9.8], [2]);W = gm([0.916272, 0.083728], [4.8, 9.6], [3, 1]);Genotype:
[354, 212, 233, 380, 322, 428, 200, 245, 273, 0, 122, 450, 359, 156, 66, 341, 361, 400, 190, 23, 270, 221, 345, 237, 195, 95, 470, 274, 419, 76, 482, 117, 89, 325, 232, 212, 419, 399, 37, 40, 399, 139, 423, 344, 67, 457, 216, 80, 20, 111, 148, 33, 6, 263, 347, 136, 348, 395, 141, 462, 467, 41, 485, 283, 192, 212, 180, 395, 205, 191, 282, 180, 78, 142, 399, 68, 108, 140, 68, 291, 88, 106, 499, 188, 86, 478, 152, 110, 342, 294, 430, 109, 398, 75, 108, 383, 240, 250, 414, 228]
Tree:
None
Fitness on 5000 data:
-163.13893904494176

Fitness:
-163.13893904494176