Generation:
798

Phenotype:
4
V1 = uniform([+0.1e0, 1.0e1], 2);
V2 = uniform([+3.6e0, 2.0e1], 2);
V3 = gm([8.4e1, +9.9e0, 1.9e0]);

Pre-processed Program
:W = uniform([0.100000, 10.100000], 2);T = uniform([3.600000, 23.600000], 2);F = gm([1.000000], [9.9], [1.9]);Genotype:
[266, 339, 341, 56, 438, 172, 50, 481, 236, 338, 31, 180, 263, 51, 149, 240, 18, 433, 206, 190, 47, 252, 0, 421, 492, 467, 42, 159, 428, 114, 63, 418, 412, 179, 69, 242, 46, 401, 249, 432, 448, 447, 445, 39, 3, 54, 444, 339, 70, 15, 57, 182, 130, 164, 179, 4, 437, 3, 109, 85, 326, 382, 177, 32, 167, 263, 388, 328, 50, 451, 42, 274, 57, 233, 234, 156, 13, 472, 268, 52, 197, 145, 33, 269, 441, 84, 197, 307, 402, 163, 300, 21, 297, 367, 433, 422, 297, 368, 386, 141]
Tree:
None
Fitness on 5000 data:
-58.73471307594282

Fitness:
-58.73471307594282