Generation:
1500

Phenotype:
4
V1 = uniform([+0.1e0, 1.0e1], 2);
V2 = uniform([+4.1e0, 1.9e1], 2);
V3 = gm([8.8e1, +9.9e0, 2.0e0]);

Pre-processed Program
:W = uniform([0.100000, 10.100000], 2);T = uniform([4.100000, 23.100000], 2);F = gm([1.000000], [9.9], [2]);Genotype:
[215, 339, 255, 357, 185, 172, 50, 161, 442, 415, 31, 180, 169, 51, 225, 397, 18, 294, 271, 454, 417, 431, 199, 401, 282, 467, 320, 83, 428, 88, 255, 102, 244, 179, 69, 88, 422, 472, 340, 394, 448, 447, 445, 39, 3, 54, 444, 339, 70, 15, 57, 182, 130, 164, 179, 4, 437, 3, 109, 85, 326, 382, 177, 32, 167, 263, 388, 328, 50, 451, 42, 274, 57, 233, 234, 156, 13, 472, 268, 52, 197, 145, 33, 269, 441, 84, 197, 307, 402, 163, 300, 21, 297, 367, 433, 422, 297, 368, 386, 141]
Tree:
None
Fitness on 5000 data:
-58.651113508087064

Fitness:
-58.651113508087064