Generation:
798

Phenotype:
4
V1 = uniform([-3.2e0, 2.0e1], 2);
V2 = gm([2.7e0, +1.5e1, 1.6e1], [4.0e0, +9.9e1, 9.9e1]);
V3 = gm([2.7e0, +9.9e0, 2.0e0]);

Pre-processed Program
:T = uniform([-3.200000, 16.800000], 2);P = gm([0.402985, 0.597015], [15, 99], [16, 99]);F = gm([1.000000], [9.9], [2]);Genotype:
[94, 465, 15, 64, 238, 171, 403, 332, 44, 111, 2, 340, 217, 244, 112, 385, 251, 2, 237, 132, 493, 80, 231, 185, 149, 425, 461, 206, 253, 488, 355, 464, 450, 250, 354, 342, 179, 159, 143, 468, 79, 339, 257, 236, 449, 140, 17, 282, 497, 448, 493, 32, 429, 29, 240, 20, 312, 380, 188, 68, 474, 201, 363, 312, 181, 300, 420, 461, 435, 29, 408, 0, 132, 462, 399, 43, 455, 321, 482, 283, 244, 434, 383, 426, 320, 498, 168, 338, 129, 206, 421, 361, 464, 19, 457, 330, 49, 424, 45, 76, 144, 386, 197, 23, 335, 175, 407, 142, 406, 310, 440, 310, 296, 412, 50, 350, 229, 400, 95, 94, 341, 433, 98, 148, 51, 451, 474, 46, 402, 279, 259, 275, 134, 255, 426, 53, 83, 454, 365, 9, 191, 480, 408, 62, 490, 429, 136, 389, 336, 179, 411, 9]
Tree:
None
Fitness on 5000 data:
-88.17832657382078

Fitness:
-88.17832657382078