Generation:
398

Phenotype:
4
V1 = uniform([-3.2e0, 2.0e1], 2);
V2 = gm([2.7e0, +9.9e0, 1.5e1], [4.0e0, +9.9e1, 9.9e1]);
V3 = gm([8.7e1, +9.9e0, 2.0e0]);

Pre-processed Program
:T = uniform([-3.200000, 16.800000], 2);P = gm([0.402985, 0.597015], [9.9, 99], [15, 99]);F = gm([1.000000], [9.9], [2]);Genotype:
[317, 465, 233, 279, 459, 171, 403, 332, 44, 319, 2, 340, 217, 244, 8, 193, 393, 2, 237, 406, 141, 56, 209, 449, 114, 48, 231, 305, 267, 430, 236, 464, 330, 250, 463, 376, 179, 129, 335, 221, 79, 339, 151, 314, 228, 500, 17, 458, 437, 175, 493, 416, 429, 29, 356, 222, 2, 380, 98, 68, 474, 201, 363, 312, 181, 300, 420, 461, 435, 29, 408, 0, 132, 462, 399, 43, 455, 321, 482, 283, 244, 434, 383, 426, 320, 498, 168, 338, 129, 206, 421, 361, 464, 19, 457, 330, 49, 424, 45, 76, 144, 386, 197, 23, 335, 175, 407, 142, 406, 310, 440, 310, 296, 412, 50, 350, 229, 400, 95, 94, 341, 433, 98, 148, 51, 451, 474, 46, 402, 279, 259, 275, 134, 255, 426, 53, 83, 454, 365, 9, 191, 480, 408, 62, 490, 429, 136, 389, 336, 179, 411, 9]
Tree:
None
Fitness on 5000 data:
-88.26231902370057

Fitness:
-88.26231902370057