Generation:
798

Phenotype:
4
V1 = gm([7.6e-1, +5.0e+0, 2.8e-0]);
V2 = +V1;
V2 = V2 + gm([5.9e-2, +9.6e-0, 8.9e+0]);
V3 = +9.3e+0;
V3 = V3 + gm([2.5e+2, +6.8e-1, 2.1e+0]);

Pre-processed Program
:W = gm([1.000000], [5], [2.8]);T = W;T = T + gm([1.000000], [9.6], [8.9]);F = 9.3;F = F + gm([1.000000], [0.68], [2.1]);Genotype:
[430, 477, 490, 324, 446, 278, 248, 477, 296, 65, 127, 185, 74, 365, 240, 282, 480, 320, 182, 328, 445, 60, 268, 120, 384, 240, 34, 207, 154, 396, 322, 41, 315, 259, 69, 362, 479, 144, 499, 46, 59, 216, 348, 188, 299, 246, 447, 136, 106, 196, 311, 369, 430, 69, 423, 336, 477, 94, 474, 32, 64, 222, 485, 110, 326, 63, 278, 456, 68, 471, 487, 160, 212, 251, 102, 240, 34, 207, 154, 396, 322, 41, 315, 323, 69, 362, 479, 144, 499, 46, 100, 216, 453, 188, 299, 244, 288, 136, 280, 270, 311, 369, 430, 69, 491, 336, 477, 94, 417, 32, 167, 222, 437, 381, 322, 182, 174, 361, 294, 163, 69, 369, 355, 116, 24, 228, 323, 305, 487, 95, 144, 124, 362, 240, 216, 446, 259, 420, 316, 25, 24, 152, 183, 300, 368, 240, 58, 140, 231, 186, 92, 233, 39, 397, 211, 60, 320, 112, 340, 115, 60, 258, 23, 448, 240, 248, 336, 118, 414, 357, 367, 47, 6, 295, 432, 430, 272, 243, 96, 457, 232, 352, 129, 177, 291, 69, 336, 355, 110, 12, 440, 175, 444, 357, 13, 232, 60, 427, 13, 47, 110, 39, 78, 156, 69, 462, 355, 466, 267, 6, 175, 220, 294, 13, 282, 479, 211, 269, 47, 366, 143, 306, 222, 443, 333, 328, 55, 384, 336, 100, 414, 357, 367, 47, 6, 295, 432, 430, 272, 243, 96, 457, 232, 352, 129, 177, 291, 69, 336, 355, 110, 12, 440, 175, 444, 357, 13, 232, 60, 427, 118, 47]
Tree:
None
Fitness on 5000 data:
-63.671006925703566

Fitness:
-63.671006925703566