Generation:
398

Phenotype:
92
V1 = uniform([+3.6e+0, 2.0e+1], 2);
V2 = -V1;
V2 = V2 + uniform([+5.7e-1, 6.0e+2], 2);
V3 = +6.8e+0;
V3 = V3 + gm([3.1e-0, +2.9e-0, 4.1e-0]);
V4 = +1.1e+0;
V4 = V4 + gm([3.1e+0, -3.7e-2, 3.9e+0], [4.7e+2, +3.4e+0, 4.1e+0], [4.3e-2, +2.6e+1, 1.5e+1], [4.6e-1, +2.5e+0, 1.6e-1], [5.7e-1, +0.2e-1, 2.7e+2]);
V5 = +2.5e-2;
V5 = V5 + uniform([+2.9e-0, 4.1e-0], 2);

Pre-processed Program
:T = uniform([3.600000, 23.600000], 2);P = 0;P = P - T;P = P + uniform([0.570000, 600.570000], 2);F = 6.8;F = F + gm([1.000000], [2.9], [4.1]);W = 1.1;W = W + gm([0.006538, 0.991199, 0.000091, 0.000970, 0.001202], [-0.037, 3.4, 26, 2.5, 0.02], [3.9, 4.1, 15, 0.16, 270]);C = 0.025;C = C + uniform([2.900000, 7.000000], 2);Genotype:
[310, 91, 214, 51, 155, 94, 226, 313, 366, 114, 66, 431, 22, 50, 404, 412, 455, 260, 48, 198, 471, 356, 107, 343, 392, 480, 175, 237, 427, 436, 105, 286, 320, 322, 395, 163, 334, 202, 347, 206, 356, 136, 268, 388, 39, 28, 190, 422, 455, 133, 71, 49, 228, 287, 332, 332, 279, 1, 222, 64, 424, 171, 489, 438, 58, 224, 322, 29, 213, 6, 141, 161, 118, 312, 218, 490, 477, 41, 43, 161, 394, 168, 453, 479, 223, 457, 399, 449, 182, 413, 119, 428, 186, 227, 440, 54, 347, 216, 146, 33, 246, 233, 314, 226, 429, 232, 314, 471, 122, 468, 41, 149, 14, 193, 263, 311, 117, 430, 292, 136]
Tree:
None
Fitness on 5000 data:
-16.193362017278353

Fitness:
-16.193362017278353