Generation:
1198

Phenotype:
92
V1 = uniform([+3.8e-0, 2.0e+1], 2);
V2 = +V1;
V2 = V2 + uniform([+8.4e+0, 4.2e+2], 2);
V3 = +6.8e+0;
V3 = V3 + gm([5.6e-1, +2.9e+0, 4.0e+0]);
V4 = +4.9e-0;
V4 = V4 + gm([6.8e-2, +6.6e-1, 4.7e-2], [6.6e+2, -0.7e-1, 3.0e+0], [0.6e-2, +8.4e+1, 3.7e-1], [1.6e-1, +6.1e+2, 8.9e-2], [8.4e+0, +2.6e-2, 2.7e-0]);
V5 = +0.8e-1;
V5 = V5 + uniform([+2.9e+0, 4.0e+0], 2);

Pre-processed Program
:T = uniform([3.800000, 23.800000], 2);P = T;P = P + uniform([8.400000, 428.400000], 2);F = 6.8;F = F + gm([1.000000], [2.9], [4]);W = 4.9;W = W + gm([0.000102, 0.987087, 0.000009, 0.000239, 0.012563], [0.66, -0.07, 84, 610, 0.026], [0.047, 3, 0.37, 0.089, 2.7]);C = 0.08;C = C + uniform([2.900000, 6.900000], 2);Genotype:
[58, 91, 372, 373, 197, 483, 226, 313, 58, 471, 66, 93, 22, 50, 286, 76, 351, 260, 410, 428, 18, 39, 435, 110, 208, 480, 128, 24, 294, 477, 105, 414, 142, 286, 473, 17, 452, 442, 347, 147, 264, 216, 268, 310, 39, 96, 166, 390, 108, 275, 346, 49, 58, 364, 332, 332, 379, 328, 57, 265, 424, 320, 66, 111, 1, 100, 322, 287, 25, 90, 114, 419, 159, 345, 218, 97, 489, 157, 16, 168, 271, 248, 153, 48, 86, 196, 383, 316, 166, 74, 217, 377, 35, 217, 303, 286, 166, 448, 62, 214, 237, 200, 157, 375, 106, 247, 323, 60, 416, 468, 231, 173, 10, 96, 3, 311, 366, 18, 218, 484]
Tree:
None
Fitness on 5000 data:
-15.86046239285161

Fitness:
-15.86046239285161