Generation:
1500

Phenotype:
92
V1 = uniform([+5.0e-0, 2.0e+1], 2);
V2 = +V1;
V2 = V2 + uniform([+8.4e-0, 4.4e+2], 2);
V3 = +6.8e+0;
V3 = V3 + gm([5.5e-1, +2.9e-0, 4.0e+0]);
V4 = +4.9e-0;
V4 = V4 + gm([3.8e-2, +4.4e-2, 2.5e-2], [1.6e+0, +1.7e-1, 3.0e-0], [0.0e-1, +0.5e+1, 3.7e-1], [7.6e-1, +4.2e+0, 8.9e-1], [8.4e-0, +4.4e-2, 2.7e-0]);
V5 = +0.8e-1;
V5 = V5 + uniform([+2.9e-0, 4.0e+0], 2);

Pre-processed Program
:T = uniform([5.000000, 25.000000], 2);P = T;P = P + uniform([8.400000, 448.400000], 2);F = 6.8;F = F + gm([1.000000], [2.9], [4]);W = 4.9;W = W + gm([0.003519, 0.148176, 0.000000, 0.070383, 0.777922], [0.044, 0.17, 5, 4.2, 0.044], [0.025, 3, 0.37, 0.89, 2.7]);C = 0.08;C = C + uniform([2.900000, 6.900000], 2);Genotype:
[58, 91, 93, 373, 377, 483, 226, 415, 350, 77, 66, 329, 22, 50, 414, 394, 302, 260, 114, 428, 18, 299, 435, 334, 208, 166, 128, 84, 419, 396, 70, 404, 394, 144, 473, 188, 452, 442, 87, 189, 264, 216, 268, 14, 39, 96, 166, 390, 108, 275, 205, 335, 58, 439, 332, 332, 379, 297, 57, 265, 424, 0, 66, 225, 283, 100, 322, 265, 470, 90, 114, 419, 159, 345, 218, 422, 489, 377, 193, 168, 283, 248, 277, 48, 124, 424, 383, 491, 246, 232, 105, 337, 35, 443, 159, 111, 166, 126, 78, 204, 256, 311, 157, 31, 106, 39, 323, 60, 93, 183, 231, 36, 10, 330, 3, 418, 366, 448, 430, 5]
Tree:
None
Fitness on 5000 data:
-15.827422578971984

Fitness:
-15.827422578971984