Generation:
798

Phenotype:
92
V1 = uniform([+3.8e-0, 2.0e+1], 2);
V2 = +V1;
V2 = V2 + uniform([+8.3e-0, 4.1e+2], 2);
V3 = +6.8e+0;
V3 = V3 + gm([1.6e-0, +2.9e-0, 4.1e+0]);
V4 = +4.8e-0;
V4 = V4 + gm([6.5e-1, +6.1e-2, 4.1e+0], [6.0e+2, +2.9e-2, 3.0e+0], [0.4e-2, +3.8e+1, 3.9e-1], [1.6e-1, +6.8e+2, 4.9e-2], [8.3e-0, +1.2e+2, 4.7e+2]);
V5 = +0.5e-1;
V5 = V5 + uniform([+2.9e-0, 4.1e+0], 2);

Pre-processed Program
:T = uniform([3.800000, 23.800000], 2);P = T;P = P + uniform([8.300000, 418.300000], 2);F = 6.8;F = F + gm([1.000000], [2.9], [4.1]);W = 4.8;W = W + gm([0.001067, 0.985037, 0.000007, 0.000263, 0.013626], [0.061, 0.029, 38, 680, 120], [4.1, 3, 0.39, 0.049, 470]);C = 0.05;C = C + uniform([2.900000, 7.000000], 2);Genotype:
[58, 91, 214, 373, 279, 469, 226, 313, 58, 471, 66, 21, 22, 50, 286, 76, 498, 260, 410, 428, 434, 39, 435, 167, 392, 480, 128, 363, 427, 477, 105, 114, 231, 322, 62, 383, 166, 124, 347, 154, 356, 216, 268, 388, 39, 28, 166, 110, 455, 81, 346, 49, 228, 369, 332, 332, 379, 17, 222, 171, 424, 171, 66, 270, 1, 474, 322, 29, 95, 354, 114, 358, 327, 336, 218, 321, 477, 41, 16, 125, 225, 283, 487, 48, 86, 161, 383, 449, 182, 74, 251, 196, 186, 355, 34, 286, 410, 216, 62, 429, 66, 82, 379, 245, 194, 240, 143, 230, 416, 468, 231, 356, 10, 114, 3, 311, 125, 106, 443, 138]
Tree:
None
Fitness on 5000 data:
-15.895921173495564

Fitness:
-15.895921173495564