Generation:
798

Phenotype:
18
V1 = gm([0.0e1, -5.9e1, 6.9e0], [9.3e1, +9.8e0, 2.0e0], [0.0e1, +9.6e1, 3.8e1], [0.0e0, +7.1e0, 4.5e1], [1.2e0, +8.0e0, 1.1e0]);
V2 = uniform([+6.5e0, 1.6e1], 2);
V3 = gm([0.0e1, -9.6e1, 8.3e1], [5.7e1, +9.9e1, 9.9e1], [0.3e0, -7.5e0, 8.2e0]);
V4 = gm([2.0e0, +4.9e0, 3.3e0]);
V5 = uniform([+0.8e0, 7.1e0], 2);

Pre-processed Program
:F = gm([0.000000, 0.987261, 0.000000, 0.000000, 0.012739], [-59, 9.8, 96, 7.1, 8], [6.9, 2, 38, 45, 1.1]);T = uniform([6.500000, 22.500000], 2);P = gm([0.000000, 0.994764, 0.005236], [-96, 99, -7.5], [83, 99, 8.2]);W = gm([1.000000], [4.9], [3.3]);C = uniform([0.800000, 7.900000], 2);Genotype:
[303, 497, 128, 5, 477, 53, 0, 300, 479, 129, 497, 295, 469, 499, 83, 296, 79, 370, 293, 152, 279, 343, 377, 45, 296, 259, 318, 32, 266, 282, 220, 58, 419, 312, 190, 10, 113, 290, 284, 359, 276, 121, 233, 383, 78, 457, 355, 423, 360, 150, 358, 178, 198, 327, 311, 472, 37, 164, 495, 215, 136, 293, 411, 2, 364, 470, 140, 108, 200, 352, 182, 281, 291, 364, 277, 478, 486, 382, 486, 445, 414, 307, 101, 6, 339, 204, 135, 1, 364, 430, 490, 403, 444, 399, 179, 126, 101, 482, 328, 223]
Tree:
None
Fitness on 5000 data:
-163.46291742858662

Fitness:
-163.46291742858662