Generation:
1198

Phenotype:
18
V1 = gm([0.0e1, -2.9e1, 6.3e0], [8.2e1, +9.8e0, 2.0e0], [0.0e0, +9.0e1, 1.6e1], [0.0e1, +7.0e0, 5.5e1], [2.2e0, +9.9e0, 1.2e0]);
V2 = uniform([+6.7e0, 1.6e1], 2);
V3 = gm([0.0e0, -9.6e1, 4.0e1], [5.7e1, +9.9e1, 9.9e1], [0.1e0, +1.9e0, 8.6e1]);
V4 = gm([3.0e0, +4.9e0, 3.1e0]);
V5 = uniform([+0.9e0, 7.0e0], 2);

Pre-processed Program
:F = gm([0.000000, 0.973872, 0.000000, 0.000000, 0.026128], [-29, 9.8, 90, 7, 9.9], [6.3, 2, 16, 55, 1.2]);T = uniform([6.700000, 22.700000], 2);P = gm([0.000000, 0.998249, 0.001751], [-96, 99, 1.9], [40, 99, 86]);W = gm([1.000000], [4.9], [3.1]);C = uniform([0.900000, 7.900000], 2);Genotype:
[17, 497, 128, 435, 37, 353, 170, 300, 479, 129, 497, 472, 469, 499, 83, 426, 103, 370, 91, 152, 198, 272, 121, 309, 292, 139, 318, 356, 447, 282, 220, 12, 87, 93, 190, 10, 242, 290, 284, 359, 490, 325, 233, 41, 156, 117, 447, 22, 440, 150, 369, 18, 304, 327, 490, 214, 52, 415, 495, 45, 136, 291, 142, 2, 436, 470, 140, 449, 259, 352, 139, 281, 52, 430, 201, 100, 135, 446, 486, 87, 414, 46, 101, 6, 339, 106, 472, 385, 335, 430, 490, 176, 433, 23, 179, 276, 107, 78, 4, 490]
Tree:
None
Fitness on 5000 data:
-163.1909980578519

Fitness:
-163.1909980578519