Generation:
1500

Phenotype:
18
V1 = gm([0.0e1, -2.9e1, 2.2e0], [1.0e1, +9.8e0, 2.0e0], [0.0e0, +9.0e0, 1.6e1], [0.0e1, +7.0e0, 9.3e1], [1.5e1, +9.9e0, 1.9e0]);
V2 = uniform([+6.8e0, 1.6e1], 2);
V3 = gm([0.0e1, -9.6e0, 4.3e1], [5.7e1, +9.9e1, 9.9e1], [0.1e0, +1.9e0, 8.0e1]);
V4 = gm([9.0e0, +4.9e0, 3.1e0]);
V5 = uniform([+0.9e0, 7.0e0], 2);

Pre-processed Program
:F = gm([0.000000, 0.400000, 0.000000, 0.000000, 0.600000], [-29, 9.8, 9, 7, 9.9], [2.2, 2, 16, 93, 1.9]);T = uniform([6.800000, 22.800000], 2);P = gm([0.000000, 0.998249, 0.001751], [-9.6, 99, 1.9], [43, 99, 80]);W = gm([1.000000], [4.9], [3.1]);C = uniform([0.900000, 7.900000], 2);Genotype:
[457, 497, 128, 435, 37, 353, 0, 300, 479, 129, 497, 472, 469, 499, 83, 222, 42, 370, 91, 266, 351, 160, 121, 309, 292, 259, 318, 40, 413, 282, 220, 12, 69, 349, 190, 10, 206, 348, 284, 159, 490, 294, 233, 41, 156, 315, 355, 423, 440, 150, 369, 166, 304, 327, 490, 214, 52, 269, 473, 241, 164, 281, 241, 305, 345, 49, 140, 29, 119, 64, 215, 281, 469, 430, 207, 100, 443, 446, 486, 268, 414, 445, 101, 6, 267, 92, 185, 365, 335, 430, 490, 449, 34, 485, 179, 276, 112, 78, 274, 153]
Tree:
None
Fitness on 5000 data:
-163.1716959311562

Fitness:
-163.1716959311562