Generation:
398

Phenotype:
18
V1 = gm([0.0e1, -1.9e1, 6.1e0], [4.7e1, +9.5e0, 2.1e0], [0.0e0, +4.2e0, 3.8e1], [0.0e0, +7.1e0, 4.3e1], [1.8e0, +4.3e0, 9.9e0]);
V2 = uniform([+6.8e0, 1.6e1], 2);
V3 = gm([0.0e0, +1.9e0, 1.7e1], [8.5e1, +9.9e1, 9.9e1], [0.3e0, -9.7e0, 5.6e0]);
V4 = gm([4.0e0, +4.4e0, 3.3e0]);
V5 = uniform([+0.8e0, 7.1e0], 2);

Pre-processed Program
:F = gm([0.000000, 0.963115, 0.000000, 0.000000, 0.036885], [-19, 9.5, 4.2, 7.1, 4.3], [6.1, 2.1, 38, 43, 9.9]);T = uniform([6.800000, 22.800000], 2);P = gm([0.000000, 0.996483, 0.003517], [1.9, 99, -9.7], [17, 99, 5.6]);W = gm([1.000000], [4.4], [3.3]);C = uniform([0.800000, 7.900000], 2);Genotype:
[215, 497, 128, 18, 35, 53, 0, 300, 419, 129, 105, 31, 469, 499, 83, 296, 431, 370, 293, 378, 414, 67, 19, 177, 296, 259, 35, 196, 92, 352, 371, 248, 419, 434, 190, 130, 498, 486, 284, 4, 342, 464, 233, 383, 78, 227, 355, 415, 360, 100, 358, 378, 412, 327, 311, 472, 302, 164, 73, 41, 444, 497, 411, 318, 364, 70, 330, 104, 483, 96, 220, 409, 29, 242, 277, 471, 486, 484, 486, 478, 82, 246, 151, 6, 339, 204, 139, 1, 403, 430, 490, 180, 444, 156, 371, 129, 232, 16, 1, 227]
Tree:
None
Fitness on 5000 data:
-163.9724407810799

Fitness:
-163.9724407810799