Generation:
398

Phenotype:
3
V1 = gm([9.0e1, +7.9e0, 4.4e0]);
V2 = -3.9e0;
V2 = V2 + uniform([+0.9e1, 1.0e1], 2);
V3 = +V1 * +V1;
V3 = V3 + gm([6.6e1, +0.3e1, 9.8e0], [1.4e0, -9.3e0, 2.8e0], [7.9e0, -1.1e1, 9.3e0]);

Pre-processed Program
:T = gm([1.000000], [7.9], [4.4]);F = 0;F = F - 3.9;F = F + uniform([9.000000, 19.000000], 2);TEMP0 = T * T;P = TEMP0;P = P + gm([0.876494, 0.018592, 0.104914], [3, -9.3, -11], [9.8, 2.8, 9.3]);Genotype:
[466, 482, 322, 158, 354, 380, 240, 499, 200, 89, 116, 324, 447, 319, 82, 496, 184, 54, 308, 354, 14, 264, 491, 344, 365, 473, 429, 140, 93, 82, 304, 88, 450, 149, 67, 371, 31, 330, 491, 336, 116, 321, 354, 424, 376, 84, 180, 12, 356, 444, 268, 229, 19, 356, 116, 77, 305, 58, 90, 43, 427, 391, 489, 8, 172, 63, 448, 141, 304, 364, 443, 479, 399, 413, 234, 91, 202, 338, 12, 392, 378, 47, 459, 186, 293, 9, 381, 391, 157, 434, 79, 213, 264, 391, 489, 8, 73, 63, 448, 141, 304, 468, 410, 420, 32, 172, 52, 290, 456, 395, 428, 449, 435, 114, 224, 319, 191, 370, 410, 209, 64, 287, 336, 75, 175, 193, 132, 176, 423, 63, 468, 252, 319, 250, 68, 465, 468, 196, 47, 185, 143, 289, 176, 165, 135, 1, 98, 138, 410, 299, 74, 84, 470, 191, 145, 402, 132, 176, 423, 26, 496, 252, 0, 250, 68, 465, 255, 196, 287, 335, 441, 181, 494, 326, 156, 404, 294, 158, 263, 32, 491, 444, 63, 451, 255, 196, 483, 209, 143, 476, 485, 26, 496, 252, 101, 250, 51, 61, 373, 99, 58, 72, 484, 366, 426, 213, 451, 71, 245, 389, 1, 7, 158, 263, 146, 156, 407, 95, 451, 255, 333, 169, 95, 451, 255, 196, 287, 131, 44, 31, 485]
Tree:
None
Fitness on 5000 data:
-74.64760169398306

Fitness:
-74.64760169398306