Generation:
1198

Phenotype:
1
V1 = gm([6.0e0, +9.9e0, 2.1e0]);
V2 = +0.5e1;
V2 = V2 + uniform([-3.1e0, 6.0e0], 2);
V3 = +2.6e0;
V3 = V3 + gm([8.2e1, +0.8e1, 3.2e0], [0.0e1, -8.3e0, 1.2e0], [0.4e0, +6.1e1, 9.2e0]);
V4 = +V2 * +7.1e1;
V4 = V4 + gm([9.0e0, +3.6e1, 9.7e1], [6.3e0, -2.1e1, 4.3e1]);

Pre-processed Program
:F = gm([1.000000], [9.9], [2.1]);C = 5;C = C + uniform([-3.100000, 2.900000], 2);T = 2.6;T = T + gm([0.995146, 0.000000, 0.004854], [8, -8.3, 61], [3.2, 1.2, 9.2]);TEMP0 = 71 * C;E = TEMP0;E = E + gm([0.588235, 0.411765], [36, -21], [97, 43]);Genotype:
[49, 72, 456, 326, 486, 472, 431, 206, 300, 460, 354, 308, 489, 99, 366, 134, 242, 371, 442, 404, 428, 468, 167, 482, 0, 210, 165, 489, 305, 389, 452, 11, 433, 61, 294, 101, 406, 260, 158, 289, 30, 202, 95, 167, 276, 12, 196, 336, 476, 193, 273, 54, 488, 352, 461, 365, 68, 250, 338, 319, 357, 473, 432, 190, 387, 391, 480, 50, 323, 310, 47, 18, 233, 124, 56, 321, 222, 80, 372, 461, 50, 434, 328, 272, 186, 286, 441, 101, 109, 419, 422, 206, 357, 198, 127, 336, 470, 30, 28, 265, 376, 64, 47, 391, 147, 284, 179, 81, 169, 419, 450, 52, 114, 46, 213, 76, 323, 93, 129, 367, 445, 102, 486, 456, 103, 398, 288, 31, 482, 321, 135, 281, 354, 473, 87, 491, 129, 250, 36, 260, 113, 391, 346, 490, 288, 31, 446, 107, 491, 318, 445, 112, 120, 410, 395]
Tree:
None
Fitness on 5000 data:
-108.11401257104342

Fitness:
-108.11401257104342