Generation:
798

Phenotype:
1
V1 = gm([6.0e0, +9.8e0, 2.1e0]);
V2 = +0.5e1;
V2 = V2 + uniform([-3.1e0, 6.0e0], 2);
V3 = +2.6e0;
V3 = V3 + gm([8.2e0, +0.8e1, 3.6e0], [0.0e0, +8.3e1, 1.2e0], [0.2e0, +1.1e1, 8.1e0]);
V4 = +V2 * +7.1e1;
V4 = V4 + gm([9.0e0, +3.9e0, 9.7e1], [3.5e0, -0.4e0, 5.3e1]);

Pre-processed Program
:F = gm([1.000000], [9.8], [2.1]);C = 5;C = C + uniform([-3.100000, 2.900000], 2);T = 2.6;T = T + gm([0.976190, 0.000000, 0.023810], [8, 83, 11], [3.6, 1.2, 8.1]);TEMP0 = 71 * C;E = TEMP0;E = E + gm([0.720000, 0.280000], [3.9, -0.4], [97, 53]);Genotype:
[192, 72, 101, 326, 315, 66, 471, 206, 300, 460, 247, 146, 489, 38, 366, 174, 242, 151, 442, 128, 428, 412, 167, 382, 458, 210, 165, 211, 305, 134, 1, 173, 433, 61, 62, 101, 496, 260, 158, 289, 428, 284, 303, 167, 106, 12, 196, 336, 236, 448, 269, 419, 218, 352, 60, 41, 68, 250, 338, 465, 357, 473, 366, 130, 387, 10, 480, 50, 406, 377, 164, 18, 233, 175, 56, 121, 102, 400, 286, 91, 260, 72, 328, 272, 186, 191, 441, 29, 103, 498, 151, 72, 46, 256, 341, 436, 290, 30, 28, 265, 98, 64, 47, 391, 35, 400, 394, 81, 260, 219, 40, 188, 15, 46, 213, 379, 40, 18, 129, 367, 445, 102, 152, 413, 405, 398, 288, 31, 160, 264, 426, 276, 445, 473, 87, 491, 129, 250, 36, 260, 113, 391, 346, 490, 288, 31, 446, 107, 491, 318, 445, 112, 120, 410, 395]
Tree:
None
Fitness on 5000 data:
-109.05297561294164

Fitness:
-109.05297561294164