Generation:
1500

Phenotype:
1
V1 = gm([9.2e1, +9.8e0, 2.1e0]);
V2 = +0.5e1;
V2 = V2 + uniform([-3.1e0, 6.0e0], 2);
V3 = +2.3e0;
V3 = V3 + gm([8.7e1, +0.8e1, 3.2e0], [0.0e1, -8.3e0, 8.0e0], [0.0e0, +3.5e1, 5.5e0]);
V4 = +V2 * +7.1e1;
V4 = V4 + gm([8.3e0, +7.6e1, 9.7e1], [9.8e0, -2.8e1, 4.2e1]);

Pre-processed Program
:F = gm([1.000000], [9.8], [2.1]);C = 5;C = C + uniform([-3.100000, 2.900000], 2);T = 2.3;T = T + gm([1.000000, 0.000000, 0.000000], [8, -8.3, 35], [3.2, 8, 5.5]);TEMP0 = 71 * C;E = TEMP0;E = E + gm([0.458564, 0.541436], [76, -28], [97, 42]);Genotype:
[232, 72, 316, 326, 61, 176, 38, 399, 12, 419, 497, 360, 489, 38, 136, 485, 242, 371, 432, 177, 428, 468, 433, 209, 0, 210, 165, 261, 305, 306, 103, 205, 173, 61, 294, 101, 496, 260, 158, 258, 30, 202, 141, 68, 276, 372, 443, 336, 476, 211, 273, 54, 488, 237, 5, 365, 194, 250, 338, 493, 357, 473, 432, 236, 353, 171, 480, 290, 323, 29, 47, 18, 183, 124, 380, 148, 230, 6, 2, 461, 50, 280, 328, 173, 186, 263, 55, 101, 134, 35, 45, 428, 66, 198, 85, 278, 470, 30, 148, 87, 376, 268, 47, 391, 331, 444, 472, 81, 487, 258, 173, 52, 105, 46, 37, 76, 323, 83, 129, 367, 69, 322, 413, 379, 38, 34, 331, 165, 482, 28, 459, 327, 354, 422, 87, 491, 129, 250, 36, 260, 113, 391, 346, 490, 288, 31, 446, 107, 491, 318, 445, 112, 120, 410, 395]
Tree:
None
Fitness on 5000 data:
-107.68066197588006

Fitness:
-107.68066197588006