0	[-187.70697892285827, -1]
1	[-183.08822101424568, -1]
1	[-168.27069905512587, -2]
2	[-201.73703376771002, 0]
2	[-183.08822101424568, -1]
2	[-128.98215933991767, -2]
3	[-201.73703376771002, 0]
3	[-183.08822101424568, -1]
3	[-112.69803203419676, -2]
4	[-201.73703376771002, 0]
4	[-183.08822101424568, -1]
4	[-112.69803203419676, -2]
5	[-158.54455984322095, 0]
5	[-112.69803203419676, -2]
6	[-133.99616552673453, 0]
6	[-112.69803203419676, -2]
7	[-131.70533333024096, 0]
7	[-112.69803203419676, -2]
7	[-103.22194634023779, -3]
8	[-131.70533333024096, 0]
8	[-112.69803203419676, -2]
8	[-103.22194634023779, -3]
9	[-131.70533333024096, 0]
9	[-103.0069169391834, -2]
9	[-101.61440883883998, -3]
