0	[-269.26180096025075, 0]
0	[-165.51491299684847, -2]
1	[-269.26180096025075, 0]
1	[-161.77631727927442, -2]
2	[-264.1122445330174, 0]
2	[-254.2373419031357, -1]
2	[-161.77631727927442, -2]
3	[-264.1122445330174, 0]
3	[-201.28831431862, -1]
3	[-159.55555856113563, -2]
4	[-264.1122445330174, 0]
4	[-201.28831431862, -1]
4	[-159.55555856113563, -2]
5	[-156.94109286354836, 0]
6	[-156.94109286354836, 0]
6	[-156.14199037749754, -1]
7	[-156.94109286354836, 0]
7	[-156.14199037749754, -1]
7	[-145.84342375585072, -2]
8	[-156.94109286354836, 0]
8	[-156.14199037749754, -1]
8	[-145.84342375585072, -2]
9	[-146.44240446123035, 0]
9	[-145.84342375585072, -2]
10	[-125.43659778082981, 0]
11	[-125.43659778082981, 0]
12	[-125.43659778082981, 0]
13	[-125.43659778082981, 0]
14	[-125.43659778082981, 0]
14	[-118.36262377572021, -2]
15	[-125.43659778082981, 0]
15	[-118.36262377572021, -2]
16	[-125.43659778082981, 0]
16	[-118.36262377572021, -2]
17	[-125.43659778082981, 0]
17	[-118.36262377572021, -2]
18	[-125.43659778082981, 0]
18	[-118.36262377572021, -2]
19	[-125.43659778082981, 0]
19	[-123.66774838228316, -1]
19	[-118.36262377572021, -2]
20	[-125.43659778082981, 0]
20	[-118.44715784078886, -1]
20	[-117.84142726910063, -2]
21	[-114.65554828439802, 0]
22	[-114.65554828439802, 0]
23	[-114.65554828439802, 0]
24	[-114.65554828439802, 0]
24	[-114.65554828439802, 0]
25	[-106.42255928457035, 0]
26	[-106.26208359579749, 0]
26	[-105.31453019832232, -1]
27	[-106.26208359579749, 0]
27	[-105.31453019832232, -1]
28	[-106.24179894770211, 0]
28	[-105.31453019832232, -1]
29	[-104.58187988548298, 0]
30	[-104.58187988548298, 0]
31	[-104.58187988548298, 0]
32	[-104.58187988548298, 0]
33	[-104.58187988548298, 0]
34	[-104.58187988548298, 0]
35	[-104.58187988548298, 0]
36	[-104.57859020043561, 0]
37	[-104.55851508270324, 0]
38	[-104.55851508270324, 0]
38	[-104.55851508270324, 0]
39	[-104.48914398797572, 0]
40	[-104.48914398797572, 0]
41	[-104.48914398797572, 0]
42	[-104.48914398797572, 0]
43	[-103.58098194251842, 0]
44	[-103.58098194251842, 0]
45	[-100.44914800645454, 0]
46	[-100.44914800645454, 0]
47	[-100.44914800645454, 0]
48	[-100.44914800645454, 0]
49	[-100.44914800645454, 0]
50	[-100.44914800645454, 0]
51	[-100.44914800645454, 0]
52	[-100.1823982145876, 0]
53	[-98.9550067611012, 0]
54	[-98.9550067611012, 0]
55	[-98.9550067611012, 0]
56	[-98.9550067611012, 0]
57	[-98.9550067611012, 0]
58	[-98.9550067611012, 0]
59	[-98.93035824694626, 0]
60	[-98.93035824694626, 0]
61	[-98.93035824694626, 0]
62	[-98.93035824694626, 0]
63	[-98.93035824694626, 0]
64	[-98.80506062077843, 0]
65	[-98.79618567711067, 0]
66	[-98.79618567711067, 0]
67	[-98.73568964538153, 0]
68	[-98.73568964538153, 0]
69	[-98.27134836429121, 0]
70	[-98.27134836429121, 0]
71	[-98.27134836429121, 0]
72	[-98.27134836429121, 0]
73	[-98.0101089035519, 0]
74	[-98.0101089035519, 0]
75	[-95.3349035199351, 0]
76	[-94.54708411682053, 0]
77	[-94.54708411682053, 0]
77	[-94.54708411682053, 0]
78	[-94.54708411682053, 0]
78	[-94.54708411682053, 0]
79	[-94.54708411682053, 0]
79	[-94.54708411682053, 0]
80	[-94.54708411682053, 0]
80	[-94.54708411682053, 0]
81	[-94.54708411682053, 0]
81	[-94.54708411682053, 0]
82	[-94.54708411682053, 0]
82	[-94.54708411682053, 0]
83	[-94.54708411682053, 0]
83	[-94.54708411682053, 0]
84	[-94.54708411682053, 0]
84	[-94.54708411682053, 0]
85	[-94.54708411682053, 0]
85	[-94.54708411682053, 0]
86	[-94.3229894488652, 0]
87	[-94.3229894488652, 0]
88	[-94.3229894488652, 0]
89	[-94.3229894488652, 0]
90	[-94.3229894488652, 0]
91	[-94.3229894488652, 0]
92	[-94.3229894488652, 0]
93	[-93.49357223515534, 0]
94	[-93.49357223515534, 0]
94	[-93.49357223515534, 0]
95	[-93.49357223515534, 0]
95	[-93.49357223515534, 0]
96	[-93.49357223515534, 0]
96	[-93.49357223515534, 0]
97	[-93.49357223515534, 0]
97	[-93.49357223515534, 0]
98	[-93.49357223515534, 0]
98	[-93.49357223515534, 0]
99	[-93.49357223515534, 0]
99	[-93.49357223515534, 0]
100	[-93.49357223515534, 0]
100	[-93.49357223515534, 0]
101	[-93.49357223515534, 0]
101	[-93.49357223515534, 0]
102	[-93.49357223515534, 0]
102	[-93.49357223515534, 0]
102	[-93.49357223515534, 0]
103	[-93.49357223515534, 0]
103	[-93.49357223515534, 0]
103	[-93.49357223515534, 0]
104	[-93.49357223515534, 0]
104	[-93.49357223515534, 0]
104	[-93.49357223515534, 0]
105	[-93.49357223515534, 0]
105	[-93.49357223515534, 0]
105	[-93.49357223515534, 0]
106	[-93.49357223515534, 0]
106	[-93.49357223515534, 0]
106	[-93.49357223515534, 0]
107	[-93.44085521768633, 0]
108	[-93.44085521768633, 0]
109	[-93.4120323204503, 0]
110	[-93.39460894540095, 0]
111	[-93.21916345938095, 0]
112	[-93.21916345938095, 0]
113	[-93.21916345938095, 0]
114	[-93.21916345938095, 0]
115	[-93.04614602064916, 0]
116	[-92.9521477539216, 0]
117	[-92.9521477539216, 0]
118	[-92.9521477539216, 0]
119	[-92.95187177648171, 0]
120	[-92.95187177648171, 0]
121	[-92.95187177648171, 0]
122	[-92.95187177648171, 0]
123	[-92.95187177648171, 0]
124	[-92.95187177648171, 0]
125	[-92.95187177648171, 0]
126	[-92.95142222795182, 0]
127	[-92.95142222795182, 0]
128	[-92.8485791243275, 0]
129	[-92.8485791243275, 0]
130	[-92.8485791243275, 0]
131	[-92.8485791243275, 0]
132	[-92.8485791243275, 0]
133	[-92.59181124664917, 0]
134	[-92.59181124664917, 0]
135	[-92.57854593707845, 0]
136	[-92.57854593707845, 0]
137	[-92.57854593707845, 0]
138	[-92.57854593707845, 0]
139	[-92.57854593707845, 0]
140	[-92.43186496207477, 0]
141	[-92.19198600041352, 0]
142	[-92.19198600041352, 0]
143	[-92.19198600041352, 0]
144	[-92.19198600041352, 0]
145	[-92.19198600041352, 0]
146	[-92.19198600041352, 0]
147	[-92.19198600041352, 0]
148	[-92.19198600041352, 0]
149	[-92.19198600041352, 0]
150	[-92.19198600041352, 0]
151	[-92.19198600041352, 0]
152	[-92.19198600041352, 0]
152	[-92.01332803328958, -1]
153	[-92.19198600041352, 0]
153	[-92.01332803328958, -1]
154	[-92.19198600041352, 0]
154	[-92.01332803328958, -1]
155	[-92.19198600041352, 0]
155	[-92.01332803328958, -1]
156	[-92.19198600041352, 0]
156	[-92.01332803328958, -1]
157	[-92.19198600041352, 0]
157	[-92.01332803328958, -1]
158	[-92.19198600041352, 0]
158	[-92.01332803328958, -1]
159	[-92.19198600041352, 0]
159	[-92.01332803328958, -1]
160	[-91.97718745319037, 0]
161	[-91.97718745319037, 0]
162	[-91.82875048402074, 0]
163	[-91.82875048402074, 0]
163	[-91.82875048402074, 0]
164	[-91.73488451506522, 0]
165	[-91.6723554731505, 0]
166	[-91.6723554731505, 0]
167	[-91.6723554731505, 0]
168	[-91.6723554731505, 0]
169	[-91.6723554731505, 0]
170	[-91.6723554731505, 0]
171	[-91.6723554731505, 0]
172	[-91.65138488245472, 0]
173	[-91.42718914439445, 0]
174	[-91.42718914439445, 0]
175	[-91.42718914439445, 0]
176	[-91.42718914439445, 0]
177	[-91.42718914439445, 0]
178	[-91.42718914439445, 0]
179	[-91.42718914439445, 0]
180	[-91.42718914439445, 0]
181	[-91.42718914439445, 0]
182	[-91.42718914439445, 0]
183	[-91.42718914439445, 0]
184	[-91.42718914439445, 0]
185	[-91.42718914439445, 0]
186	[-91.42718914439445, 0]
187	[-91.39522867497831, 0]
188	[-91.39522867497831, 0]
189	[-91.39522867497831, 0]
189	[-91.39522867497831, 0]
190	[-91.39522867497831, 0]
190	[-91.39522867497831, 0]
190	[-91.00282945109218, -1]
191	[-91.39522867497831, 0]
191	[-91.39522867497831, 0]
191	[-91.00282945109218, -1]
192	[-91.39522867497831, 0]
192	[-91.39522867497831, 0]
192	[-91.39522867497831, 0]
192	[-91.00282945109218, -1]
193	[-91.39522867497831, 0]
193	[-91.39522867497831, 0]
193	[-91.39522867497831, 0]
193	[-91.39522867497831, 0]
193	[-91.00282945109218, -1]
194	[-91.39522867497831, 0]
194	[-91.39522867497831, 0]
194	[-91.39522867497831, 0]
194	[-91.39522867497831, 0]
194	[-91.00282945109218, -1]
195	[-91.39522867497831, 0]
195	[-91.39522867497831, 0]
195	[-91.39522867497831, 0]
195	[-91.39522867497831, 0]
195	[-91.39522867497831, 0]
195	[-91.00282945109218, -1]
196	[-91.39522867497831, 0]
196	[-91.39522867497831, 0]
196	[-91.39522867497831, 0]
196	[-91.39522867497831, 0]
196	[-91.39522867497831, 0]
196	[-91.39522867497831, 0]
196	[-91.00282945109218, -1]
197	[-91.39522867497831, 0]
197	[-91.39522867497831, 0]
197	[-91.39522867497831, 0]
197	[-91.39522867497831, 0]
197	[-91.39522867497831, 0]
197	[-91.39522867497831, 0]
197	[-91.39522867497831, 0]
197	[-91.00282945109218, -1]
198	[-91.39522867497831, 0]
198	[-91.39522867497831, 0]
198	[-91.39522867497831, 0]
198	[-91.39522867497831, 0]
198	[-91.39522867497831, 0]
198	[-91.39522867497831, 0]
198	[-91.39522867497831, 0]
198	[-91.39522867497831, 0]
198	[-91.39522867497831, 0]
198	[-91.39522867497831, 0]
198	[-91.00282945109218, -1]
199	[-91.39522867497831, 0]
199	[-91.39522867497831, 0]
199	[-91.39522867497831, 0]
199	[-91.39522867497831, 0]
199	[-91.39522867497831, 0]
199	[-91.39522867497831, 0]
199	[-91.39522867497831, 0]
199	[-91.39522867497831, 0]
199	[-91.39522867497831, 0]
199	[-91.39522867497831, 0]
199	[-91.00282945109218, -1]
200	[-90.94992050784579, 0]
201	[-90.94992050784579, 0]
202	[-90.94992050784579, 0]
203	[-90.94992050784579, 0]
204	[-90.94992050784579, 0]
205	[-90.94992050784579, 0]
206	[-90.94992050784579, 0]
207	[-90.94992050784579, 0]
208	[-90.94992050784579, 0]
209	[-90.94992050784579, 0]
210	[-90.94992050784579, 0]
210	[-90.10991966870353, -1]
211	[-90.94992050784579, 0]
211	[-90.10991966870353, -1]
212	[-90.94992050784579, 0]
212	[-90.10991966870353, -1]
213	[-90.94992050784579, 0]
213	[-90.10991966870353, -1]
214	[-90.94992050784579, 0]
214	[-90.10991966870353, -1]
215	[-90.94992050784579, 0]
215	[-90.10991966870353, -1]
216	[-90.94992050784579, 0]
216	[-90.10991966870353, -1]
217	[-90.94992050784579, 0]
217	[-90.10991966870353, -1]
218	[-90.94992050784579, 0]
218	[-90.10991966870353, -1]
219	[-90.7943460492376, 0]
219	[-90.10991966870353, -1]
220	[-90.7943460492376, 0]
220	[-90.10991966870353, -1]
221	[-90.7943460492376, 0]
221	[-90.10991966870353, -1]
222	[-90.7943460492376, 0]
222	[-90.10991966870353, -1]
223	[-90.7943460492376, 0]
223	[-90.10991966870353, -1]
224	[-90.7943460492376, 0]
224	[-90.10991966870353, -1]
225	[-90.7943460492376, 0]
225	[-90.10991966870353, -1]
226	[-90.7943460492376, 0]
226	[-90.10991966870353, -1]
227	[-90.7943460492376, 0]
227	[-90.10991966870353, -1]
228	[-90.7943460492376, 0]
228	[-90.10991966870353, -1]
229	[-90.7943460492376, 0]
229	[-90.10991966870353, -1]
230	[-90.7943460492376, 0]
230	[-90.10991966870353, -1]
231	[-90.7943460492376, 0]
231	[-90.10991966870353, -1]
232	[-90.7943460492376, 0]
232	[-89.7972958975762, -1]
233	[-90.7943460492376, 0]
233	[-89.7972958975762, -1]
234	[-90.7943460492376, 0]
234	[-89.7972958975762, -1]
235	[-90.7943460492376, 0]
235	[-89.7972958975762, -1]
236	[-90.7943460492376, 0]
236	[-89.7972958975762, -1]
237	[-90.7943460492376, 0]
237	[-89.7972958975762, -1]
238	[-90.7943460492376, 0]
238	[-89.7972958975762, -1]
239	[-90.7943460492376, 0]
239	[-89.7972958975762, -1]
240	[-90.7943460492376, 0]
240	[-89.7972958975762, -1]
240	[-89.7972958975762, -1]
241	[-90.7943460492376, 0]
241	[-89.77849120517008, -1]
242	[-90.7943460492376, 0]
242	[-89.77849120517008, -1]
243	[-90.7943460492376, 0]
243	[-89.77849120517008, -1]
244	[-90.7943460492376, 0]
244	[-89.77849120517008, -1]
245	[-90.7943460492376, 0]
245	[-89.77849120517008, -1]
246	[-90.7943460492376, 0]
246	[-89.77849120517008, -1]
247	[-90.7943460492376, 0]
247	[-89.77849120517008, -1]
248	[-90.7943460492376, 0]
248	[-89.77849120517008, -1]
249	[-90.7943460492376, 0]
249	[-89.77849120517008, -1]
250	[-90.7943460492376, 0]
250	[-89.77849120517008, -1]
251	[-90.7943460492376, 0]
251	[-89.77849120517008, -1]
252	[-90.7943460492376, 0]
252	[-89.77849120517008, -1]
253	[-90.7943460492376, 0]
253	[-89.77849120517008, -1]
254	[-90.7943460492376, 0]
254	[-89.77849120517008, -1]
255	[-90.7943460492376, 0]
255	[-89.77849120517008, -1]
256	[-90.76040492355241, 0]
256	[-89.77849120517008, -1]
257	[-90.76040492355241, 0]
257	[-89.77849120517008, -1]
258	[-90.76040492355241, 0]
258	[-89.77849120517008, -1]
259	[-90.76040492355241, 0]
259	[-89.7371651863066, -1]
260	[-90.76040492355241, 0]
260	[-90.76040492355241, 0]
260	[-89.7371651863066, -1]
261	[-90.75589848201837, 0]
261	[-89.7371651863066, -1]
262	[-90.75589848201837, 0]
262	[-89.7371651863066, -1]
263	[-90.75589848201837, 0]
263	[-89.7371651863066, -1]
264	[-90.66348010631222, 0]
264	[-89.7371651863066, -1]
265	[-90.66348010631222, 0]
265	[-89.60660008228182, -1]
266	[-90.66348010631222, 0]
266	[-89.60660008228182, -1]
267	[-90.66348010631222, 0]
267	[-90.66348010631222, 0]
267	[-89.60660008228182, -1]
268	[-90.66348010631222, 0]
268	[-90.66348010631222, 0]
268	[-90.66348010631222, 0]
268	[-89.60660008228182, -1]
269	[-90.66348010631222, 0]
269	[-90.66348010631222, 0]
269	[-90.66348010631222, 0]
269	[-89.60660008228182, -1]
269	[-89.60660008228182, -1]
270	[-90.66348010631222, 0]
270	[-90.66348010631222, 0]
270	[-90.66348010631222, 0]
270	[-89.60660008228182, -1]
270	[-89.60660008228182, -1]
270	[-89.60660008228182, -1]
271	[-90.66348010631222, 0]
271	[-90.66348010631222, 0]
271	[-90.66348010631222, 0]
271	[-89.60660008228182, -1]
271	[-89.60660008228182, -1]
271	[-89.60660008228182, -1]
272	[-90.66348010631222, 0]
272	[-90.66348010631222, 0]
272	[-90.66348010631222, 0]
272	[-89.60660008228182, -1]
272	[-89.60660008228182, -1]
272	[-89.60660008228182, -1]
273	[-90.57349516465058, 0]
273	[-89.60660008228182, -1]
273	[-89.60660008228182, -1]
273	[-89.60660008228182, -1]
274	[-90.57349516465058, 0]
274	[-89.59013160380628, -1]
275	[-90.57349516465058, 0]
275	[-89.49278422745637, -1]
276	[-90.57349516465058, 0]
276	[-89.49278422745637, -1]
277	[-90.57349516465058, 0]
277	[-89.49278422745637, -1]
278	[-90.57349516465058, 0]
278	[-89.49278422745637, -1]
279	[-90.57349516465058, 0]
279	[-89.49278422745637, -1]
280	[-90.57349516465058, 0]
280	[-89.49278422745637, -1]
281	[-90.57349516465058, 0]
281	[-89.49278422745637, -1]
282	[-90.57349516465058, 0]
282	[-89.49278422745637, -1]
283	[-90.38122587532897, 0]
283	[-89.49278422745637, -1]
284	[-90.38122587532897, 0]
284	[-89.49278422745637, -1]
285	[-90.38122587532897, 0]
285	[-89.49278422745637, -1]
286	[-90.38122587532897, 0]
286	[-89.49278422745637, -1]
287	[-90.38122587532897, 0]
287	[-89.49278422745637, -1]
288	[-90.32055095949593, 0]
288	[-89.49278422745637, -1]
289	[-90.32055095949593, 0]
289	[-89.49278422745637, -1]
290	[-90.32055095949593, 0]
290	[-89.49278422745637, -1]
291	[-90.3194651577268, 0]
291	[-89.49278422745637, -1]
292	[-90.3194651577268, 0]
292	[-89.25015024085882, -1]
293	[-90.3194651577268, 0]
293	[-89.25015024085882, -1]
294	[-90.3194651577268, 0]
294	[-89.25015024085882, -1]
295	[-90.3194651577268, 0]
295	[-89.25015024085882, -1]
296	[-90.3194651577268, 0]
296	[-89.25015024085882, -1]
297	[-90.3194651577268, 0]
297	[-89.25015024085882, -1]
297	[-89.25015024085882, -1]
298	[-90.3194651577268, 0]
298	[-89.25015024085882, -1]
298	[-89.25015024085882, -1]
299	[-90.3194651577268, 0]
299	[-90.3194651577268, 0]
299	[-89.25015024085882, -1]
299	[-89.25015024085882, -1]
300	[-90.3194651577268, 0]
300	[-90.3194651577268, 0]
300	[-90.3194651577268, 0]
300	[-89.25015024085882, -1]
300	[-89.25015024085882, -1]
300	[-90.3194651577268, 0]
300	[-90.3194651577268, 0]
300	[-90.3194651577268, 0]
300	[-89.25015024085882, -1]
300	[-89.25015024085882, -1]
