Generation:
1998

Phenotype:
103
V1 = gm([1.8e-0, +3.7e+1, 2.6e+1], [5.4e+2, +2.6e+2, 1.8e+2], [2.4e-0, +0.9e+0, 5.3e-2]);
V2 = -5.2e-1 * -2.1e-0;
V2 = V2 + uniform([+3.5e-1, 1.0e+1], 2);
V3 = +9.9e-1;
V3 = V3 + gm([8.9e-2, +8.8e-0, 2.1e-0]);
V4 = -V2 * +1.1e-2;
V4 = V4 + uniform([+3.7e-1, 9.7e-0], 2);
V5 = -1.8e-0;
V5 = V5 + gm([6.8e+1, +1.7e+1, 4.2e-0], [0.3e-2, +3.0e+1, 9.3e-2]);

Pre-processed Program
:P = gm([0.003308, 0.992282, 0.004410], [37, 260, 0.9], [26, 180, 0.053]);C = 1.092;C = C + uniform([0.350000, 10.350000], 2);F = 0.99;F = F + gm([1.000000], [8.8], [2.1]);TEMP0 = -0.011 * C;W = TEMP0;W = W + uniform([0.370000, 10.070000], 2);T = 0;T = T - 1.8;T = T + gm([0.999956, 0.000044], [17, 30], [4.2, 0.093]);Genotype:
[384, 102, 386, 364, 99, 185, 307, 201, 168, 487, 18, 414, 344, 383, 397, 146, 58, 16, 142, 66, 58, 451, 7, 298, 55, 134, 304, 2, 205, 432, 392, 486, 160, 203, 409, 461, 238, 300, 413, 250, 228, 82, 464, 129, 423, 493, 470, 400, 149, 344, 408, 247, 405, 143, 233, 92, 310, 440, 199, 484, 457, 340, 219, 435, 202, 201, 145, 249, 386, 351, 192, 431, 475, 495, 163, 311, 248, 370, 13, 495, 349, 43, 371, 491, 40, 352, 199, 186, 212, 142, 61, 455, 64, 439, 399, 495, 385, 500, 59, 386, 461, 458, 139, 113, 176, 237, 104, 28, 398, 49, 420, 471, 372, 271, 493, 231, 161, 108, 403, 420, 436, 31, 307, 111, 498, 354, 221, 491, 27, 170, 57, 443, 482, 84, 93, 37, 353, 142, 435, 489, 267, 185]
Tree:
None
Fitness on 5000 data:
-147.0334395656983

Fitness:
-147.0334395656983