Generation:
2498

Phenotype:
103
V1 = gm([1.8e-0, +4.9e+1, 1.8e+1], [0.4e+2, +2.6e+2, 1.8e+2], [2.4e-2, -0.9e+2, 9.7e-2]);
V2 = +5.2e-1 * +2.1e-0;
V2 = V2 + uniform([+2.5e-1, 1.0e+1], 2);
V3 = +8.9e-1;
V3 = V3 + gm([3.9e+2, +8.8e+0, 2.1e+0]);
V4 = -V2 * +1.0e-2;
V4 = V4 + uniform([+3.8e-1, 9.7e+0], 2);
V5 = -1.8e-0;
V5 = V5 + gm([6.8e-2, +1.7e+1, 4.2e-0]);

Pre-processed Program
:P = gm([0.043037, 0.956389, 0.000574], [49, 260, -90], [18, 180, 0.097]);C = 1.092;C = C + uniform([0.250000, 10.250000], 2);F = 0.89;F = F + gm([1.000000], [8.8], [2.1]);TEMP0 = -0.01 * C;W = TEMP0;W = W + uniform([0.380000, 10.080000], 2);T = 0;T = T - 1.8;T = T + gm([1.000000], [17], [4.2]);Genotype:
[384, 102, 386, 364, 99, 185, 307, 201, 168, 487, 18, 414, 432, 84, 429, 146, 58, 57, 41, 168, 58, 451, 7, 298, 160, 134, 304, 2, 83, 432, 392, 486, 160, 203, 409, 131, 238, 300, 329, 250, 398, 82, 464, 129, 302, 283, 267, 470, 149, 344, 404, 302, 19, 467, 233, 92, 415, 220, 283, 322, 457, 470, 350, 115, 272, 143, 145, 111, 386, 68, 302, 101, 337, 495, 107, 273, 448, 370, 462, 495, 349, 43, 371, 491, 40, 326, 265, 22, 456, 360, 61, 24, 86, 488, 399, 495, 181, 500, 354, 386, 185, 433, 139, 338, 176, 11, 104, 228, 398, 174, 402, 303, 372, 271, 128, 213, 238, 108, 403, 218, 436, 339, 307, 463, 498, 354, 221, 50, 27, 224, 159, 443, 482, 84, 93, 48, 353, 235, 435, 489, 267, 484]
Tree:
None
Fitness on 5000 data:
-146.60151498072372

Fitness:
-146.60151498072372