Generation:
1798

Phenotype:
103
V1 = gm([1.7e-0, +3.7e+1, 2.2e+1], [5.4e+2, +2.6e+2, 1.8e+2], [2.4e-0, +0.6e+0, 4.3e-2]);
V2 = -5.2e-1 * -2.1e-0;
V2 = V2 + uniform([+3.8e-1, 1.1e+1], 2);
V3 = +9.9e-1;
V3 = V3 + gm([8.9e-2, +8.8e-0, 2.1e-0]);
V4 = -V2 * +1.1e-2;
V4 = V4 + uniform([+3.5e-1, 9.7e-0], 2);
V5 = -1.7e-0;
V5 = V5 + gm([6.8e+1, +1.7e+1, 4.2e+0], [0.3e-2, +3.0e-1, 9.3e-2]);

Pre-processed Program
:P = gm([0.003124, 0.992465, 0.004411], [37, 260, 0.6], [22, 180, 0.043]);C = 1.092;C = C + uniform([0.380000, 11.380000], 2);F = 0.99;F = F + gm([1.000000], [8.8], [2.1]);TEMP0 = -0.011 * C;W = TEMP0;W = W + uniform([0.350000, 10.050000], 2);T = 0;T = T - 1.7;T = T + gm([0.999956, 0.000044], [17, 0.3], [4.2, 0.093]);Genotype:
[384, 102, 386, 364, 99, 185, 307, 201, 7, 487, 18, 414, 344, 383, 397, 146, 58, 16, 142, 152, 58, 451, 7, 298, 55, 134, 304, 2, 312, 432, 392, 486, 160, 203, 409, 461, 238, 300, 413, 250, 239, 82, 464, 129, 423, 493, 470, 400, 276, 344, 408, 247, 354, 143, 233, 92, 310, 440, 199, 484, 415, 38, 219, 435, 202, 201, 145, 249, 302, 351, 192, 431, 475, 495, 163, 324, 239, 370, 13, 8, 473, 43, 371, 491, 71, 352, 199, 423, 212, 142, 127, 311, 64, 439, 399, 495, 385, 500, 59, 386, 461, 458, 139, 113, 176, 237, 104, 28, 398, 381, 420, 117, 372, 271, 141, 231, 161, 108, 403, 420, 436, 31, 307, 111, 498, 354, 221, 491, 27, 170, 217, 443, 482, 84, 93, 75, 353, 142, 482, 489, 267, 185]
Tree:
None
Fitness on 5000 data:
-147.7013326291832

Fitness:
-147.7013326291832