Generation:
3000

Phenotype:
103
V1 = gm([2.1e-0, +4.2e+1, 1.8e+1], [0.4e+2, +2.5e+2, 1.8e+2], [6.5e-2, -7.6e-1, 3.6e-2]);
V2 = +5.9e-1 * +2.5e-0;
V2 = V2 + uniform([-1.5e-1, 7.0e+0], 2);
V3 = +8.6e-1;
V3 = V3 + gm([8.4e+0, +8.9e-0, 2.1e+0]);
V4 = -V2 * +1.0e-2;
V4 = V4 + uniform([+3.8e-1, 9.9e-0], 2);
V5 = -2.1e-0;
V5 = V5 + gm([6.8e+2, +1.7e+1, 4.2e-0]);

Pre-processed Program
:P = gm([0.049804, 0.948654, 0.001542], [42, 250, -0.76], [18, 180, 0.036]);C = 1.475;C = C + uniform([-0.150000, 6.850000], 2);F = 0.86;F = F + gm([1.000000], [8.9], [2.1]);TEMP0 = -0.01 * C;W = TEMP0;W = W + uniform([0.380000, 10.280000], 2);T = 0;T = T - 2.1;T = T + gm([1.000000], [17], [4.2]);Genotype:
[468, 102, 228, 364, 99, 401, 307, 152, 141, 237, 18, 414, 432, 284, 132, 146, 58, 182, 41, 168, 58, 451, 7, 348, 160, 134, 304, 2, 83, 432, 392, 205, 160, 203, 289, 131, 238, 300, 329, 250, 490, 46, 185, 129, 164, 283, 359, 417, 86, 171, 178, 201, 63, 196, 233, 203, 119, 220, 5, 322, 457, 140, 350, 115, 369, 143, 145, 111, 301, 190, 422, 475, 257, 12, 107, 163, 330, 231, 301, 495, 349, 43, 371, 197, 40, 326, 450, 246, 298, 8, 383, 189, 86, 378, 126, 181, 181, 500, 14, 350, 37, 48, 474, 408, 180, 237, 104, 28, 339, 395, 105, 349, 372, 271, 128, 213, 185, 108, 403, 376, 436, 339, 307, 463, 225, 354, 221, 50, 27, 365, 335, 443, 482, 84, 93, 48, 353, 235, 360, 489, 409, 81]
Tree:
None
Fitness on 5000 data:
-143.68982730988813

Fitness:
-143.68982730988813