Generation:
1798

Phenotype:
49
V1 = gm([9.8e0, +1.3e0, 0.7e0], [5.3e1, +5.8e0, 2.6e0]);
V2 = gm([3.6e0, +9.9e0, 2.0e0]);
V3 = uniform([+1.8e0, 6.0e0], 2);
V4 = uniform([+7.3e0, 1.5e1], 2);
V5 = gm([2.2e1, +9.9e1, 9.9e1]);

Pre-processed Program
:W = gm([0.156051, 0.843949], [1.3, 5.8], [0.7, 2.6]);F = gm([1.000000], [9.9], [2]);C = uniform([1.800000, 7.800000], 2);T = uniform([7.300000, 22.300000], 2);P = gm([1.000000], [99], [99]);Genotype:
[414, 408, 406, 144, 291, 23, 219, 148, 324, 178, 362, 31, 433, 330, 473, 40, 397, 42, 16, 469, 405, 173, 277, 176, 270, 165, 318, 484, 81, 492, 396, 164, 416, 447, 232, 64, 433, 446, 156, 183, 476, 259, 129, 330, 412, 282, 460, 324, 373, 429, 361, 224, 371, 358, 70, 278, 216, 20, 404, 365, 191, 177, 102, 187, 393, 236, 245, 301, 205, 181, 10, 108, 378, 82, 332, 32, 223, 408, 306, 429, 429, 165, 483, 319, 399, 63, 66, 215, 138, 450, 167, 447, 230, 137, 314, 404, 264, 77, 293, 470, 415, 47]
Tree:
None
Fitness on 5000 data:
-161.83946445915439

Fitness:
-161.83946445915439