Generation:
3000

Phenotype:
49
V1 = gm([7.9e0, +1.3e0, 0.8e0], [3.0e1, +6.0e0, 2.4e0]);
V2 = gm([1.4e1, +9.9e0, 2.0e0]);
V3 = uniform([+1.8e0, 6.0e0], 2);
V4 = uniform([+7.4e0, 1.5e1], 2);
V5 = gm([7.2e0, +9.9e1, 9.9e1]);

Pre-processed Program
:W = gm([0.208443, 0.791557], [1.3, 6], [0.8, 2.4]);F = gm([1.000000], [9.9], [2]);C = uniform([1.800000, 7.800000], 2);T = uniform([7.400000, 22.400000], 2);P = gm([1.000000], [99], [99]);Genotype:
[395, 408, 406, 243, 291, 69, 397, 229, 494, 498, 92, 31, 153, 56, 74, 40, 458, 194, 74, 317, 183, 10, 465, 450, 230, 256, 0, 316, 416, 242, 84, 146, 100, 219, 264, 207, 21, 404, 55, 61, 258, 109, 129, 206, 281, 282, 460, 324, 373, 491, 0, 180, 371, 258, 400, 44, 216, 20, 240, 369, 63, 409, 464, 187, 184, 174, 257, 301, 205, 277, 10, 460, 422, 194, 437, 2, 396, 23, 404, 429, 169, 369, 108, 89, 439, 63, 66, 215, 138, 450, 167, 447, 230, 137, 314, 404, 264, 77, 293, 470, 415, 47]
Tree:
None
Fitness on 5000 data:
-161.76868449282156

Fitness:
-161.76868449282156