Generation:
1500

Phenotype:
1
V1 = gm([3.1e+1, +6.9e+0, 7.1e+0], [9.8e-0, +5.3e+2, 2.0e+2], [2.2e+1, -7.0e-2, 6.1e+0], [2.3e-0, +5.3e+1, 2.8e+1]);
V2 = +V1;
V2 = V2 + gm([3.1e+1, +6.9e+0, 7.1e+0], [9.8e-0, +5.3e+2, 2.0e+2], [2.2e+1, -7.0e-2, 6.1e+0], [2.3e-0, +5.3e+1, 2.8e+1]);
V3 = +V2;
V3 = V3 + gm([3.1e+1, +6.9e+0, 7.1e+0], [9.8e-0, +5.3e+2, 2.0e+2], [2.2e+1, -7.0e-2, 6.1e+0], [2.3e-0, +5.3e+1, 2.8e+1]);
V4 = +V1;
V4 = V4 + gm([3.1e+1, +6.9e+0, 7.1e+0], [9.8e-0, +5.3e+2, 2.0e+2], [2.2e+1, -7.0e-2, 6.1e+0], [2.3e-0, +5.3e+1, 2.8e+1]);
V5 = +V4;
V5 = V5 + gm([3.1e+1, +6.9e+0, 7.1e+0], [9.8e-0, +5.3e+2, 2.0e+2], [2.2e+1, -7.0e-2, 6.1e+0], [2.3e-0, +5.3e+1, 2.8e+1]);

Pre-processed Program
:F = gm([0.476190, 0.150538, 0.337942, 0.035330], [6.9, 530, -0.07, 53], [7.1, 200, 6.1, 28]);C = F;C = C + gm([0.476190, 0.150538, 0.337942, 0.035330], [6.9, 530, -0.07, 53], [7.1, 200, 6.1, 28]);W = C;W = W + gm([0.476190, 0.150538, 0.337942, 0.035330], [6.9, 530, -0.07, 53], [7.1, 200, 6.1, 28]);T = F;T = T + gm([0.476190, 0.150538, 0.337942, 0.035330], [6.9, 530, -0.07, 53], [7.1, 200, 6.1, 28]);P = T;P = P + gm([0.476190, 0.150538, 0.337942, 0.035330], [6.9, 530, -0.07, 53], [7.1, 200, 6.1, 28]);Genotype:
[42, 258, 435, 84, 275, 335, 105, 303, 61, 176, 208, 85, 196, 306, 229, 324, 84, 385, 17, 101, 212, 321, 61, 275, 349, 468, 215, 309, 310, 384, 435, 263, 396, 467, 296, 72, 240, 248, 368, 443, 315, 452, 472, 500, 460, 249, 325, 447, 60, 349, 95, 219, 206, 371, 54, 312, 22, 479, 92, 203, 37, 207, 446, 398, 315, 383, 160, 277, 428, 252, 38, 170, 361, 396, 58, 72]
Tree:
None
Fitness on 5000 data:
-205.831791384926

Fitness:
-205.831791384926