Generation:
798

Phenotype:
1
V1 = gm([2.8e+1, +6.5e-0, 7.7e+0], [9.5e+0, +5.0e+2, 2.5e+2], [2.2e+1, +5.5e-2, 6.0e+0], [5.0e+0, +3.4e+1, 2.6e+1]);
V2 = +V1;
V2 = V2 + gm([2.8e+1, +6.5e-0, 7.7e+0], [9.5e+0, +5.0e+2, 2.5e+2], [2.2e+1, +5.5e-2, 6.0e+0], [5.0e+0, +3.4e+1, 2.6e+1]);
V3 = +V2;
V3 = V3 + gm([2.8e+1, +6.5e-0, 7.7e+0], [9.5e+0, +5.0e+2, 2.5e+2], [2.2e+1, +5.5e-2, 6.0e+0], [5.0e+0, +3.4e+1, 2.6e+1]);
V4 = +V1;
V4 = V4 + gm([2.8e+1, +6.5e-0, 7.7e+0], [9.5e+0, +5.0e+2, 2.5e+2], [2.2e+1, +5.5e-2, 6.0e+0], [5.0e+0, +3.4e+1, 2.6e+1]);
V5 = +V4;
V5 = V5 + gm([2.8e+1, +6.5e-0, 7.7e+0], [9.5e+0, +5.0e+2, 2.5e+2], [2.2e+1, +5.5e-2, 6.0e+0], [5.0e+0, +3.4e+1, 2.6e+1]);

Pre-processed Program
:F = gm([0.434109, 0.147287, 0.341085, 0.077519], [6.5, 500, 0.055, 34], [7.7, 250, 6, 26]);C = F;C = C + gm([0.434109, 0.147287, 0.341085, 0.077519], [6.5, 500, 0.055, 34], [7.7, 250, 6, 26]);W = C;W = W + gm([0.434109, 0.147287, 0.341085, 0.077519], [6.5, 500, 0.055, 34], [7.7, 250, 6, 26]);T = F;T = T + gm([0.434109, 0.147287, 0.341085, 0.077519], [6.5, 500, 0.055, 34], [7.7, 250, 6, 26]);P = T;P = P + gm([0.434109, 0.147287, 0.341085, 0.077519], [6.5, 500, 0.055, 34], [7.7, 250, 6, 26]);Genotype:
[42, 258, 435, 364, 467, 439, 441, 282, 408, 176, 430, 85, 196, 116, 245, 147, 27, 371, 17, 497, 328, 33, 61, 477, 349, 215, 114, 309, 162, 474, 435, 350, 64, 467, 61, 302, 445, 248, 110, 443, 473, 452, 472, 500, 229, 267, 262, 35, 215, 349, 35, 192, 206, 130, 122, 312, 22, 367, 45, 40, 326, 93, 442, 228, 413, 94, 58, 340, 94, 252, 406, 170, 16, 396, 58, 80]
Tree:
None
Fitness on 5000 data:
-206.63022474922064

Fitness:
-206.63022474922064