Generation:
2498

Phenotype:
116
V1 = gm([0.0e0, +9.8e1, 9.9e1], [0.0e0, +9.7e1, 9.9e1]);
V2 = uniform([+5.4e0, 2.0e1], 2);
V3 = uniform([+5.7e0, 8.2e0], 2);
V4 = gm([2.5e1, +8.4e0, 1.2e0], [6.9e0, +6.6e0, 0.9e0], [4.9e1, +0.3e1, 2.1e0]);
V5 = gm([9.3e1, +4.9e0, 1.7e0]);

Pre-processed Program
:P = gm([1.000000, 1.000000], [98, 97], [99, 99]);T = uniform([5.400000, 25.400000], 2);F = uniform([5.700000, 13.900000], 2);W = gm([0.309023, 0.085290, 0.605686], [8.4, 6.6, 3], [1.2, 0.9, 2.1]);C = gm([1.000000], [4.9], [1.7]);Genotype:
[207, 475, 168, 87, 397, 391, 30, 20, 256, 68, 356, 359, 208, 343, 235, 99, 229, 99, 378, 80, 90, 490, 356, 472, 26, 269, 317, 25, 197, 399, 99, 77, 213, 179, 223, 10, 75, 4, 318, 177, 262, 480, 165, 347, 31, 163, 406, 205, 137, 214, 22, 168, 392, 178, 34, 96, 33, 319, 92, 65, 381, 129, 90, 218, 54, 342, 393, 1, 112, 408, 133, 270, 326, 29, 270, 312, 284, 126, 376, 216, 221, 90, 229, 420, 194, 135, 304, 29, 309, 144, 120, 90, 423, 173, 330, 182, 291, 456, 446, 422, 468, 373, 249, 183, 255, 85, 4, 134, 429, 68, 178, 201, 337, 138, 110, 276, 321, 370, 62, 55, 121, 379, 246, 367, 461, 416, 487, 427, 463, 165, 140, 391, 314, 294, 498, 226, 176, 69, 70, 261, 474, 129, 327, 271, 391, 407, 216, 227, 226, 226, 332, 429, 33, 336, 39, 343, 310, 220, 491, 490, 464, 157, 232, 351, 172, 499, 207, 481, 222, 435, 334, 160, 384, 273, 459, 87, 142, 269, 7, 63, 301, 213, 347, 143, 464, 218, 325]
Tree:
None
Fitness on 5000 data:
-157.28667776483525

Fitness:
-157.28667776483525