Generation:
1798

Phenotype:
116
V1 = gm([0.0e0, +1.2e1, 3.9e1], [0.7e1, +9.9e1, 9.9e1]);
V2 = uniform([+4.7e0, 2.0e1], 2);
V3 = uniform([+5.9e0, 8.0e0], 2);
V4 = gm([8.2e0, +8.7e0, 1.1e0], [6.7e0, +1.3e0, 0.8e0], [1.8e1, +0.5e1, 2.2e0]);
V5 = gm([9.3e1, +4.9e0, 1.7e0]);

Pre-processed Program
:P = gm([0.000000, 1.000000], [12, 99], [39, 99]);T = uniform([4.700000, 24.700000], 2);F = uniform([5.900000, 13.900000], 2);W = gm([0.249240, 0.203647, 0.547112], [8.7, 1.3, 5], [1.1, 0.8, 2.2]);C = gm([1.000000], [4.9], [1.7]);Genotype:
[293, 475, 314, 489, 365, 91, 420, 420, 458, 491, 356, 51, 422, 417, 472, 3, 229, 91, 378, 494, 90, 347, 325, 472, 26, 269, 459, 25, 197, 399, 479, 275, 103, 257, 460, 10, 254, 367, 426, 369, 262, 480, 165, 131, 204, 127, 486, 205, 9, 248, 309, 168, 400, 336, 404, 58, 33, 27, 68, 252, 500, 399, 218, 218, 177, 310, 238, 1, 81, 408, 31, 130, 326, 397, 72, 426, 168, 71, 273, 426, 359, 90, 138, 420, 56, 156, 31, 488, 309, 63, 120, 130, 75, 409, 145, 182, 2, 356, 448, 343, 102, 488, 249, 183, 193, 255, 134, 134, 429, 108, 178, 201, 337, 366, 110, 276, 321, 370, 62, 55, 121, 379, 246, 367, 461, 416, 487, 427, 463, 165, 140, 391, 314, 294, 498, 226, 176, 69, 70, 261, 474, 129, 327, 271, 391, 407, 216, 227, 226, 226, 332, 429, 33, 336, 39, 343, 310, 220, 491, 490, 464, 157, 232, 351, 172, 499, 207, 481, 222, 435, 334, 160, 384, 273, 459, 87, 142, 269, 7, 63, 301, 213, 347, 143, 464, 218, 325]
Tree:
None
Fitness on 5000 data:
-162.9325555121111

Fitness:
-162.9325555121111