Generation:
3000

Phenotype:
116
V1 = gm([0.0e0, +9.8e1, 9.9e1], [0.0e1, +9.9e1, 9.9e1]);
V2 = uniform([+5.4e0, 2.0e1], 2);
V3 = uniform([+5.8e0, 8.0e0], 2);
V4 = gm([2.9e1, +8.2e0, 1.2e0], [4.0e0, +6.3e0, 0.9e0], [4.8e1, +0.3e1, 1.9e0]);
V5 = gm([0.9e1, +4.8e0, 1.7e0]);

Pre-processed Program
:P = gm([1.000000, 1.000000], [98, 99], [99, 99]);T = uniform([5.400000, 25.400000], 2);F = uniform([5.800000, 13.800000], 2);W = gm([0.358025, 0.049383, 0.592593], [8.2, 6.3, 3], [1.2, 0.9, 1.9]);C = gm([1.000000], [4.8], [1.7]);Genotype:
[207, 475, 168, 298, 397, 31, 30, 20, 256, 57, 356, 439, 208, 37, 235, 99, 229, 99, 378, 110, 90, 490, 9, 89, 26, 269, 59, 149, 288, 399, 369, 77, 99, 241, 500, 374, 75, 204, 368, 335, 262, 480, 165, 103, 230, 34, 406, 205, 38, 214, 438, 148, 210, 178, 34, 137, 363, 179, 92, 419, 399, 392, 90, 218, 162, 342, 256, 1, 112, 408, 133, 175, 384, 20, 58, 36, 284, 126, 83, 216, 85, 90, 229, 318, 194, 418, 304, 318, 339, 380, 120, 90, 423, 173, 33, 391, 449, 456, 108, 258, 364, 146, 10, 259, 317, 187, 4, 134, 268, 470, 75, 201, 337, 138, 110, 276, 321, 370, 62, 55, 121, 379, 246, 367, 461, 416, 487, 427, 463, 165, 140, 391, 314, 294, 498, 226, 176, 69, 70, 261, 474, 129, 327, 271, 391, 407, 216, 227, 226, 226, 332, 429, 33, 336, 39, 343, 310, 220, 491, 490, 464, 157, 232, 351, 172, 499, 207, 481, 222, 435, 334, 160, 384, 273, 459, 87, 142, 269, 7, 63, 301, 213, 347, 143, 464, 218, 325]
Tree:
None
Fitness on 5000 data:
-156.98419866242295

Fitness:
-156.98419866242295