0	[-3366.648954740081, -1]
0	[-193.32377784924336, -2]
1	[-3366.648954740081, -1]
1	[-193.32377784924336, -2]
2	[-1211.884389425079, 0]
2	[-322.4292677770788, -1]
2	[-193.32377784924336, -2]
3	[-1211.884389425079, 0]
3	[-155.54814398497277, -1]
4	[-1211.884389425079, 0]
4	[-155.54814398497277, -1]
5	[-162.3455632071528, 0]
5	[-146.15458308404325, -1]
6	[-162.3455632071528, 0]
6	[-146.15458308404325, -1]
7	[-148.73616653541416, 0]
7	[-142.76242838893612, -1]
8	[-148.73616653541416, 0]
8	[-142.76242838893612, -1]
8	[-137.7414960520313, -3]
9	[-148.73616653541416, 0]
9	[-142.76242838893612, -1]
9	[-137.7414960520313, -3]
10	[-140.89227166110172, 0]
10	[-137.7414960520313, -3]
11	[-140.89227166110172, 0]
11	[-127.31609426027488, -3]
12	[-140.89227166110172, 0]
12	[-126.14739243009058, -1]
13	[-140.89227166110172, 0]
13	[-126.14739243009058, -1]
14	[-140.16548072585616, 0]
14	[-122.51257061768354, -1]
15	[-138.0243068709824, 0]
15	[-122.51257061768354, -1]
16	[-138.0243068709824, 0]
16	[-120.98849422304464, -1]
17	[-138.0243068709824, 0]
17	[-118.10977390945503, -1]
17	[-114.52871780867558, -3]
18	[-138.0243068709824, 0]
18	[-118.10977390945503, -1]
18	[-114.52871780867558, -3]
19	[-126.29871602271086, 0]
19	[-118.10977390945503, -1]
19	[-113.07339210137417, -3]
20	[-126.29871602271086, 0]
20	[-118.10977390945503, -1]
20	[-113.07339210137417, -3]
21	[-126.29871602271086, 0]
21	[-118.10977390945503, -1]
21	[-113.07339210137417, -3]
22	[-126.29871602271086, 0]
22	[-117.78033836730299, -1]
22	[-101.53127130980617, -3]
23	[-126.29871602271086, 0]
23	[-117.78033836730299, -1]
23	[-95.7005798115417, -3]
24	[-126.29871602271086, 0]
24	[-117.78033836730299, -1]
24	[-95.7005798115417, -3]
25	[-125.10095666637407, 0]
25	[-117.78033836730299, -1]
25	[-95.7005798115417, -3]
26	[-125.10095666637407, 0]
26	[-117.78033836730299, -1]
26	[-95.7005798115417, -3]
26	[-95.7005798115417, -3]
27	[-125.10095666637407, 0]
27	[-117.78033836730299, -1]
27	[-95.7005798115417, -3]
27	[-95.7005798115417, -3]
28	[-125.10095666637407, 0]
28	[-117.78033836730299, -1]
28	[-95.65784933820686, -3]
29	[-125.10095666637407, 0]
29	[-117.78033836730299, -1]
29	[-95.65784933820686, -3]
30	[-125.10095666637407, 0]
30	[-112.3402153777315, -1]
30	[-95.65784933820686, -3]
31	[-125.10095666637407, 0]
31	[-112.3402153777315, -1]
31	[-95.65784933820686, -3]
32	[-123.15480616110666, 0]
32	[-112.3402153777315, -1]
32	[-95.65784933820686, -3]
33	[-123.15480616110666, 0]
33	[-111.57466248057572, -1]
33	[-95.65784933820686, -3]
34	[-118.26958229646078, 0]
34	[-111.57466248057572, -1]
34	[-95.39457904688112, -3]
35	[-118.26958229646078, 0]
35	[-111.57466248057572, -1]
35	[-95.39457904688112, -3]
36	[-118.26958229646078, 0]
36	[-111.57466248057572, -1]
36	[-95.39457904688112, -3]
37	[-118.26958229646078, 0]
37	[-111.57466248057572, -1]
37	[-95.39457904688112, -3]
38	[-118.26958229646078, 0]
38	[-111.57466248057572, -1]
38	[-95.39457904688112, -3]
39	[-118.26958229646078, 0]
39	[-111.57466248057572, -1]
39	[-95.39457904688112, -3]
40	[-118.26958229646078, 0]
40	[-111.57466248057572, -1]
40	[-95.39457904688112, -3]
41	[-117.52781431460491, 0]
41	[-111.57466248057572, -1]
41	[-95.39457904688112, -3]
42	[-117.52781431460491, 0]
42	[-111.57466248057572, -1]
42	[-95.39457904688112, -3]
43	[-117.52781431460491, 0]
43	[-111.57466248057572, -1]
43	[-95.39457904688112, -3]
44	[-117.52781431460491, 0]
44	[-111.57466248057572, -1]
44	[-95.39457904688112, -3]
45	[-117.52781431460491, 0]
45	[-111.57466248057572, -1]
45	[-95.39457904688112, -3]
46	[-117.52781431460491, 0]
46	[-111.57466248057572, -1]
46	[-95.39457904688112, -3]
46	[-95.39457904688112, -3]
47	[-116.77041604332815, 0]
47	[-111.57466248057572, -1]
47	[-95.39457904688112, -3]
47	[-95.39457904688112, -3]
47	[-95.39457904688112, -3]
48	[-116.77041604332815, 0]
48	[-111.57466248057572, -1]
48	[-95.39457904688112, -3]
48	[-95.39457904688112, -3]
48	[-95.39457904688112, -3]
49	[-116.77041604332815, 0]
49	[-111.57466248057572, -1]
49	[-95.39457904688112, -3]
49	[-95.39457904688112, -3]
49	[-95.39457904688112, -3]
50	[-116.77041604332815, 0]
50	[-111.57466248057572, -1]
50	[-95.39457904688112, -3]
50	[-95.39457904688112, -3]
50	[-95.39457904688112, -3]
51	[-116.77041604332815, 0]
51	[-100.81423160707483, -1]
51	[-95.39457904688112, -3]
51	[-95.39457904688112, -3]
51	[-95.39457904688112, -3]
52	[-116.77041604332815, 0]
52	[-100.81423160707483, -1]
52	[-94.85447214189408, -3]
53	[-116.77041604332815, 0]
53	[-100.81423160707483, -1]
53	[-94.85447214189408, -3]
54	[-116.42706887719011, 0]
54	[-100.81423160707483, -1]
54	[-94.85447214189408, -3]
55	[-116.42706887719011, 0]
55	[-100.81423160707483, -1]
55	[-87.13156129556437, -3]
56	[-116.42706887719011, 0]
56	[-100.81423160707483, -1]
56	[-87.13156129556437, -3]
57	[-116.42706887719011, 0]
57	[-100.81423160707483, -1]
57	[-87.13156129556437, -3]
58	[-116.42706887719011, 0]
58	[-100.81423160707483, -1]
58	[-87.13156129556437, -3]
59	[-111.49221128405884, 0]
59	[-100.81423160707483, -1]
59	[-87.13156129556437, -3]
60	[-111.49221128405884, 0]
60	[-100.81423160707483, -1]
60	[-87.13156129556437, -3]
61	[-111.49221128405884, 0]
61	[-100.81423160707483, -1]
61	[-87.13156129556437, -3]
62	[-111.49221128405884, 0]
62	[-100.81423160707483, -1]
62	[-87.13156129556437, -3]
63	[-111.49221128405884, 0]
63	[-98.27765150273639, -1]
63	[-87.13156129556437, -3]
64	[-111.49221128405884, 0]
64	[-98.27765150273639, -1]
64	[-86.77786973225813, -3]
65	[-109.26350131573686, 0]
65	[-98.27765150273639, -1]
65	[-86.77786973225813, -3]
66	[-109.26350131573686, 0]
66	[-98.27765150273639, -1]
66	[-86.77786973225813, -3]
67	[-109.26350131573686, 0]
67	[-98.27765150273639, -1]
67	[-85.99225104696669, -3]
68	[-109.26350131573686, 0]
68	[-98.27765150273639, -1]
68	[-85.99225104696669, -3]
69	[-109.26350131573686, 0]
69	[-98.27765150273639, -1]
69	[-85.99225104696669, -3]
70	[-109.26350131573686, 0]
70	[-98.27765150273639, -1]
70	[-85.99225104696669, -3]
71	[-109.26350131573686, 0]
71	[-98.27765150273639, -1]
71	[-85.99225104696669, -3]
72	[-109.26350131573686, 0]
72	[-98.27765150273639, -1]
72	[-85.99225104696669, -3]
73	[-109.26350131573686, 0]
73	[-98.27765150273639, -1]
73	[-85.99225104696669, -3]
74	[-109.26350131573686, 0]
74	[-98.27765150273639, -1]
74	[-85.99225104696669, -3]
75	[-109.26350131573686, 0]
75	[-98.27765150273639, -1]
75	[-85.99225104696669, -3]
76	[-109.26350131573686, 0]
76	[-98.27765150273639, -1]
76	[-85.99225104696669, -3]
77	[-109.26350131573686, 0]
77	[-98.27765150273639, -1]
77	[-85.99225104696669, -3]
78	[-109.26350131573686, 0]
78	[-98.27765150273639, -1]
78	[-85.99225104696669, -3]
79	[-109.26350131573686, 0]
79	[-97.60355816066387, -1]
79	[-85.99225104696669, -3]
80	[-109.26350131573686, 0]
80	[-97.60355816066387, -1]
80	[-97.60355816066387, -1]
80	[-85.99225104696669, -3]
81	[-109.26350131573686, 0]
81	[-97.60355816066387, -1]
81	[-97.60355816066387, -1]
81	[-85.99225104696669, -3]
82	[-109.26350131573686, 0]
82	[-97.60355816066387, -1]
82	[-97.60355816066387, -1]
82	[-85.99225104696669, -3]
83	[-109.26350131573686, 0]
83	[-97.60355816066387, -1]
83	[-97.60355816066387, -1]
83	[-85.99225104696669, -3]
84	[-109.26350131573686, 0]
84	[-97.60355816066387, -1]
84	[-97.60355816066387, -1]
84	[-97.60355816066387, -1]
84	[-85.99225104696669, -3]
85	[-109.26350131573686, 0]
85	[-97.60355816066387, -1]
85	[-97.60355816066387, -1]
85	[-97.60355816066387, -1]
85	[-85.99225104696669, -3]
86	[-109.26350131573686, 0]
86	[-97.60355816066387, -1]
86	[-97.60355816066387, -1]
86	[-97.60355816066387, -1]
86	[-85.99225104696669, -3]
87	[-109.26350131573686, 0]
87	[-97.58373966919416, -1]
87	[-85.99225104696669, -3]
88	[-109.26350131573686, 0]
88	[-97.58373966919416, -1]
88	[-85.99225104696669, -3]
89	[-109.26350131573686, 0]
89	[-97.58373966919416, -1]
89	[-85.99225104696669, -3]
90	[-109.26350131573686, 0]
90	[-97.58373966919416, -1]
90	[-85.99225104696669, -3]
91	[-109.26350131573686, 0]
91	[-97.58373966919416, -1]
91	[-85.99225104696669, -3]
92	[-109.26350131573686, 0]
92	[-97.58373966919416, -1]
92	[-85.99225104696669, -3]
93	[-109.26350131573686, 0]
93	[-97.58373966919416, -1]
93	[-85.99225104696669, -3]
94	[-109.26350131573686, 0]
94	[-97.58373966919416, -1]
94	[-85.99225104696669, -3]
95	[-109.26350131573686, 0]
95	[-97.58373966919416, -1]
95	[-85.99225104696669, -3]
96	[-109.1750377699718, 0]
96	[-97.58373966919416, -1]
96	[-85.99225104696669, -3]
97	[-109.1750377699718, 0]
97	[-97.58373966919416, -1]
97	[-85.99225104696669, -3]
98	[-109.1750377699718, 0]
98	[-97.58373966919416, -1]
98	[-85.99225104696669, -3]
99	[-109.1750377699718, 0]
99	[-97.58373966919416, -1]
99	[-85.99225104696669, -3]
100	[-109.1750377699718, 0]
100	[-97.58373966919416, -1]
100	[-85.99225104696669, -3]
101	[-109.1750377699718, 0]
101	[-97.58373966919416, -1]
101	[-85.99225104696669, -3]
102	[-109.1750377699718, 0]
102	[-97.58373966919416, -1]
102	[-85.99225104696669, -3]
103	[-109.1750377699718, 0]
103	[-97.58373966919416, -1]
103	[-85.99225104696669, -3]
104	[-109.1750377699718, 0]
104	[-96.89478313122333, -1]
104	[-85.9747973942677, -3]
105	[-109.1750377699718, 0]
105	[-96.74626853569289, -1]
105	[-85.9747973942677, -3]
106	[-109.1750377699718, 0]
106	[-96.74626853569289, -1]
106	[-85.9747973942677, -3]
107	[-109.1750377699718, 0]
107	[-96.74626853569289, -1]
107	[-85.9747973942677, -3]
108	[-109.1750377699718, 0]
108	[-96.74626853569289, -1]
108	[-85.9747973942677, -3]
109	[-109.1750377699718, 0]
109	[-96.74626853569289, -1]
109	[-85.9747973942677, -3]
110	[-109.1750377699718, 0]
110	[-96.74626853569289, -1]
110	[-85.9747973942677, -3]
111	[-109.1750377699718, 0]
111	[-96.5739707444617, -1]
111	[-85.9747973942677, -3]
112	[-109.1750377699718, 0]
112	[-96.5739707444617, -1]
112	[-85.9747973942677, -3]
113	[-108.1076057225751, 0]
113	[-96.5739707444617, -1]
113	[-85.9747973942677, -3]
114	[-108.1076057225751, 0]
114	[-96.05896473955562, -1]
114	[-85.9747973942677, -3]
115	[-108.1076057225751, 0]
115	[-96.05896473955562, -1]
115	[-85.9747973942677, -3]
115	[-85.9747973942677, -3]
116	[-108.1076057225751, 0]
116	[-96.05896473955562, -1]
116	[-85.84615606771371, -3]
117	[-108.1076057225751, 0]
117	[-94.72479191281697, -1]
117	[-85.84615606771371, -3]
118	[-108.1076057225751, 0]
118	[-94.72479191281697, -1]
118	[-85.84615606771371, -3]
119	[-108.1076057225751, 0]
119	[-94.72479191281697, -1]
119	[-85.84615606771371, -3]
120	[-108.1076057225751, 0]
120	[-94.72479191281697, -1]
120	[-85.84615606771371, -3]
121	[-108.1076057225751, 0]
121	[-94.72479191281697, -1]
121	[-85.84615606771371, -3]
122	[-108.1076057225751, 0]
122	[-94.72479191281697, -1]
122	[-85.84615606771371, -3]
123	[-108.1076057225751, 0]
123	[-94.72479191281697, -1]
123	[-85.84615606771371, -3]
124	[-108.1076057225751, 0]
124	[-94.72479191281697, -1]
124	[-85.82025239080205, -3]
125	[-108.1076057225751, 0]
125	[-94.72479191281697, -1]
125	[-85.82025239080205, -3]
125	[-85.82025239080205, -3]
126	[-108.1076057225751, 0]
126	[-94.72479191281697, -1]
126	[-85.82025239080205, -3]
126	[-85.82025239080205, -3]
127	[-108.1076057225751, 0]
127	[-94.72479191281697, -1]
127	[-85.22283533598521, -3]
128	[-108.1076057225751, 0]
128	[-94.72479191281697, -1]
128	[-85.22283533598521, -3]
129	[-108.1076057225751, 0]
129	[-94.72479191281697, -1]
129	[-85.22283533598521, -3]
130	[-108.1076057225751, 0]
130	[-94.72479191281697, -1]
130	[-85.22283533598521, -3]
131	[-108.1076057225751, 0]
131	[-94.72479191281697, -1]
131	[-85.22283533598521, -3]
132	[-108.1076057225751, 0]
132	[-94.72479191281697, -1]
132	[-85.22283533598521, -3]
133	[-108.1076057225751, 0]
133	[-94.72479191281697, -1]
133	[-85.22283533598521, -3]
134	[-108.1076057225751, 0]
134	[-94.40109460853047, -1]
134	[-85.22283533598521, -3]
135	[-108.1076057225751, 0]
135	[-94.40109460853047, -1]
135	[-85.22283533598521, -3]
136	[-108.1076057225751, 0]
136	[-94.40109460853047, -1]
136	[-85.22283533598521, -3]
137	[-108.1076057225751, 0]
137	[-94.40109460853047, -1]
137	[-85.22283533598521, -3]
138	[-108.1076057225751, 0]
138	[-94.40109460853047, -1]
138	[-85.22283533598521, -3]
139	[-108.1076057225751, 0]
139	[-94.40109460853047, -1]
139	[-85.22283533598521, -3]
140	[-108.0660771584058, 0]
140	[-94.40109460853047, -1]
140	[-85.22283533598521, -3]
141	[-108.0660771584058, 0]
141	[-94.40109460853047, -1]
141	[-85.22283533598521, -3]
142	[-108.0660771584058, 0]
142	[-94.40109460853047, -1]
142	[-85.22283533598521, -3]
143	[-108.02766943120147, 0]
143	[-94.40109460853047, -1]
143	[-85.22283533598521, -3]
144	[-108.02766943120147, 0]
144	[-94.40109460853047, -1]
144	[-85.22283533598521, -3]
145	[-108.02766943120147, 0]
145	[-94.02634398976008, -1]
145	[-85.22283533598521, -3]
146	[-107.39799638171188, 0]
146	[-86.78485393203877, -1]
146	[-85.22283533598521, -3]
147	[-107.39799638171188, 0]
147	[-86.78485393203877, -1]
147	[-85.22283533598521, -3]
148	[-107.39799638171188, 0]
148	[-86.78485393203877, -1]
148	[-85.22283533598521, -3]
149	[-107.39799638171188, 0]
149	[-86.78485393203877, -1]
149	[-84.91525568925137, -3]
150	[-107.39799638171188, 0]
150	[-86.78485393203877, -1]
150	[-84.91525568925137, -3]
151	[-107.39799638171188, 0]
151	[-86.78485393203877, -1]
151	[-84.91525568925137, -3]
152	[-107.39799638171188, 0]
152	[-86.78485393203877, -1]
152	[-84.91525568925137, -3]
153	[-107.39799638171188, 0]
153	[-86.77995160097893, -1]
153	[-84.91525568925137, -3]
154	[-107.39799638171188, 0]
154	[-86.77995160097893, -1]
154	[-84.91525568925137, -3]
155	[-107.39799638171188, 0]
155	[-86.77995160097893, -1]
155	[-84.91525568925137, -3]
156	[-107.39799638171188, 0]
156	[-86.77995160097893, -1]
156	[-84.91525568925137, -3]
157	[-107.39799638171188, 0]
157	[-86.77995160097893, -1]
157	[-84.91525568925137, -3]
158	[-107.39799638171188, 0]
158	[-84.23026664544238, -1]
159	[-107.39799638171188, 0]
159	[-84.23026664544238, -1]
160	[-107.39799638171188, 0]
160	[-84.23026664544238, -1]
161	[-107.39799638171188, 0]
161	[-84.23026664544238, -1]
162	[-107.39799638171188, 0]
162	[-83.67614736619333, -1]
163	[-107.39799638171188, 0]
163	[-83.67614736619333, -1]
164	[-107.39799638171188, 0]
164	[-83.67614736619333, -1]
165	[-107.39799638171188, 0]
165	[-83.67614736619333, -1]
166	[-107.39799638171188, 0]
166	[-83.67614736619333, -1]
167	[-107.39799638171188, 0]
167	[-83.67614736619333, -1]
168	[-107.39799638171188, 0]
168	[-83.67614736619333, -1]
169	[-107.39799638171188, 0]
169	[-83.67614736619333, -1]
170	[-107.39799638171188, 0]
170	[-83.67614736619333, -1]
171	[-107.39799638171188, 0]
171	[-83.67614736619333, -1]
172	[-107.39799638171188, 0]
172	[-83.67614736619333, -1]
173	[-107.39799638171188, 0]
173	[-83.67614736619333, -1]
174	[-107.39799638171188, 0]
174	[-83.67614736619333, -1]
175	[-107.39799638171188, 0]
175	[-83.67614736619333, -1]
176	[-107.39799638171188, 0]
176	[-83.67614736619333, -1]
177	[-107.39799638171188, 0]
177	[-83.67614736619333, -1]
178	[-107.39799638171188, 0]
178	[-83.67614736619333, -1]
179	[-107.39799638171188, 0]
179	[-83.67614736619333, -1]
180	[-107.39799638171188, 0]
180	[-83.63787604003934, -1]
181	[-107.39799638171188, 0]
181	[-83.63787604003934, -1]
182	[-107.39799638171188, 0]
182	[-83.63787604003934, -1]
183	[-107.39799638171188, 0]
183	[-83.63787604003934, -1]
184	[-107.39799638171188, 0]
184	[-83.51916119763666, -1]
185	[-107.37793217518178, 0]
185	[-83.51916119763666, -1]
186	[-107.37793217518178, 0]
186	[-83.51916119763666, -1]
187	[-105.74707437493178, 0]
187	[-83.2486684457867, -1]
188	[-105.74707437493178, 0]
188	[-83.2486684457867, -1]
189	[-105.74707437493178, 0]
189	[-83.2486684457867, -1]
190	[-105.74707437493178, 0]
190	[-83.2486684457867, -1]
191	[-105.74707437493178, 0]
191	[-83.2486684457867, -1]
192	[-105.74707437493178, 0]
192	[-83.2486684457867, -1]
193	[-105.74707437493178, 0]
193	[-82.22863464491799, -1]
194	[-105.74707437493178, 0]
194	[-82.22863464491799, -1]
195	[-105.74707437493178, 0]
195	[-82.22863464491799, -1]
196	[-105.74707437493178, 0]
196	[-82.22863464491799, -1]
197	[-105.74707437493178, 0]
197	[-82.22863464491799, -1]
198	[-105.74707437493178, 0]
198	[-82.22863464491799, -1]
199	[-105.74707437493178, 0]
199	[-82.22863464491799, -1]
200	[-105.74707437493178, 0]
200	[-82.22863464491799, -1]
201	[-105.74707437493178, 0]
201	[-82.22863464491799, -1]
202	[-105.74707437493178, 0]
202	[-82.22863464491799, -1]
203	[-105.74707437493178, 0]
203	[-82.22863464491799, -1]
204	[-105.74707437493178, 0]
204	[-82.22863464491799, -1]
205	[-105.74707437493178, 0]
205	[-82.22863464491799, -1]
206	[-105.74707437493178, 0]
206	[-82.22863464491799, -1]
207	[-104.70746695764643, 0]
207	[-82.22863464491799, -1]
208	[-104.70746695764643, 0]
208	[-82.22863464491799, -1]
209	[-104.70746695764643, 0]
209	[-82.22863464491799, -1]
210	[-104.70746695764643, 0]
210	[-82.22863464491799, -1]
211	[-104.70746695764643, 0]
211	[-82.22863464491799, -1]
212	[-104.62882165479176, 0]
212	[-82.22863464491799, -1]
213	[-104.62882165479176, 0]
213	[-82.22863464491799, -1]
214	[-104.62882165479176, 0]
214	[-82.22863464491799, -1]
215	[-104.62882165479176, 0]
215	[-82.22863464491799, -1]
216	[-104.62882165479176, 0]
216	[-82.22863464491799, -1]
217	[-104.61825809970551, 0]
217	[-82.22863464491799, -1]
218	[-104.61825809970551, 0]
218	[-82.22863464491799, -1]
219	[-104.61825809970551, 0]
219	[-82.22863464491799, -1]
220	[-104.41161374114887, 0]
220	[-82.22863464491799, -1]
221	[-104.41161374114887, 0]
221	[-82.22863464491799, -1]
222	[-104.41161374114887, 0]
222	[-82.22863464491799, -1]
223	[-104.41161374114887, 0]
223	[-82.22863464491799, -1]
224	[-104.41161374114887, 0]
224	[-82.22863464491799, -1]
225	[-104.41161374114887, 0]
225	[-82.22863464491799, -1]
226	[-104.27867134577859, 0]
226	[-82.22863464491799, -1]
227	[-104.15003464419439, 0]
227	[-82.22863464491799, -1]
228	[-104.15003464419439, 0]
228	[-79.94607766830835, -1]
229	[-104.15003464419439, 0]
229	[-79.94607766830835, -1]
230	[-104.15003464419439, 0]
230	[-79.94607766830835, -1]
231	[-104.15003464419439, 0]
231	[-79.94607766830835, -1]
232	[-104.15003464419439, 0]
232	[-79.94607766830835, -1]
233	[-104.15003464419439, 0]
233	[-77.7104462590768, -1]
234	[-104.15003464419439, 0]
234	[-77.7104462590768, -1]
235	[-104.13117620988704, 0]
235	[-77.7104462590768, -1]
236	[-104.13117620988704, 0]
236	[-77.7104462590768, -1]
237	[-104.13117620988704, 0]
237	[-77.7104462590768, -1]
238	[-104.13117620988704, 0]
238	[-77.26160807599535, -1]
239	[-104.13117620988704, 0]
239	[-77.26160807599535, -1]
240	[-102.55502477006674, 0]
240	[-77.26160807599535, -1]
241	[-102.55502477006674, 0]
241	[-77.26160807599535, -1]
242	[-102.55502477006674, 0]
242	[-77.26160807599535, -1]
243	[-102.55502477006674, 0]
243	[-77.26160807599535, -1]
244	[-102.55502477006674, 0]
244	[-77.26160807599535, -1]
245	[-102.55502477006674, 0]
245	[-77.26160807599535, -1]
246	[-102.55502477006674, 0]
246	[-77.26160807599535, -1]
247	[-102.55502477006674, 0]
247	[-77.26160807599535, -1]
248	[-102.37967436305678, 0]
248	[-77.26160807599535, -1]
249	[-102.37967436305678, 0]
249	[-77.26160807599535, -1]
250	[-102.37967436305678, 0]
250	[-77.26160807599535, -1]
251	[-102.37967436305678, 0]
251	[-102.37967436305678, 0]
251	[-77.26160807599535, -1]
252	[-102.37967436305678, 0]
252	[-102.37967436305678, 0]
252	[-77.26160807599535, -1]
253	[-102.37967436305678, 0]
253	[-102.37967436305678, 0]
253	[-77.26160807599535, -1]
254	[-101.49508375429933, 0]
254	[-77.26160807599535, -1]
255	[-101.49508375429933, 0]
255	[-77.26160807599535, -1]
256	[-101.49508375429933, 0]
256	[-77.26160807599535, -1]
257	[-98.89640627533284, 0]
257	[-77.26160807599535, -1]
258	[-98.89640627533284, 0]
258	[-77.26160807599535, -1]
259	[-98.89640627533284, 0]
259	[-77.26160807599535, -1]
260	[-98.89640627533284, 0]
260	[-77.26160807599535, -1]
261	[-98.89640627533284, 0]
261	[-77.26160807599535, -1]
262	[-98.89640627533284, 0]
262	[-98.89640627533284, 0]
262	[-77.26160807599535, -1]
263	[-98.89640627533284, 0]
263	[-98.89640627533284, 0]
263	[-77.26160807599535, -1]
264	[-98.89640627533284, 0]
264	[-98.89640627533284, 0]
264	[-77.26160807599535, -1]
265	[-98.89640627533284, 0]
265	[-98.89640627533284, 0]
265	[-77.26160807599535, -1]
266	[-98.85995480003756, 0]
266	[-77.26160807599535, -1]
267	[-98.2408836935776, 0]
267	[-77.26160807599535, -1]
268	[-98.2408836935776, 0]
268	[-77.26160807599535, -1]
269	[-98.2408836935776, 0]
269	[-77.26160807599535, -1]
270	[-98.23077814888163, 0]
270	[-76.09017381078971, -1]
271	[-98.23077814888163, 0]
271	[-76.09017381078971, -1]
272	[-98.23077814888163, 0]
272	[-76.09017381078971, -1]
273	[-98.23077814888163, 0]
273	[-76.09017381078971, -1]
274	[-98.23077814888163, 0]
274	[-76.09017381078971, -1]
275	[-98.23077814888163, 0]
275	[-76.09017381078971, -1]
276	[-98.23077814888163, 0]
276	[-76.09017381078971, -1]
277	[-98.23077814888163, 0]
277	[-76.09017381078971, -1]
278	[-98.23077814888163, 0]
278	[-76.09017381078971, -1]
279	[-98.20465560160036, 0]
279	[-76.09017381078971, -1]
280	[-98.20465560160036, 0]
280	[-76.09017381078971, -1]
281	[-98.20465560160036, 0]
281	[-76.09017381078971, -1]
282	[-98.20465560160036, 0]
282	[-76.09017381078971, -1]
283	[-98.20465560160036, 0]
283	[-75.79132899753081, -1]
284	[-98.20465560160036, 0]
284	[-75.79132899753081, -1]
285	[-98.20465560160036, 0]
285	[-75.79132899753081, -1]
286	[-98.20465560160036, 0]
286	[-75.79132899753081, -1]
287	[-98.20465560160036, 0]
287	[-75.79132899753081, -1]
288	[-98.20465560160036, 0]
288	[-75.79132899753081, -1]
289	[-98.20465560160036, 0]
289	[-75.79132899753081, -1]
290	[-98.20465560160036, 0]
290	[-75.79132899753081, -1]
291	[-98.20465560160036, 0]
291	[-75.79132899753081, -1]
292	[-98.20465560160036, 0]
292	[-75.79132899753081, -1]
293	[-98.20465560160036, 0]
293	[-75.79132899753081, -1]
294	[-98.20465560160036, 0]
294	[-75.79132899753081, -1]
295	[-98.20465560160036, 0]
295	[-75.79132899753081, -1]
296	[-98.20465560160036, 0]
296	[-75.79132899753081, -1]
297	[-98.20465560160036, 0]
297	[-75.79132899753081, -1]
298	[-98.20465560160036, 0]
298	[-75.79132899753081, -1]
299	[-98.20465560160036, 0]
299	[-75.79132899753081, -1]
300	[-98.20465560160036, 0]
300	[-75.79132899753081, -1]
300	[-98.20465560160036, 0]
300	[-75.79132899753081, -1]
