Generation:
398

Phenotype:
6
V1 = gm([0.4e1, +9.8e0, 3.0e0]);
V2 = -0.3e0;
V2 = V2 + gm([7.1e0, +5.2e0, 0.2e1]);
V3 = -3.1e0;
V3 = V3 + uniform([+0.9e1, 8.0e0], 2);

Pre-processed Program
:T = gm([1.000000], [9.8], [3]);C = 0;C = C - 0.3;C = C + gm([1.000000], [5.2], [2]);F = 0;F = F - 3.1;F = F + uniform([9.000000, 17.000000], 2);Genotype:
[184, 257, 104, 308, 436, 28, 453, 110, 204, 317, 268, 60, 489, 58, 144, 3, 323, 480, 308, 471, 408, 320, 113, 110, 209, 420, 323, 316, 420, 103, 128, 486, 207, 111, 182, 428, 66, 295, 232, 242, 237, 330, 222, 169, 429, 128, 430, 375, 151, 451, 313, 381, 188, 257, 140, 165, 290, 470, 109, 199, 311, 198, 350, 386, 375, 388, 1, 210, 202, 225, 255, 97, 200, 464, 177, 369, 41, 148, 210, 366, 135, 139, 177, 303, 398, 150, 16, 365, 62, 438, 415, 122, 22, 295, 100, 220, 289, 43, 463, 327, 76, 252, 183, 210, 13]
Tree:
None
Fitness on 5000 data:
-51.13504428966532

Fitness:
-51.13504428966532