0	[-3366.7094608162374, -1]
0	[-193.30566185160242, -2]
1	[-3366.7094608162374, -1]
1	[-193.30566185160242, -2]
2	[-1211.8353685783914, 0]
2	[-321.46299974521037, -1]
2	[-193.30566185160242, -2]
3	[-1211.8353685783914, 0]
3	[-321.46299974521037, -1]
3	[-189.23943795479326, -2]
4	[-189.77868143711333, 0]
4	[-148.3759105319577, -1]
5	[-163.46103745317532, 0]
5	[-148.3759105319577, -1]
6	[-133.09295382167767, 0]
7	[-133.09295382167767, 0]
8	[-132.07240262264293, 0]
9	[-131.552936931064, 0]
10	[-131.552936931064, 0]
11	[-131.552936931064, 0]
12	[-131.552936931064, 0]
13	[-131.552936931064, 0]
14	[-131.552936931064, 0]
15	[-131.552936931064, 0]
16	[-129.42481285714905, 0]
17	[-129.42481285714905, 0]
18	[-129.42481285714905, 0]
19	[-129.42481285714905, 0]
20	[-128.3329535872075, 0]
21	[-127.49032497550375, 0]
22	[-127.49032497550375, 0]
23	[-127.49032497550375, 0]
24	[-127.49032497550375, 0]
25	[-127.49032497550375, 0]
26	[-124.03209548849966, 0]
27	[-124.03209548849966, 0]
28	[-124.03209548849966, 0]
29	[-124.03209548849966, 0]
30	[-124.03209548849966, 0]
31	[-124.03209548849966, 0]
32	[-124.03209548849966, 0]
33	[-124.03209548849966, 0]
34	[-124.03209548849966, 0]
35	[-124.03209548849966, 0]
36	[-124.03209548849966, 0]
37	[-124.03209548849966, 0]
38	[-124.03209548849966, 0]
39	[-124.03209548849966, 0]
40	[-124.03209548849966, 0]
41	[-124.03209548849966, 0]
42	[-124.03209548849966, 0]
43	[-124.03209548849966, 0]
44	[-124.03209548849966, 0]
45	[-121.27506344519702, 0]
46	[-121.27506344519702, 0]
47	[-121.27506344519702, 0]
47	[-120.20483390638373, -1]
48	[-121.27506344519702, 0]
48	[-120.20483390638373, -1]
49	[-121.27506344519702, 0]
49	[-120.20483390638373, -1]
50	[-121.27506344519702, 0]
50	[-120.05833868772768, -1]
51	[-120.87264009421695, 0]
51	[-119.83857833494363, -1]
52	[-120.87264009421695, 0]
52	[-118.52006917647489, -1]
53	[-120.87264009421695, 0]
53	[-118.52006917647489, -1]
54	[-120.87264009421695, 0]
54	[-118.42032080705553, -1]
55	[-120.87264009421695, 0]
55	[-118.42032080705553, -1]
56	[-120.87264009421695, 0]
56	[-116.47181019122092, -1]
57	[-120.87264009421695, 0]
57	[-116.47181019122092, -1]
58	[-120.87264009421695, 0]
58	[-116.47181019122092, -1]
59	[-120.87264009421695, 0]
59	[-116.47181019122092, -1]
60	[-120.87264009421695, 0]
60	[-114.33582656081032, -1]
61	[-120.87264009421695, 0]
61	[-106.1994125628132, -1]
62	[-120.87264009421695, 0]
62	[-106.1994125628132, -1]
63	[-120.87264009421695, 0]
63	[-106.1994125628132, -1]
63	[-106.1994125628132, -1]
64	[-120.87264009421695, 0]
64	[-106.1994125628132, -1]
64	[-106.1994125628132, -1]
65	[-120.87264009421695, 0]
65	[-106.1994125628132, -1]
65	[-106.1994125628132, -1]
66	[-120.87264009421695, 0]
66	[-106.19229487120104, -1]
67	[-120.87264009421695, 0]
67	[-106.19229487120104, -1]
68	[-120.87264009421695, 0]
68	[-103.20161826032486, -1]
69	[-120.87264009421695, 0]
69	[-103.16444059874331, -1]
70	[-120.87264009421695, 0]
70	[-101.09665844951645, -1]
71	[-120.87264009421695, 0]
71	[-100.41806613694678, -1]
72	[-120.87264009421695, 0]
72	[-98.60762637029009, -1]
73	[-119.84402065541715, 0]
73	[-98.60762637029009, -1]
74	[-119.84402065541715, 0]
74	[-98.60762637029009, -1]
75	[-119.84402065541715, 0]
75	[-98.60762637029009, -1]
76	[-119.84402065541715, 0]
76	[-98.60762637029009, -1]
77	[-119.83043407239842, 0]
77	[-98.60762637029009, -1]
78	[-119.83043407239842, 0]
78	[-98.60762637029009, -1]
79	[-119.83043407239842, 0]
79	[-98.60762637029009, -1]
80	[-119.83043407239842, 0]
80	[-98.60762637029009, -1]
81	[-119.83043407239842, 0]
81	[-98.60762637029009, -1]
82	[-119.83043407239842, 0]
82	[-98.60762637029009, -1]
83	[-118.41613883816657, 0]
83	[-98.60762637029009, -1]
84	[-118.41613883816657, 0]
84	[-98.60762637029009, -1]
85	[-118.41613883816657, 0]
85	[-98.60762637029009, -1]
86	[-118.41613883816657, 0]
86	[-98.60762637029009, -1]
87	[-118.41613883816657, 0]
87	[-98.58403223186978, -1]
88	[-118.41613883816657, 0]
88	[-98.58403223186978, -1]
89	[-118.41613883816657, 0]
89	[-98.58403223186978, -1]
90	[-118.41613883816657, 0]
90	[-96.4654658292251, -1]
91	[-118.41613883816657, 0]
91	[-96.45562926161948, -1]
92	[-118.41613883816657, 0]
92	[-96.45562926161948, -1]
93	[-118.41613883816657, 0]
93	[-96.45562926161948, -1]
94	[-118.41613883816657, 0]
94	[-96.45562926161948, -1]
95	[-118.41613883816657, 0]
95	[-96.45562926161948, -1]
96	[-118.41613883816657, 0]
96	[-96.45562926161948, -1]
96	[-96.45562926161948, -1]
97	[-118.41613883816657, 0]
97	[-96.45562926161948, -1]
97	[-96.45562926161948, -1]
98	[-118.25376231400763, 0]
98	[-96.45562926161948, -1]
98	[-96.45562926161948, -1]
99	[-118.25376231400763, 0]
99	[-96.4472400535007, -1]
100	[-118.25376231400763, 0]
100	[-96.41124396533112, -1]
101	[-118.25376231400763, 0]
101	[-96.41124396533112, -1]
102	[-118.25376231400763, 0]
102	[-96.18827319146835, -1]
103	[-118.25376231400763, 0]
103	[-96.18827319146835, -1]
104	[-118.25376231400763, 0]
104	[-96.18827319146835, -1]
105	[-118.25376231400763, 0]
105	[-96.18827319146835, -1]
106	[-118.25376231400763, 0]
106	[-96.18827319146835, -1]
106	[-96.18827319146835, -1]
107	[-118.25376231400763, 0]
107	[-96.18827319146835, -1]
107	[-96.18827319146835, -1]
108	[-118.25376231400763, 0]
108	[-96.18827319146835, -1]
108	[-96.18827319146835, -1]
109	[-118.25376231400763, 0]
109	[-96.18827319146835, -1]
109	[-96.18827319146835, -1]
110	[-118.25376231400763, 0]
110	[-95.99212818407108, -1]
111	[-118.25376231400763, 0]
111	[-95.99212818407108, -1]
112	[-118.25376231400763, 0]
112	[-95.99212818407108, -1]
113	[-118.25376231400763, 0]
113	[-95.99212818407108, -1]
114	[-118.25376231400763, 0]
114	[-95.99212818407108, -1]
115	[-118.25376231400763, 0]
115	[-95.99212818407108, -1]
116	[-118.25376231400763, 0]
116	[-95.99212818407108, -1]
117	[-118.25376231400763, 0]
117	[-95.99212818407108, -1]
118	[-118.25376231400763, 0]
118	[-95.99212818407108, -1]
119	[-118.25376231400763, 0]
119	[-95.99212818407108, -1]
119	[-95.99212818407108, -1]
120	[-118.25376231400763, 0]
120	[-95.99212818407108, -1]
120	[-95.99212818407108, -1]
121	[-118.25376231400763, 0]
121	[-95.99212818407108, -1]
121	[-95.99212818407108, -1]
122	[-118.25376231400763, 0]
122	[-95.99212818407108, -1]
122	[-95.99212818407108, -1]
122	[-95.99212818407108, -1]
123	[-118.25376231400763, 0]
123	[-95.99212818407108, -1]
123	[-95.99212818407108, -1]
123	[-95.99212818407108, -1]
124	[-118.25376231400763, 0]
124	[-95.99212818407108, -1]
124	[-95.99212818407108, -1]
124	[-95.99212818407108, -1]
125	[-118.25376231400763, 0]
125	[-95.99212818407108, -1]
125	[-95.99212818407108, -1]
125	[-95.99212818407108, -1]
126	[-118.25376231400763, 0]
126	[-95.99212818407108, -1]
126	[-95.99212818407108, -1]
126	[-95.99212818407108, -1]
127	[-118.25376231400763, 0]
127	[-95.99040979895197, -1]
128	[-118.25376231400763, 0]
128	[-95.99040979895197, -1]
129	[-118.25376231400763, 0]
129	[-95.99040979895197, -1]
130	[-118.25376231400763, 0]
130	[-95.99040979895197, -1]
131	[-118.25376231400763, 0]
131	[-95.99040979895197, -1]
132	[-118.25376231400763, 0]
132	[-95.94295949225418, -1]
133	[-118.25376231400763, 0]
133	[-95.94295949225418, -1]
133	[-95.94295949225418, -1]
134	[-118.25376231400763, 0]
134	[-95.94295949225418, -1]
134	[-95.94295949225418, -1]
135	[-118.25376231400763, 0]
135	[-95.94295949225418, -1]
135	[-95.94295949225418, -1]
136	[-118.25376231400763, 0]
136	[-95.94295949225418, -1]
136	[-95.94295949225418, -1]
137	[-118.25376231400763, 0]
137	[-95.94295949225418, -1]
137	[-95.94295949225418, -1]
138	[-118.25376231400763, 0]
138	[-95.94295949225418, -1]
138	[-95.94295949225418, -1]
139	[-118.25376231400763, 0]
139	[-95.94295949225418, -1]
139	[-95.94295949225418, -1]
140	[-118.25376231400763, 0]
140	[-95.94295949225418, -1]
140	[-95.94295949225418, -1]
141	[-118.25376231400763, 0]
141	[-95.94295949225418, -1]
141	[-95.94295949225418, -1]
142	[-118.25376231400763, 0]
142	[-95.94295949225418, -1]
142	[-95.94295949225418, -1]
143	[-118.05008539219341, 0]
143	[-95.94295949225418, -1]
143	[-95.94295949225418, -1]
144	[-118.05008539219341, 0]
144	[-95.94295949225418, -1]
144	[-95.94295949225418, -1]
145	[-118.05008539219341, 0]
145	[-95.8217670067307, -1]
146	[-118.05008539219341, 0]
146	[-95.8217670067307, -1]
146	[-95.8217670067307, -1]
147	[-118.05008539219341, 0]
147	[-95.8217670067307, -1]
147	[-95.8217670067307, -1]
147	[-95.8217670067307, -1]
148	[-118.05008539219341, 0]
148	[-95.8217670067307, -1]
148	[-95.8217670067307, -1]
148	[-95.8217670067307, -1]
149	[-118.05008539219341, 0]
149	[-95.8217670067307, -1]
149	[-95.8217670067307, -1]
149	[-95.8217670067307, -1]
149	[-95.8217670067307, -1]
150	[-117.04715265709112, 0]
150	[-95.8217670067307, -1]
150	[-95.8217670067307, -1]
150	[-95.8217670067307, -1]
150	[-95.8217670067307, -1]
151	[-117.04715265709112, 0]
151	[-95.8217670067307, -1]
151	[-95.8217670067307, -1]
151	[-95.8217670067307, -1]
151	[-95.8217670067307, -1]
151	[-95.8217670067307, -1]
152	[-117.04715265709112, 0]
152	[-95.8217670067307, -1]
152	[-95.8217670067307, -1]
152	[-95.8217670067307, -1]
152	[-95.8217670067307, -1]
152	[-95.8217670067307, -1]
153	[-117.04715265709112, 0]
153	[-95.77615101719805, -1]
154	[-117.04715265709112, 0]
154	[-95.77615101719805, -1]
154	[-95.77615101719805, -1]
155	[-117.04715265709112, 0]
155	[-95.77615101719805, -1]
155	[-95.77615101719805, -1]
156	[-117.04715265709112, 0]
156	[-95.77615101719805, -1]
156	[-95.77615101719805, -1]
157	[-117.04715265709112, 0]
157	[-95.77615101719805, -1]
157	[-95.77615101719805, -1]
158	[-116.94266762363735, 0]
158	[-95.77615101719805, -1]
158	[-95.77615101719805, -1]
159	[-116.94266762363735, 0]
159	[-95.77615101719805, -1]
159	[-95.77615101719805, -1]
160	[-116.94266762363735, 0]
160	[-95.77615101719805, -1]
160	[-95.77615101719805, -1]
161	[-116.94266762363735, 0]
161	[-95.77615101719805, -1]
161	[-95.77615101719805, -1]
162	[-116.94266762363735, 0]
162	[-95.77615101719805, -1]
162	[-95.77615101719805, -1]
163	[-116.19026522368269, 0]
163	[-95.77615101719805, -1]
163	[-95.77615101719805, -1]
164	[-116.07146980520935, 0]
164	[-95.77615101719805, -1]
164	[-95.77615101719805, -1]
165	[-116.07146980520935, 0]
165	[-95.77615101719805, -1]
165	[-95.77615101719805, -1]
166	[-116.07146980520935, 0]
166	[-95.77615101719805, -1]
166	[-95.77615101719805, -1]
167	[-116.07146980520935, 0]
167	[-95.77615101719805, -1]
167	[-95.77615101719805, -1]
168	[-116.07146980520935, 0]
168	[-95.77615101719805, -1]
168	[-95.77615101719805, -1]
169	[-116.07146980520935, 0]
169	[-95.77615101719805, -1]
169	[-95.77615101719805, -1]
169	[-95.77615101719805, -1]
170	[-116.07146980520935, 0]
170	[-95.77615101719805, -1]
170	[-95.77615101719805, -1]
170	[-95.77615101719805, -1]
171	[-116.07146980520935, 0]
171	[-95.77615101719805, -1]
171	[-95.77615101719805, -1]
171	[-95.77615101719805, -1]
172	[-116.07146980520935, 0]
172	[-83.7443485457676, -1]
173	[-96.20253028376358, 0]
173	[-83.7443485457676, -1]
174	[-96.20253028376358, 0]
174	[-83.7443485457676, -1]
175	[-96.20253028376358, 0]
175	[-83.7443485457676, -1]
176	[-96.20253028376358, 0]
176	[-83.7443485457676, -1]
177	[-96.20253028376358, 0]
177	[-83.70629226275693, -1]
178	[-96.20253028376358, 0]
178	[-83.69965159311795, -1]
179	[-96.20253028376358, 0]
179	[-83.69965159311795, -1]
180	[-96.20253028376358, 0]
180	[-83.2579168007336, -1]
181	[-96.20221484000719, 0]
181	[-83.2579168007336, -1]
182	[-96.20221484000719, 0]
182	[-83.2579168007336, -1]
183	[-96.20221484000719, 0]
183	[-83.2579168007336, -1]
184	[-96.20221484000719, 0]
184	[-82.18858583623812, -1]
185	[-96.19754834663902, 0]
185	[-82.08340310640278, -1]
186	[-96.19754834663902, 0]
186	[-82.08340310640278, -1]
187	[-96.19754834663902, 0]
187	[-82.08340310640278, -1]
188	[-96.19754834663902, 0]
188	[-82.08340310640278, -1]
188	[-82.08340310640278, -1]
189	[-96.19754834663902, 0]
189	[-81.96410425423588, -1]
190	[-96.14262418693784, 0]
190	[-81.96410425423588, -1]
191	[-96.14262418693784, 0]
191	[-81.96410425423588, -1]
192	[-96.14262418693784, 0]
192	[-81.7679490319893, -1]
193	[-96.14262418693784, 0]
193	[-81.7679490319893, -1]
194	[-96.14262418693784, 0]
194	[-96.14262418693784, 0]
194	[-81.7679490319893, -1]
195	[-96.14262418693784, 0]
195	[-96.14262418693784, 0]
195	[-81.7679490319893, -1]
196	[-96.14262418693784, 0]
196	[-96.14262418693784, 0]
196	[-81.7679490319893, -1]
197	[-96.14262418693784, 0]
197	[-96.14262418693784, 0]
197	[-96.14262418693784, 0]
197	[-81.7679490319893, -1]
198	[-96.14262418693784, 0]
198	[-96.14262418693784, 0]
198	[-96.14262418693784, 0]
198	[-81.7679490319893, -1]
199	[-96.14262418693784, 0]
199	[-96.14262418693784, 0]
199	[-96.14262418693784, 0]
199	[-81.64191176406243, -1]
200	[-96.14262418693784, 0]
200	[-96.14262418693784, 0]
200	[-96.14262418693784, 0]
200	[-81.64191176406243, -1]
201	[-96.14262418693784, 0]
201	[-96.14262418693784, 0]
201	[-96.14262418693784, 0]
201	[-96.14262418693784, 0]
201	[-96.14262418693784, 0]
201	[-81.57461515374315, -1]
202	[-96.14262418693784, 0]
202	[-96.14262418693784, 0]
202	[-96.14262418693784, 0]
202	[-96.14262418693784, 0]
202	[-96.14262418693784, 0]
202	[-96.14262418693784, 0]
202	[-81.52629932988258, -1]
203	[-96.14262418693784, 0]
203	[-96.14262418693784, 0]
203	[-96.14262418693784, 0]
203	[-96.14262418693784, 0]
203	[-96.14262418693784, 0]
203	[-96.14262418693784, 0]
203	[-96.14262418693784, 0]
203	[-81.52629932988258, -1]
204	[-96.14262418693784, 0]
204	[-96.14262418693784, 0]
204	[-96.14262418693784, 0]
204	[-96.14262418693784, 0]
204	[-96.14262418693784, 0]
204	[-96.14262418693784, 0]
204	[-96.14262418693784, 0]
204	[-81.52629932988258, -1]
204	[-81.52629932988258, -1]
205	[-96.14262418693784, 0]
205	[-96.14262418693784, 0]
205	[-96.14262418693784, 0]
205	[-96.14262418693784, 0]
205	[-96.14262418693784, 0]
205	[-96.14262418693784, 0]
205	[-96.14262418693784, 0]
205	[-81.50100593235624, -1]
206	[-96.14262418693784, 0]
206	[-96.14262418693784, 0]
206	[-96.14262418693784, 0]
206	[-96.14262418693784, 0]
206	[-96.14262418693784, 0]
206	[-96.14262418693784, 0]
206	[-96.14262418693784, 0]
206	[-96.14262418693784, 0]
206	[-81.50100593235624, -1]
206	[-81.50100593235624, -1]
207	[-96.14262418693784, 0]
207	[-96.14262418693784, 0]
207	[-96.14262418693784, 0]
207	[-96.14262418693784, 0]
207	[-96.14262418693784, 0]
207	[-96.14262418693784, 0]
207	[-96.14262418693784, 0]
207	[-96.14262418693784, 0]
207	[-81.50100593235624, -1]
207	[-81.50100593235624, -1]
208	[-96.14262418693784, 0]
208	[-96.14262418693784, 0]
208	[-96.14262418693784, 0]
208	[-96.14262418693784, 0]
208	[-96.14262418693784, 0]
208	[-96.14262418693784, 0]
208	[-96.14262418693784, 0]
208	[-96.14262418693784, 0]
208	[-81.29177827800011, -1]
209	[-96.14262418693784, 0]
209	[-96.14262418693784, 0]
209	[-96.14262418693784, 0]
209	[-96.14262418693784, 0]
209	[-96.14262418693784, 0]
209	[-96.14262418693784, 0]
209	[-96.14262418693784, 0]
209	[-96.14262418693784, 0]
209	[-96.14262418693784, 0]
209	[-81.29177827800011, -1]
210	[-96.14262418693784, 0]
210	[-96.14262418693784, 0]
210	[-96.14262418693784, 0]
210	[-96.14262418693784, 0]
210	[-96.14262418693784, 0]
210	[-96.14262418693784, 0]
210	[-96.14262418693784, 0]
210	[-96.14262418693784, 0]
210	[-96.14262418693784, 0]
210	[-81.29177827800011, -1]
211	[-96.14262418693784, 0]
211	[-96.14262418693784, 0]
211	[-96.14262418693784, 0]
211	[-96.14262418693784, 0]
211	[-96.14262418693784, 0]
211	[-96.14262418693784, 0]
211	[-96.14262418693784, 0]
211	[-96.14262418693784, 0]
211	[-96.14262418693784, 0]
211	[-81.29177827800011, -1]
212	[-96.14262418693784, 0]
212	[-96.14262418693784, 0]
212	[-96.14262418693784, 0]
212	[-96.14262418693784, 0]
212	[-96.14262418693784, 0]
212	[-96.14262418693784, 0]
212	[-96.14262418693784, 0]
212	[-96.14262418693784, 0]
212	[-96.14262418693784, 0]
212	[-96.14262418693784, 0]
212	[-81.29177827800011, -1]
213	[-96.14262418693784, 0]
213	[-96.14262418693784, 0]
213	[-96.14262418693784, 0]
213	[-96.14262418693784, 0]
213	[-96.14262418693784, 0]
213	[-96.14262418693784, 0]
213	[-96.14262418693784, 0]
213	[-96.14262418693784, 0]
213	[-96.14262418693784, 0]
213	[-96.14262418693784, 0]
213	[-96.14262418693784, 0]
213	[-81.29177827800011, -1]
213	[-81.29177827800011, -1]
213	[-81.29177827800011, -1]
214	[-96.14262418693784, 0]
214	[-96.14262418693784, 0]
214	[-96.14262418693784, 0]
214	[-96.14262418693784, 0]
214	[-96.14262418693784, 0]
214	[-96.14262418693784, 0]
214	[-96.14262418693784, 0]
214	[-96.14262418693784, 0]
214	[-96.14262418693784, 0]
214	[-96.14262418693784, 0]
214	[-96.14262418693784, 0]
214	[-96.14262418693784, 0]
214	[-96.14262418693784, 0]
214	[-81.29177827800011, -1]
214	[-81.29177827800011, -1]
214	[-81.29177827800011, -1]
215	[-96.14262418693784, 0]
215	[-96.14262418693784, 0]
215	[-96.14262418693784, 0]
215	[-96.14262418693784, 0]
215	[-96.14262418693784, 0]
215	[-96.14262418693784, 0]
215	[-96.14262418693784, 0]
215	[-96.14262418693784, 0]
215	[-96.14262418693784, 0]
215	[-96.14262418693784, 0]
215	[-96.14262418693784, 0]
215	[-96.14262418693784, 0]
215	[-96.14262418693784, 0]
215	[-96.14262418693784, 0]
215	[-81.29177827800011, -1]
215	[-81.29177827800011, -1]
215	[-81.29177827800011, -1]
216	[-96.14262418693784, 0]
216	[-96.14262418693784, 0]
216	[-96.14262418693784, 0]
216	[-96.14262418693784, 0]
216	[-96.14262418693784, 0]
216	[-96.14262418693784, 0]
216	[-96.14262418693784, 0]
216	[-96.14262418693784, 0]
216	[-96.14262418693784, 0]
216	[-96.14262418693784, 0]
216	[-96.14262418693784, 0]
216	[-96.14262418693784, 0]
216	[-96.14262418693784, 0]
216	[-96.14262418693784, 0]
216	[-96.14262418693784, 0]
216	[-96.14262418693784, 0]
216	[-81.29177827800011, -1]
216	[-81.29177827800011, -1]
216	[-81.29177827800011, -1]
217	[-96.14262418693784, 0]
217	[-96.14262418693784, 0]
217	[-96.14262418693784, 0]
217	[-96.14262418693784, 0]
217	[-96.14262418693784, 0]
217	[-96.14262418693784, 0]
217	[-96.14262418693784, 0]
217	[-96.14262418693784, 0]
217	[-96.14262418693784, 0]
217	[-96.14262418693784, 0]
217	[-96.14262418693784, 0]
217	[-96.14262418693784, 0]
217	[-96.14262418693784, 0]
217	[-96.14262418693784, 0]
217	[-96.14262418693784, 0]
217	[-96.14262418693784, 0]
217	[-96.14262418693784, 0]
217	[-96.14262418693784, 0]
217	[-81.23736850339513, -1]
218	[-96.14262418693784, 0]
218	[-96.14262418693784, 0]
218	[-96.14262418693784, 0]
218	[-96.14262418693784, 0]
218	[-96.14262418693784, 0]
218	[-96.14262418693784, 0]
218	[-96.14262418693784, 0]
218	[-96.14262418693784, 0]
218	[-96.14262418693784, 0]
218	[-96.14262418693784, 0]
218	[-96.14262418693784, 0]
218	[-96.14262418693784, 0]
218	[-96.14262418693784, 0]
218	[-96.14262418693784, 0]
218	[-96.14262418693784, 0]
218	[-96.14262418693784, 0]
218	[-96.14262418693784, 0]
218	[-96.14262418693784, 0]
218	[-81.23736850339513, -1]
219	[-96.14262418693784, 0]
219	[-96.14262418693784, 0]
219	[-96.14262418693784, 0]
219	[-96.14262418693784, 0]
219	[-96.14262418693784, 0]
219	[-96.14262418693784, 0]
219	[-96.14262418693784, 0]
219	[-96.14262418693784, 0]
219	[-96.14262418693784, 0]
219	[-96.14262418693784, 0]
219	[-96.14262418693784, 0]
219	[-96.14262418693784, 0]
219	[-96.14262418693784, 0]
219	[-96.14262418693784, 0]
219	[-96.14262418693784, 0]
219	[-96.14262418693784, 0]
219	[-96.14262418693784, 0]
219	[-96.14262418693784, 0]
219	[-96.14262418693784, 0]
219	[-81.23736850339513, -1]
220	[-96.14262418693784, 0]
220	[-96.14262418693784, 0]
220	[-96.14262418693784, 0]
220	[-96.14262418693784, 0]
220	[-96.14262418693784, 0]
220	[-96.14262418693784, 0]
220	[-96.14262418693784, 0]
220	[-96.14262418693784, 0]
220	[-96.14262418693784, 0]
220	[-96.14262418693784, 0]
220	[-96.14262418693784, 0]
220	[-96.14262418693784, 0]
220	[-96.14262418693784, 0]
220	[-96.14262418693784, 0]
220	[-96.14262418693784, 0]
220	[-96.14262418693784, 0]
220	[-96.14262418693784, 0]
220	[-96.14262418693784, 0]
220	[-96.14262418693784, 0]
220	[-96.14262418693784, 0]
220	[-96.14262418693784, 0]
220	[-81.23736850339513, -1]
220	[-81.23736850339513, -1]
221	[-96.14262418693784, 0]
221	[-96.14262418693784, 0]
221	[-96.14262418693784, 0]
221	[-96.14262418693784, 0]
221	[-96.14262418693784, 0]
221	[-96.14262418693784, 0]
221	[-96.14262418693784, 0]
221	[-96.14262418693784, 0]
221	[-96.14262418693784, 0]
221	[-96.14262418693784, 0]
221	[-96.14262418693784, 0]
221	[-96.14262418693784, 0]
221	[-96.14262418693784, 0]
221	[-96.14262418693784, 0]
221	[-96.14262418693784, 0]
221	[-96.14262418693784, 0]
221	[-96.14262418693784, 0]
221	[-96.14262418693784, 0]
221	[-96.14262418693784, 0]
221	[-96.14262418693784, 0]
221	[-96.14262418693784, 0]
221	[-81.23736850339513, -1]
221	[-81.23736850339513, -1]
222	[-96.14262418693784, 0]
222	[-96.14262418693784, 0]
222	[-96.14262418693784, 0]
222	[-96.14262418693784, 0]
222	[-96.14262418693784, 0]
222	[-96.14262418693784, 0]
222	[-96.14262418693784, 0]
222	[-96.14262418693784, 0]
222	[-96.14262418693784, 0]
222	[-96.14262418693784, 0]
222	[-96.14262418693784, 0]
222	[-96.14262418693784, 0]
222	[-96.14262418693784, 0]
222	[-96.14262418693784, 0]
222	[-96.14262418693784, 0]
222	[-96.14262418693784, 0]
222	[-96.14262418693784, 0]
222	[-96.14262418693784, 0]
222	[-96.14262418693784, 0]
222	[-96.14262418693784, 0]
222	[-96.14262418693784, 0]
222	[-96.14262418693784, 0]
222	[-96.14262418693784, 0]
222	[-81.23736850339513, -1]
222	[-81.23736850339513, -1]
223	[-96.14262418693784, 0]
223	[-96.14262418693784, 0]
223	[-96.14262418693784, 0]
223	[-96.14262418693784, 0]
223	[-96.14262418693784, 0]
223	[-96.14262418693784, 0]
223	[-96.14262418693784, 0]
223	[-96.14262418693784, 0]
223	[-96.14262418693784, 0]
223	[-96.14262418693784, 0]
223	[-96.14262418693784, 0]
223	[-96.14262418693784, 0]
223	[-96.14262418693784, 0]
223	[-96.14262418693784, 0]
223	[-96.14262418693784, 0]
223	[-96.14262418693784, 0]
223	[-96.14262418693784, 0]
223	[-96.14262418693784, 0]
223	[-96.14262418693784, 0]
223	[-96.14262418693784, 0]
223	[-96.14262418693784, 0]
223	[-96.14262418693784, 0]
223	[-96.14262418693784, 0]
223	[-96.14262418693784, 0]
223	[-81.23736850339513, -1]
223	[-81.23736850339513, -1]
223	[-81.23736850339513, -1]
223	[-81.23736850339513, -1]
224	[-96.14262418693784, 0]
224	[-96.14262418693784, 0]
224	[-96.14262418693784, 0]
224	[-96.14262418693784, 0]
224	[-96.14262418693784, 0]
224	[-96.14262418693784, 0]
224	[-96.14262418693784, 0]
224	[-96.14262418693784, 0]
224	[-96.14262418693784, 0]
224	[-96.14262418693784, 0]
224	[-96.14262418693784, 0]
224	[-96.14262418693784, 0]
224	[-96.14262418693784, 0]
224	[-96.14262418693784, 0]
224	[-96.14262418693784, 0]
224	[-96.14262418693784, 0]
224	[-96.14262418693784, 0]
224	[-96.14262418693784, 0]
224	[-96.14262418693784, 0]
224	[-96.14262418693784, 0]
224	[-96.14262418693784, 0]
224	[-96.14262418693784, 0]
224	[-96.14262418693784, 0]
224	[-96.14262418693784, 0]
224	[-96.14262418693784, 0]
224	[-81.21989969789497, -1]
225	[-96.14262418693784, 0]
225	[-96.14262418693784, 0]
225	[-96.14262418693784, 0]
225	[-96.14262418693784, 0]
225	[-96.14262418693784, 0]
225	[-96.14262418693784, 0]
225	[-96.14262418693784, 0]
225	[-96.14262418693784, 0]
225	[-96.14262418693784, 0]
225	[-96.14262418693784, 0]
225	[-96.14262418693784, 0]
225	[-96.14262418693784, 0]
225	[-96.14262418693784, 0]
225	[-96.14262418693784, 0]
225	[-96.14262418693784, 0]
225	[-96.14262418693784, 0]
225	[-96.14262418693784, 0]
225	[-96.14262418693784, 0]
225	[-96.14262418693784, 0]
225	[-96.14262418693784, 0]
225	[-96.14262418693784, 0]
225	[-96.14262418693784, 0]
225	[-96.14262418693784, 0]
225	[-96.14262418693784, 0]
225	[-96.14262418693784, 0]
225	[-96.14262418693784, 0]
225	[-81.1490337555717, -1]
226	[-96.14262418693784, 0]
226	[-96.14262418693784, 0]
226	[-96.14262418693784, 0]
226	[-96.14262418693784, 0]
226	[-96.14262418693784, 0]
226	[-96.14262418693784, 0]
226	[-96.14262418693784, 0]
226	[-96.14262418693784, 0]
226	[-96.14262418693784, 0]
226	[-96.14262418693784, 0]
226	[-96.14262418693784, 0]
226	[-96.14262418693784, 0]
226	[-96.14262418693784, 0]
226	[-96.14262418693784, 0]
226	[-96.14262418693784, 0]
226	[-96.14262418693784, 0]
226	[-96.14262418693784, 0]
226	[-96.14262418693784, 0]
226	[-96.14262418693784, 0]
226	[-96.14262418693784, 0]
226	[-96.14262418693784, 0]
226	[-96.14262418693784, 0]
226	[-96.14262418693784, 0]
226	[-96.14262418693784, 0]
226	[-96.14262418693784, 0]
226	[-96.14262418693784, 0]
226	[-96.14262418693784, 0]
226	[-96.14262418693784, 0]
226	[-81.1490337555717, -1]
227	[-96.14262418693784, 0]
227	[-96.14262418693784, 0]
227	[-96.14262418693784, 0]
227	[-96.14262418693784, 0]
227	[-96.14262418693784, 0]
227	[-96.14262418693784, 0]
227	[-96.14262418693784, 0]
227	[-96.14262418693784, 0]
227	[-96.14262418693784, 0]
227	[-96.14262418693784, 0]
227	[-96.14262418693784, 0]
227	[-96.14262418693784, 0]
227	[-96.14262418693784, 0]
227	[-96.14262418693784, 0]
227	[-96.14262418693784, 0]
227	[-96.14262418693784, 0]
227	[-96.14262418693784, 0]
227	[-96.14262418693784, 0]
227	[-96.14262418693784, 0]
227	[-96.14262418693784, 0]
227	[-96.14262418693784, 0]
227	[-96.14262418693784, 0]
227	[-96.14262418693784, 0]
227	[-96.14262418693784, 0]
227	[-96.14262418693784, 0]
227	[-96.14262418693784, 0]
227	[-96.14262418693784, 0]
227	[-96.14262418693784, 0]
227	[-96.14262418693784, 0]
227	[-81.1490337555717, -1]
228	[-96.14262418693784, 0]
228	[-96.14262418693784, 0]
228	[-96.14262418693784, 0]
228	[-96.14262418693784, 0]
228	[-96.14262418693784, 0]
228	[-96.14262418693784, 0]
228	[-96.14262418693784, 0]
228	[-96.14262418693784, 0]
228	[-96.14262418693784, 0]
228	[-96.14262418693784, 0]
228	[-96.14262418693784, 0]
228	[-96.14262418693784, 0]
228	[-96.14262418693784, 0]
228	[-96.14262418693784, 0]
228	[-96.14262418693784, 0]
228	[-96.14262418693784, 0]
228	[-96.14262418693784, 0]
228	[-96.14262418693784, 0]
228	[-96.14262418693784, 0]
228	[-96.14262418693784, 0]
228	[-96.14262418693784, 0]
228	[-96.14262418693784, 0]
228	[-96.14262418693784, 0]
228	[-96.14262418693784, 0]
228	[-96.14262418693784, 0]
228	[-96.14262418693784, 0]
228	[-96.14262418693784, 0]
228	[-96.14262418693784, 0]
228	[-96.14262418693784, 0]
228	[-96.14262418693784, 0]
228	[-96.14262418693784, 0]
228	[-96.14262418693784, 0]
228	[-96.14262418693784, 0]
228	[-81.1490337555717, -1]
229	[-96.14262418693784, 0]
229	[-96.14262418693784, 0]
229	[-96.14262418693784, 0]
229	[-96.14262418693784, 0]
229	[-96.14262418693784, 0]
229	[-96.14262418693784, 0]
229	[-96.14262418693784, 0]
229	[-96.14262418693784, 0]
229	[-96.14262418693784, 0]
229	[-96.14262418693784, 0]
229	[-96.14262418693784, 0]
229	[-96.14262418693784, 0]
229	[-96.14262418693784, 0]
229	[-96.14262418693784, 0]
229	[-96.14262418693784, 0]
229	[-96.14262418693784, 0]
229	[-96.14262418693784, 0]
229	[-96.14262418693784, 0]
229	[-96.14262418693784, 0]
229	[-96.14262418693784, 0]
229	[-96.14262418693784, 0]
229	[-96.14262418693784, 0]
229	[-96.14262418693784, 0]
229	[-96.14262418693784, 0]
229	[-96.14262418693784, 0]
229	[-96.14262418693784, 0]
229	[-96.14262418693784, 0]
229	[-96.14262418693784, 0]
229	[-96.14262418693784, 0]
229	[-96.14262418693784, 0]
229	[-96.14262418693784, 0]
229	[-96.14262418693784, 0]
229	[-96.14262418693784, 0]
229	[-96.14262418693784, 0]
229	[-96.14262418693784, 0]
229	[-81.1490337555717, -1]
230	[-96.14262418693784, 0]
230	[-96.14262418693784, 0]
230	[-96.14262418693784, 0]
230	[-96.14262418693784, 0]
230	[-96.14262418693784, 0]
230	[-96.14262418693784, 0]
230	[-96.14262418693784, 0]
230	[-96.14262418693784, 0]
230	[-96.14262418693784, 0]
230	[-96.14262418693784, 0]
230	[-96.14262418693784, 0]
230	[-96.14262418693784, 0]
230	[-96.14262418693784, 0]
230	[-96.14262418693784, 0]
230	[-96.14262418693784, 0]
230	[-96.14262418693784, 0]
230	[-96.14262418693784, 0]
230	[-96.14262418693784, 0]
230	[-96.14262418693784, 0]
230	[-96.14262418693784, 0]
230	[-96.14262418693784, 0]
230	[-96.14262418693784, 0]
230	[-96.14262418693784, 0]
230	[-96.14262418693784, 0]
230	[-96.14262418693784, 0]
230	[-96.14262418693784, 0]
230	[-96.14262418693784, 0]
230	[-96.14262418693784, 0]
230	[-96.14262418693784, 0]
230	[-96.14262418693784, 0]
230	[-96.14262418693784, 0]
230	[-96.14262418693784, 0]
230	[-96.14262418693784, 0]
230	[-96.14262418693784, 0]
230	[-96.14262418693784, 0]
230	[-96.14262418693784, 0]
230	[-96.14262418693784, 0]
230	[-81.1490337555717, -1]
231	[-96.14262418693784, 0]
231	[-96.14262418693784, 0]
231	[-96.14262418693784, 0]
231	[-96.14262418693784, 0]
231	[-96.14262418693784, 0]
231	[-96.14262418693784, 0]
231	[-96.14262418693784, 0]
231	[-96.14262418693784, 0]
231	[-96.14262418693784, 0]
231	[-96.14262418693784, 0]
231	[-96.14262418693784, 0]
231	[-96.14262418693784, 0]
231	[-96.14262418693784, 0]
231	[-96.14262418693784, 0]
231	[-96.14262418693784, 0]
231	[-96.14262418693784, 0]
231	[-96.14262418693784, 0]
231	[-96.14262418693784, 0]
231	[-96.14262418693784, 0]
231	[-96.14262418693784, 0]
231	[-96.14262418693784, 0]
231	[-96.14262418693784, 0]
231	[-96.14262418693784, 0]
231	[-96.14262418693784, 0]
231	[-96.14262418693784, 0]
231	[-96.14262418693784, 0]
231	[-96.14262418693784, 0]
231	[-96.14262418693784, 0]
231	[-96.14262418693784, 0]
231	[-96.14262418693784, 0]
231	[-96.14262418693784, 0]
231	[-96.14262418693784, 0]
231	[-96.14262418693784, 0]
231	[-96.14262418693784, 0]
231	[-96.14262418693784, 0]
231	[-96.14262418693784, 0]
231	[-96.14262418693784, 0]
231	[-96.14262418693784, 0]
231	[-96.14262418693784, 0]
231	[-96.14262418693784, 0]
231	[-96.14262418693784, 0]
231	[-81.1490337555717, -1]
232	[-96.14262418693784, 0]
232	[-96.14262418693784, 0]
232	[-96.14262418693784, 0]
232	[-96.14262418693784, 0]
232	[-96.14262418693784, 0]
232	[-96.14262418693784, 0]
232	[-96.14262418693784, 0]
232	[-96.14262418693784, 0]
232	[-96.14262418693784, 0]
232	[-96.14262418693784, 0]
232	[-96.14262418693784, 0]
232	[-96.14262418693784, 0]
232	[-96.14262418693784, 0]
232	[-96.14262418693784, 0]
232	[-96.14262418693784, 0]
232	[-96.14262418693784, 0]
232	[-96.14262418693784, 0]
232	[-96.14262418693784, 0]
232	[-96.14262418693784, 0]
232	[-96.14262418693784, 0]
232	[-96.14262418693784, 0]
232	[-96.14262418693784, 0]
232	[-96.14262418693784, 0]
232	[-96.14262418693784, 0]
232	[-96.14262418693784, 0]
232	[-96.14262418693784, 0]
232	[-96.14262418693784, 0]
232	[-96.14262418693784, 0]
232	[-96.14262418693784, 0]
232	[-96.14262418693784, 0]
232	[-96.14262418693784, 0]
232	[-96.14262418693784, 0]
232	[-96.14262418693784, 0]
232	[-96.14262418693784, 0]
232	[-96.14262418693784, 0]
232	[-96.14262418693784, 0]
232	[-96.14262418693784, 0]
232	[-96.14262418693784, 0]
232	[-96.14262418693784, 0]
232	[-96.14262418693784, 0]
232	[-96.14262418693784, 0]
232	[-96.14262418693784, 0]
232	[-96.14262418693784, 0]
232	[-81.1490337555717, -1]
233	[-96.14262418693784, 0]
233	[-96.14262418693784, 0]
233	[-96.14262418693784, 0]
233	[-96.14262418693784, 0]
233	[-96.14262418693784, 0]
233	[-96.14262418693784, 0]
233	[-96.14262418693784, 0]
233	[-96.14262418693784, 0]
233	[-96.14262418693784, 0]
233	[-96.14262418693784, 0]
233	[-96.14262418693784, 0]
233	[-96.14262418693784, 0]
233	[-96.14262418693784, 0]
233	[-96.14262418693784, 0]
233	[-96.14262418693784, 0]
233	[-96.14262418693784, 0]
233	[-96.14262418693784, 0]
233	[-96.14262418693784, 0]
233	[-96.14262418693784, 0]
233	[-96.14262418693784, 0]
233	[-96.14262418693784, 0]
233	[-96.14262418693784, 0]
233	[-96.14262418693784, 0]
233	[-96.14262418693784, 0]
233	[-96.14262418693784, 0]
233	[-96.14262418693784, 0]
233	[-96.14262418693784, 0]
233	[-96.14262418693784, 0]
233	[-96.14262418693784, 0]
233	[-96.14262418693784, 0]
233	[-96.14262418693784, 0]
233	[-96.14262418693784, 0]
233	[-96.14262418693784, 0]
233	[-96.14262418693784, 0]
233	[-96.14262418693784, 0]
233	[-96.14262418693784, 0]
233	[-96.14262418693784, 0]
233	[-96.14262418693784, 0]
233	[-96.14262418693784, 0]
233	[-96.14262418693784, 0]
233	[-96.14262418693784, 0]
233	[-96.14262418693784, 0]
233	[-96.14262418693784, 0]
233	[-96.14262418693784, 0]
233	[-96.14262418693784, 0]
233	[-81.1490337555717, -1]
233	[-81.1490337555717, -1]
234	[-96.14262418693784, 0]
234	[-96.14262418693784, 0]
234	[-96.14262418693784, 0]
234	[-96.14262418693784, 0]
234	[-96.14262418693784, 0]
234	[-96.14262418693784, 0]
234	[-96.14262418693784, 0]
234	[-96.14262418693784, 0]
234	[-96.14262418693784, 0]
234	[-96.14262418693784, 0]
234	[-96.14262418693784, 0]
234	[-96.14262418693784, 0]
234	[-96.14262418693784, 0]
234	[-96.14262418693784, 0]
234	[-96.14262418693784, 0]
234	[-96.14262418693784, 0]
234	[-96.14262418693784, 0]
234	[-96.14262418693784, 0]
234	[-96.14262418693784, 0]
234	[-96.14262418693784, 0]
234	[-96.14262418693784, 0]
234	[-96.14262418693784, 0]
234	[-96.14262418693784, 0]
234	[-96.14262418693784, 0]
234	[-96.14262418693784, 0]
234	[-96.14262418693784, 0]
234	[-96.14262418693784, 0]
234	[-96.14262418693784, 0]
234	[-96.14262418693784, 0]
234	[-96.14262418693784, 0]
234	[-96.14262418693784, 0]
234	[-96.14262418693784, 0]
234	[-96.14262418693784, 0]
234	[-96.14262418693784, 0]
234	[-96.14262418693784, 0]
234	[-96.14262418693784, 0]
234	[-96.14262418693784, 0]
234	[-96.14262418693784, 0]
234	[-96.14262418693784, 0]
234	[-96.14262418693784, 0]
234	[-96.14262418693784, 0]
234	[-96.14262418693784, 0]
234	[-96.14262418693784, 0]
234	[-96.14262418693784, 0]
234	[-96.14262418693784, 0]
234	[-96.14262418693784, 0]
234	[-96.14262418693784, 0]
234	[-96.14262418693784, 0]
234	[-96.14262418693784, 0]
234	[-96.14262418693784, 0]
234	[-81.1490337555717, -1]
234	[-81.1490337555717, -1]
234	[-81.1490337555717, -1]
235	[-96.14262418693784, 0]
235	[-96.14262418693784, 0]
235	[-96.14262418693784, 0]
235	[-96.14262418693784, 0]
235	[-96.14262418693784, 0]
235	[-96.14262418693784, 0]
235	[-96.14262418693784, 0]
235	[-96.14262418693784, 0]
235	[-96.14262418693784, 0]
235	[-96.14262418693784, 0]
235	[-96.14262418693784, 0]
235	[-96.14262418693784, 0]
235	[-96.14262418693784, 0]
235	[-96.14262418693784, 0]
235	[-96.14262418693784, 0]
235	[-96.14262418693784, 0]
235	[-96.14262418693784, 0]
235	[-96.14262418693784, 0]
235	[-96.14262418693784, 0]
235	[-96.14262418693784, 0]
235	[-96.14262418693784, 0]
235	[-96.14262418693784, 0]
235	[-96.14262418693784, 0]
235	[-96.14262418693784, 0]
235	[-96.14262418693784, 0]
235	[-96.14262418693784, 0]
235	[-96.14262418693784, 0]
235	[-96.14262418693784, 0]
235	[-96.14262418693784, 0]
235	[-96.14262418693784, 0]
235	[-96.14262418693784, 0]
235	[-96.14262418693784, 0]
235	[-96.14262418693784, 0]
235	[-96.14262418693784, 0]
235	[-96.14262418693784, 0]
235	[-96.14262418693784, 0]
235	[-96.14262418693784, 0]
235	[-96.14262418693784, 0]
235	[-96.14262418693784, 0]
235	[-96.14262418693784, 0]
235	[-96.14262418693784, 0]
235	[-96.14262418693784, 0]
235	[-96.14262418693784, 0]
235	[-96.14262418693784, 0]
235	[-96.14262418693784, 0]
235	[-96.14262418693784, 0]
235	[-96.14262418693784, 0]
235	[-96.14262418693784, 0]
235	[-96.14262418693784, 0]
235	[-96.14262418693784, 0]
235	[-96.14262418693784, 0]
235	[-96.14262418693784, 0]
235	[-81.1490337555717, -1]
235	[-81.1490337555717, -1]
235	[-81.1490337555717, -1]
236	[-96.14262418693784, 0]
236	[-96.14262418693784, 0]
236	[-96.14262418693784, 0]
236	[-96.14262418693784, 0]
236	[-96.14262418693784, 0]
236	[-96.14262418693784, 0]
236	[-96.14262418693784, 0]
236	[-96.14262418693784, 0]
236	[-96.14262418693784, 0]
236	[-96.14262418693784, 0]
236	[-96.14262418693784, 0]
236	[-96.14262418693784, 0]
236	[-96.14262418693784, 0]
236	[-96.14262418693784, 0]
236	[-96.14262418693784, 0]
236	[-96.14262418693784, 0]
236	[-96.14262418693784, 0]
236	[-96.14262418693784, 0]
236	[-96.14262418693784, 0]
236	[-96.14262418693784, 0]
236	[-96.14262418693784, 0]
236	[-96.14262418693784, 0]
236	[-96.14262418693784, 0]
236	[-96.14262418693784, 0]
236	[-96.14262418693784, 0]
236	[-96.14262418693784, 0]
236	[-96.14262418693784, 0]
236	[-96.14262418693784, 0]
236	[-96.14262418693784, 0]
236	[-96.14262418693784, 0]
236	[-96.14262418693784, 0]
236	[-96.14262418693784, 0]
236	[-96.14262418693784, 0]
236	[-96.14262418693784, 0]
236	[-96.14262418693784, 0]
236	[-96.14262418693784, 0]
236	[-96.14262418693784, 0]
236	[-96.14262418693784, 0]
236	[-96.14262418693784, 0]
236	[-96.14262418693784, 0]
236	[-96.14262418693784, 0]
236	[-96.14262418693784, 0]
236	[-96.14262418693784, 0]
236	[-96.14262418693784, 0]
236	[-96.14262418693784, 0]
236	[-96.14262418693784, 0]
236	[-96.14262418693784, 0]
236	[-96.14262418693784, 0]
236	[-96.14262418693784, 0]
236	[-96.14262418693784, 0]
236	[-96.14262418693784, 0]
236	[-96.14262418693784, 0]
236	[-96.14262418693784, 0]
236	[-96.14262418693784, 0]
236	[-96.14262418693784, 0]
236	[-96.14262418693784, 0]
236	[-81.1490337555717, -1]
236	[-81.1490337555717, -1]
236	[-81.1490337555717, -1]
237	[-96.14262418693784, 0]
237	[-96.14262418693784, 0]
237	[-96.14262418693784, 0]
237	[-96.14262418693784, 0]
237	[-96.14262418693784, 0]
237	[-96.14262418693784, 0]
237	[-96.14262418693784, 0]
237	[-96.14262418693784, 0]
237	[-96.14262418693784, 0]
237	[-96.14262418693784, 0]
237	[-96.14262418693784, 0]
237	[-96.14262418693784, 0]
237	[-96.14262418693784, 0]
237	[-96.14262418693784, 0]
237	[-96.14262418693784, 0]
237	[-96.14262418693784, 0]
237	[-96.14262418693784, 0]
237	[-96.14262418693784, 0]
237	[-96.14262418693784, 0]
237	[-96.14262418693784, 0]
237	[-96.14262418693784, 0]
237	[-96.14262418693784, 0]
237	[-96.14262418693784, 0]
237	[-96.14262418693784, 0]
237	[-96.14262418693784, 0]
237	[-96.14262418693784, 0]
237	[-96.14262418693784, 0]
237	[-96.14262418693784, 0]
237	[-96.14262418693784, 0]
237	[-96.14262418693784, 0]
237	[-96.14262418693784, 0]
237	[-96.14262418693784, 0]
237	[-96.14262418693784, 0]
237	[-96.14262418693784, 0]
237	[-96.14262418693784, 0]
237	[-96.14262418693784, 0]
237	[-96.14262418693784, 0]
237	[-96.14262418693784, 0]
237	[-96.14262418693784, 0]
237	[-96.14262418693784, 0]
237	[-96.14262418693784, 0]
237	[-96.14262418693784, 0]
237	[-96.14262418693784, 0]
237	[-96.14262418693784, 0]
237	[-96.14262418693784, 0]
237	[-96.14262418693784, 0]
237	[-96.14262418693784, 0]
237	[-96.14262418693784, 0]
237	[-96.14262418693784, 0]
237	[-96.14262418693784, 0]
237	[-96.14262418693784, 0]
237	[-96.14262418693784, 0]
237	[-96.14262418693784, 0]
237	[-96.14262418693784, 0]
237	[-96.14262418693784, 0]
237	[-96.14262418693784, 0]
237	[-96.14262418693784, 0]
237	[-81.1490337555717, -1]
237	[-81.1490337555717, -1]
237	[-81.1490337555717, -1]
237	[-81.1490337555717, -1]
238	[-96.14262418693784, 0]
238	[-96.14262418693784, 0]
238	[-96.14262418693784, 0]
238	[-96.14262418693784, 0]
238	[-96.14262418693784, 0]
238	[-96.14262418693784, 0]
238	[-96.14262418693784, 0]
238	[-96.14262418693784, 0]
238	[-96.14262418693784, 0]
238	[-96.14262418693784, 0]
238	[-96.14262418693784, 0]
238	[-96.14262418693784, 0]
238	[-96.14262418693784, 0]
238	[-96.14262418693784, 0]
238	[-96.14262418693784, 0]
238	[-96.14262418693784, 0]
238	[-96.14262418693784, 0]
238	[-96.14262418693784, 0]
238	[-96.14262418693784, 0]
238	[-96.14262418693784, 0]
238	[-96.14262418693784, 0]
238	[-96.14262418693784, 0]
238	[-96.14262418693784, 0]
238	[-96.14262418693784, 0]
238	[-96.14262418693784, 0]
238	[-96.14262418693784, 0]
238	[-96.14262418693784, 0]
238	[-96.14262418693784, 0]
238	[-96.14262418693784, 0]
238	[-96.14262418693784, 0]
238	[-96.14262418693784, 0]
238	[-96.14262418693784, 0]
238	[-96.14262418693784, 0]
238	[-96.14262418693784, 0]
238	[-96.14262418693784, 0]
238	[-96.14262418693784, 0]
238	[-96.14262418693784, 0]
238	[-96.14262418693784, 0]
238	[-96.14262418693784, 0]
238	[-96.14262418693784, 0]
238	[-96.14262418693784, 0]
238	[-96.14262418693784, 0]
238	[-96.14262418693784, 0]
238	[-96.14262418693784, 0]
238	[-96.14262418693784, 0]
238	[-96.14262418693784, 0]
238	[-96.14262418693784, 0]
238	[-96.14262418693784, 0]
238	[-96.14262418693784, 0]
238	[-96.14262418693784, 0]
238	[-96.14262418693784, 0]
238	[-96.14262418693784, 0]
238	[-96.14262418693784, 0]
238	[-96.14262418693784, 0]
238	[-96.14262418693784, 0]
238	[-96.14262418693784, 0]
238	[-96.14262418693784, 0]
238	[-96.14262418693784, 0]
238	[-96.14262418693784, 0]
238	[-81.1490337555717, -1]
238	[-81.1490337555717, -1]
238	[-81.1490337555717, -1]
238	[-81.1490337555717, -1]
239	[-96.14262418693784, 0]
239	[-96.14262418693784, 0]
239	[-96.14262418693784, 0]
239	[-96.14262418693784, 0]
239	[-96.14262418693784, 0]
239	[-96.14262418693784, 0]
239	[-96.14262418693784, 0]
239	[-96.14262418693784, 0]
239	[-96.14262418693784, 0]
239	[-96.14262418693784, 0]
239	[-96.14262418693784, 0]
239	[-96.14262418693784, 0]
239	[-96.14262418693784, 0]
239	[-96.14262418693784, 0]
239	[-96.14262418693784, 0]
239	[-96.14262418693784, 0]
239	[-96.14262418693784, 0]
239	[-96.14262418693784, 0]
239	[-96.14262418693784, 0]
239	[-96.14262418693784, 0]
239	[-96.14262418693784, 0]
239	[-96.14262418693784, 0]
239	[-96.14262418693784, 0]
239	[-96.14262418693784, 0]
239	[-96.14262418693784, 0]
239	[-96.14262418693784, 0]
239	[-96.14262418693784, 0]
239	[-96.14262418693784, 0]
239	[-96.14262418693784, 0]
239	[-96.14262418693784, 0]
239	[-96.14262418693784, 0]
239	[-96.14262418693784, 0]
239	[-96.14262418693784, 0]
239	[-96.14262418693784, 0]
239	[-96.14262418693784, 0]
239	[-96.14262418693784, 0]
239	[-96.14262418693784, 0]
239	[-96.14262418693784, 0]
239	[-96.14262418693784, 0]
239	[-96.14262418693784, 0]
239	[-96.14262418693784, 0]
239	[-96.14262418693784, 0]
239	[-96.14262418693784, 0]
239	[-96.14262418693784, 0]
239	[-96.14262418693784, 0]
239	[-96.14262418693784, 0]
239	[-96.14262418693784, 0]
239	[-96.14262418693784, 0]
239	[-96.14262418693784, 0]
239	[-96.14262418693784, 0]
239	[-96.14262418693784, 0]
239	[-96.14262418693784, 0]
239	[-96.14262418693784, 0]
239	[-96.14262418693784, 0]
239	[-96.14262418693784, 0]
239	[-96.14262418693784, 0]
239	[-96.14262418693784, 0]
239	[-96.14262418693784, 0]
239	[-96.14262418693784, 0]
239	[-96.14262418693784, 0]
239	[-81.1490337555717, -1]
239	[-81.1490337555717, -1]
239	[-81.1490337555717, -1]
239	[-81.1490337555717, -1]
240	[-96.14262418693784, 0]
240	[-96.14262418693784, 0]
240	[-96.14262418693784, 0]
240	[-96.14262418693784, 0]
240	[-96.14262418693784, 0]
240	[-96.14262418693784, 0]
240	[-96.14262418693784, 0]
240	[-96.14262418693784, 0]
240	[-96.14262418693784, 0]
240	[-96.14262418693784, 0]
240	[-96.14262418693784, 0]
240	[-96.14262418693784, 0]
240	[-96.14262418693784, 0]
240	[-96.14262418693784, 0]
240	[-96.14262418693784, 0]
240	[-96.14262418693784, 0]
240	[-96.14262418693784, 0]
240	[-96.14262418693784, 0]
240	[-96.14262418693784, 0]
240	[-96.14262418693784, 0]
240	[-96.14262418693784, 0]
240	[-96.14262418693784, 0]
240	[-96.14262418693784, 0]
240	[-96.14262418693784, 0]
240	[-96.14262418693784, 0]
240	[-96.14262418693784, 0]
240	[-96.14262418693784, 0]
240	[-96.14262418693784, 0]
240	[-96.14262418693784, 0]
240	[-96.14262418693784, 0]
240	[-96.14262418693784, 0]
240	[-96.14262418693784, 0]
240	[-96.14262418693784, 0]
240	[-96.14262418693784, 0]
240	[-96.14262418693784, 0]
240	[-96.14262418693784, 0]
240	[-96.14262418693784, 0]
240	[-96.14262418693784, 0]
240	[-96.14262418693784, 0]
240	[-96.14262418693784, 0]
240	[-96.14262418693784, 0]
240	[-96.14262418693784, 0]
240	[-96.14262418693784, 0]
240	[-96.14262418693784, 0]
240	[-96.14262418693784, 0]
240	[-96.14262418693784, 0]
240	[-96.14262418693784, 0]
240	[-96.14262418693784, 0]
240	[-96.14262418693784, 0]
240	[-96.14262418693784, 0]
240	[-96.14262418693784, 0]
240	[-96.14262418693784, 0]
240	[-96.14262418693784, 0]
240	[-96.14262418693784, 0]
240	[-96.14262418693784, 0]
240	[-96.14262418693784, 0]
240	[-96.14262418693784, 0]
240	[-96.14262418693784, 0]
240	[-96.14262418693784, 0]
240	[-96.14262418693784, 0]
240	[-96.14262418693784, 0]
240	[-96.14262418693784, 0]
240	[-81.1490337555717, -1]
240	[-81.1490337555717, -1]
240	[-81.1490337555717, -1]
240	[-81.1490337555717, -1]
241	[-96.14262418693784, 0]
241	[-96.14262418693784, 0]
241	[-96.14262418693784, 0]
241	[-96.14262418693784, 0]
241	[-96.14262418693784, 0]
241	[-96.14262418693784, 0]
241	[-96.14262418693784, 0]
241	[-96.14262418693784, 0]
241	[-96.14262418693784, 0]
241	[-96.14262418693784, 0]
241	[-96.14262418693784, 0]
241	[-96.14262418693784, 0]
241	[-96.14262418693784, 0]
241	[-96.14262418693784, 0]
241	[-96.14262418693784, 0]
241	[-96.14262418693784, 0]
241	[-96.14262418693784, 0]
241	[-96.14262418693784, 0]
241	[-96.14262418693784, 0]
241	[-96.14262418693784, 0]
241	[-96.14262418693784, 0]
241	[-96.14262418693784, 0]
241	[-96.14262418693784, 0]
241	[-96.14262418693784, 0]
241	[-96.14262418693784, 0]
241	[-96.14262418693784, 0]
241	[-96.14262418693784, 0]
241	[-96.14262418693784, 0]
241	[-96.14262418693784, 0]
241	[-96.14262418693784, 0]
241	[-96.14262418693784, 0]
241	[-96.14262418693784, 0]
241	[-96.14262418693784, 0]
241	[-96.14262418693784, 0]
241	[-96.14262418693784, 0]
241	[-96.14262418693784, 0]
241	[-96.14262418693784, 0]
241	[-96.14262418693784, 0]
241	[-96.14262418693784, 0]
241	[-96.14262418693784, 0]
241	[-96.14262418693784, 0]
241	[-96.14262418693784, 0]
241	[-96.14262418693784, 0]
241	[-96.14262418693784, 0]
241	[-96.14262418693784, 0]
241	[-96.14262418693784, 0]
241	[-96.14262418693784, 0]
241	[-96.14262418693784, 0]
241	[-96.14262418693784, 0]
241	[-96.14262418693784, 0]
241	[-96.14262418693784, 0]
241	[-96.14262418693784, 0]
241	[-96.14262418693784, 0]
241	[-96.14262418693784, 0]
241	[-96.14262418693784, 0]
241	[-96.14262418693784, 0]
241	[-96.14262418693784, 0]
241	[-96.14262418693784, 0]
241	[-96.14262418693784, 0]
241	[-96.14262418693784, 0]
241	[-96.14262418693784, 0]
241	[-96.14262418693784, 0]
241	[-81.1490337555717, -1]
241	[-81.1490337555717, -1]
241	[-81.1490337555717, -1]
241	[-81.1490337555717, -1]
242	[-96.14262418693784, 0]
242	[-96.14262418693784, 0]
242	[-96.14262418693784, 0]
242	[-96.14262418693784, 0]
242	[-96.14262418693784, 0]
242	[-96.14262418693784, 0]
242	[-96.14262418693784, 0]
242	[-96.14262418693784, 0]
242	[-96.14262418693784, 0]
242	[-96.14262418693784, 0]
242	[-96.14262418693784, 0]
242	[-96.14262418693784, 0]
242	[-96.14262418693784, 0]
242	[-96.14262418693784, 0]
242	[-96.14262418693784, 0]
242	[-96.14262418693784, 0]
242	[-96.14262418693784, 0]
242	[-96.14262418693784, 0]
242	[-96.14262418693784, 0]
242	[-96.14262418693784, 0]
242	[-96.14262418693784, 0]
242	[-96.14262418693784, 0]
242	[-96.14262418693784, 0]
242	[-96.14262418693784, 0]
242	[-96.14262418693784, 0]
242	[-96.14262418693784, 0]
242	[-96.14262418693784, 0]
242	[-96.14262418693784, 0]
242	[-96.14262418693784, 0]
242	[-96.14262418693784, 0]
242	[-96.14262418693784, 0]
242	[-96.14262418693784, 0]
242	[-96.14262418693784, 0]
242	[-96.14262418693784, 0]
242	[-96.14262418693784, 0]
242	[-96.14262418693784, 0]
242	[-96.14262418693784, 0]
242	[-96.14262418693784, 0]
242	[-96.14262418693784, 0]
242	[-96.14262418693784, 0]
242	[-96.14262418693784, 0]
242	[-96.14262418693784, 0]
242	[-96.14262418693784, 0]
242	[-96.14262418693784, 0]
242	[-96.14262418693784, 0]
242	[-96.14262418693784, 0]
242	[-96.14262418693784, 0]
242	[-96.14262418693784, 0]
242	[-96.14262418693784, 0]
242	[-96.14262418693784, 0]
242	[-96.14262418693784, 0]
242	[-96.14262418693784, 0]
242	[-96.14262418693784, 0]
242	[-96.14262418693784, 0]
242	[-96.14262418693784, 0]
242	[-96.14262418693784, 0]
242	[-96.14262418693784, 0]
242	[-96.14262418693784, 0]
242	[-96.14262418693784, 0]
242	[-96.14262418693784, 0]
242	[-96.14262418693784, 0]
242	[-96.14262418693784, 0]
242	[-96.14262418693784, 0]
242	[-96.14262418693784, 0]
242	[-81.1490337555717, -1]
242	[-81.1490337555717, -1]
242	[-81.1490337555717, -1]
242	[-81.1490337555717, -1]
243	[-96.14262418693784, 0]
243	[-96.14262418693784, 0]
243	[-96.14262418693784, 0]
243	[-96.14262418693784, 0]
243	[-96.14262418693784, 0]
243	[-96.14262418693784, 0]
243	[-96.14262418693784, 0]
243	[-96.14262418693784, 0]
243	[-96.14262418693784, 0]
243	[-96.14262418693784, 0]
243	[-96.14262418693784, 0]
243	[-96.14262418693784, 0]
243	[-96.14262418693784, 0]
243	[-96.14262418693784, 0]
243	[-96.14262418693784, 0]
243	[-96.14262418693784, 0]
243	[-96.14262418693784, 0]
243	[-96.14262418693784, 0]
243	[-96.14262418693784, 0]
243	[-96.14262418693784, 0]
243	[-96.14262418693784, 0]
243	[-96.14262418693784, 0]
243	[-96.14262418693784, 0]
243	[-96.14262418693784, 0]
243	[-96.14262418693784, 0]
243	[-96.14262418693784, 0]
243	[-96.14262418693784, 0]
243	[-96.14262418693784, 0]
243	[-96.14262418693784, 0]
243	[-96.14262418693784, 0]
243	[-96.14262418693784, 0]
243	[-96.14262418693784, 0]
243	[-96.14262418693784, 0]
243	[-96.14262418693784, 0]
243	[-96.14262418693784, 0]
243	[-96.14262418693784, 0]
243	[-96.14262418693784, 0]
243	[-96.14262418693784, 0]
243	[-96.14262418693784, 0]
243	[-96.14262418693784, 0]
243	[-96.14262418693784, 0]
243	[-96.14262418693784, 0]
243	[-96.14262418693784, 0]
243	[-96.14262418693784, 0]
243	[-96.14262418693784, 0]
243	[-96.14262418693784, 0]
243	[-96.14262418693784, 0]
243	[-96.14262418693784, 0]
243	[-96.14262418693784, 0]
243	[-96.14262418693784, 0]
243	[-96.14262418693784, 0]
243	[-96.14262418693784, 0]
243	[-96.14262418693784, 0]
243	[-96.14262418693784, 0]
243	[-96.14262418693784, 0]
243	[-96.14262418693784, 0]
243	[-96.14262418693784, 0]
243	[-96.14262418693784, 0]
243	[-96.14262418693784, 0]
243	[-96.14262418693784, 0]
243	[-96.14262418693784, 0]
243	[-96.14262418693784, 0]
243	[-96.14262418693784, 0]
243	[-96.14262418693784, 0]
243	[-81.1490337555717, -1]
243	[-81.1490337555717, -1]
243	[-81.1490337555717, -1]
243	[-81.1490337555717, -1]
244	[-96.14262418693784, 0]
244	[-96.14262418693784, 0]
244	[-96.14262418693784, 0]
244	[-96.14262418693784, 0]
244	[-96.14262418693784, 0]
244	[-96.14262418693784, 0]
244	[-96.14262418693784, 0]
244	[-96.14262418693784, 0]
244	[-96.14262418693784, 0]
244	[-96.14262418693784, 0]
244	[-96.14262418693784, 0]
244	[-96.14262418693784, 0]
244	[-96.14262418693784, 0]
244	[-96.14262418693784, 0]
244	[-96.14262418693784, 0]
244	[-96.14262418693784, 0]
244	[-96.14262418693784, 0]
244	[-96.14262418693784, 0]
244	[-96.14262418693784, 0]
244	[-96.14262418693784, 0]
244	[-96.14262418693784, 0]
244	[-96.14262418693784, 0]
244	[-96.14262418693784, 0]
244	[-96.14262418693784, 0]
244	[-96.14262418693784, 0]
244	[-96.14262418693784, 0]
244	[-96.14262418693784, 0]
244	[-96.14262418693784, 0]
244	[-96.14262418693784, 0]
244	[-96.14262418693784, 0]
244	[-96.14262418693784, 0]
244	[-96.14262418693784, 0]
244	[-96.14262418693784, 0]
244	[-96.14262418693784, 0]
244	[-96.14262418693784, 0]
244	[-96.14262418693784, 0]
244	[-96.14262418693784, 0]
244	[-96.14262418693784, 0]
244	[-96.14262418693784, 0]
244	[-96.14262418693784, 0]
244	[-96.14262418693784, 0]
244	[-96.14262418693784, 0]
244	[-96.14262418693784, 0]
244	[-96.14262418693784, 0]
244	[-96.14262418693784, 0]
244	[-96.14262418693784, 0]
244	[-96.14262418693784, 0]
244	[-96.14262418693784, 0]
244	[-96.14262418693784, 0]
244	[-96.14262418693784, 0]
244	[-96.14262418693784, 0]
244	[-96.14262418693784, 0]
244	[-96.14262418693784, 0]
244	[-96.14262418693784, 0]
244	[-96.14262418693784, 0]
244	[-96.14262418693784, 0]
244	[-96.14262418693784, 0]
244	[-96.14262418693784, 0]
244	[-96.14262418693784, 0]
244	[-96.14262418693784, 0]
244	[-96.14262418693784, 0]
244	[-96.14262418693784, 0]
244	[-96.14262418693784, 0]
244	[-96.14262418693784, 0]
244	[-96.14262418693784, 0]
244	[-81.1490337555717, -1]
244	[-81.1490337555717, -1]
244	[-81.1490337555717, -1]
244	[-81.1490337555717, -1]
244	[-81.1490337555717, -1]
245	[-96.14262418693784, 0]
245	[-96.14262418693784, 0]
245	[-96.14262418693784, 0]
245	[-96.14262418693784, 0]
245	[-96.14262418693784, 0]
245	[-96.14262418693784, 0]
245	[-96.14262418693784, 0]
245	[-96.14262418693784, 0]
245	[-96.14262418693784, 0]
245	[-96.14262418693784, 0]
245	[-96.14262418693784, 0]
245	[-96.14262418693784, 0]
245	[-96.14262418693784, 0]
245	[-96.14262418693784, 0]
245	[-96.14262418693784, 0]
245	[-96.14262418693784, 0]
245	[-96.14262418693784, 0]
245	[-96.14262418693784, 0]
245	[-96.14262418693784, 0]
245	[-96.14262418693784, 0]
245	[-96.14262418693784, 0]
245	[-96.14262418693784, 0]
245	[-96.14262418693784, 0]
245	[-96.14262418693784, 0]
245	[-96.14262418693784, 0]
245	[-96.14262418693784, 0]
245	[-96.14262418693784, 0]
245	[-96.14262418693784, 0]
245	[-96.14262418693784, 0]
245	[-96.14262418693784, 0]
245	[-96.14262418693784, 0]
245	[-96.14262418693784, 0]
245	[-96.14262418693784, 0]
245	[-96.14262418693784, 0]
245	[-96.14262418693784, 0]
245	[-96.14262418693784, 0]
245	[-96.14262418693784, 0]
245	[-96.14262418693784, 0]
245	[-96.14262418693784, 0]
245	[-96.14262418693784, 0]
245	[-96.14262418693784, 0]
245	[-96.14262418693784, 0]
245	[-96.14262418693784, 0]
245	[-96.14262418693784, 0]
245	[-96.14262418693784, 0]
245	[-96.14262418693784, 0]
245	[-96.14262418693784, 0]
245	[-96.14262418693784, 0]
245	[-96.14262418693784, 0]
245	[-96.14262418693784, 0]
245	[-96.14262418693784, 0]
245	[-96.14262418693784, 0]
245	[-96.14262418693784, 0]
245	[-96.14262418693784, 0]
245	[-96.14262418693784, 0]
245	[-96.14262418693784, 0]
245	[-96.14262418693784, 0]
245	[-96.14262418693784, 0]
245	[-96.14262418693784, 0]
245	[-96.14262418693784, 0]
245	[-96.14262418693784, 0]
245	[-96.14262418693784, 0]
245	[-96.14262418693784, 0]
245	[-96.14262418693784, 0]
245	[-96.14262418693784, 0]
245	[-96.14262418693784, 0]
245	[-96.14262418693784, 0]
245	[-81.1490337555717, -1]
245	[-81.1490337555717, -1]
245	[-81.1490337555717, -1]
245	[-81.1490337555717, -1]
245	[-81.1490337555717, -1]
246	[-96.14262418693784, 0]
246	[-96.14262418693784, 0]
246	[-96.14262418693784, 0]
246	[-96.14262418693784, 0]
246	[-96.14262418693784, 0]
246	[-96.14262418693784, 0]
246	[-96.14262418693784, 0]
246	[-96.14262418693784, 0]
246	[-96.14262418693784, 0]
246	[-96.14262418693784, 0]
246	[-96.14262418693784, 0]
246	[-96.14262418693784, 0]
246	[-96.14262418693784, 0]
246	[-96.14262418693784, 0]
246	[-96.14262418693784, 0]
246	[-96.14262418693784, 0]
246	[-96.14262418693784, 0]
246	[-96.14262418693784, 0]
246	[-96.14262418693784, 0]
246	[-96.14262418693784, 0]
246	[-96.14262418693784, 0]
246	[-96.14262418693784, 0]
246	[-96.14262418693784, 0]
246	[-96.14262418693784, 0]
246	[-96.14262418693784, 0]
246	[-96.14262418693784, 0]
246	[-96.14262418693784, 0]
246	[-96.14262418693784, 0]
246	[-96.14262418693784, 0]
246	[-96.14262418693784, 0]
246	[-96.14262418693784, 0]
246	[-96.14262418693784, 0]
246	[-96.14262418693784, 0]
246	[-96.14262418693784, 0]
246	[-96.14262418693784, 0]
246	[-96.14262418693784, 0]
246	[-96.14262418693784, 0]
246	[-96.14262418693784, 0]
246	[-96.14262418693784, 0]
246	[-96.14262418693784, 0]
246	[-96.14262418693784, 0]
246	[-96.14262418693784, 0]
246	[-96.14262418693784, 0]
246	[-96.14262418693784, 0]
246	[-96.14262418693784, 0]
246	[-96.14262418693784, 0]
246	[-96.14262418693784, 0]
246	[-96.14262418693784, 0]
246	[-96.14262418693784, 0]
246	[-96.14262418693784, 0]
246	[-96.14262418693784, 0]
246	[-96.14262418693784, 0]
246	[-96.14262418693784, 0]
246	[-96.14262418693784, 0]
246	[-96.14262418693784, 0]
246	[-96.14262418693784, 0]
246	[-96.14262418693784, 0]
246	[-96.14262418693784, 0]
246	[-96.14262418693784, 0]
246	[-96.14262418693784, 0]
246	[-96.14262418693784, 0]
246	[-96.14262418693784, 0]
246	[-96.14262418693784, 0]
246	[-96.14262418693784, 0]
246	[-96.14262418693784, 0]
246	[-96.14262418693784, 0]
246	[-96.14262418693784, 0]
246	[-81.1490337555717, -1]
246	[-81.1490337555717, -1]
246	[-81.1490337555717, -1]
246	[-81.1490337555717, -1]
246	[-81.1490337555717, -1]
247	[-96.14262418693784, 0]
247	[-96.14262418693784, 0]
247	[-96.14262418693784, 0]
247	[-96.14262418693784, 0]
247	[-96.14262418693784, 0]
247	[-96.14262418693784, 0]
247	[-96.14262418693784, 0]
247	[-96.14262418693784, 0]
247	[-96.14262418693784, 0]
247	[-96.14262418693784, 0]
247	[-96.14262418693784, 0]
247	[-96.14262418693784, 0]
247	[-96.14262418693784, 0]
247	[-96.14262418693784, 0]
247	[-96.14262418693784, 0]
247	[-96.14262418693784, 0]
247	[-96.14262418693784, 0]
247	[-96.14262418693784, 0]
247	[-96.14262418693784, 0]
247	[-96.14262418693784, 0]
247	[-96.14262418693784, 0]
247	[-96.14262418693784, 0]
247	[-96.14262418693784, 0]
247	[-96.14262418693784, 0]
247	[-96.14262418693784, 0]
247	[-96.14262418693784, 0]
247	[-96.14262418693784, 0]
247	[-96.14262418693784, 0]
247	[-96.14262418693784, 0]
247	[-96.14262418693784, 0]
247	[-96.14262418693784, 0]
247	[-96.14262418693784, 0]
247	[-96.14262418693784, 0]
247	[-96.14262418693784, 0]
247	[-96.14262418693784, 0]
247	[-96.14262418693784, 0]
247	[-96.14262418693784, 0]
247	[-96.14262418693784, 0]
247	[-96.14262418693784, 0]
247	[-96.14262418693784, 0]
247	[-96.14262418693784, 0]
247	[-96.14262418693784, 0]
247	[-96.14262418693784, 0]
247	[-96.14262418693784, 0]
247	[-96.14262418693784, 0]
247	[-96.14262418693784, 0]
247	[-96.14262418693784, 0]
247	[-96.14262418693784, 0]
247	[-96.14262418693784, 0]
247	[-96.14262418693784, 0]
247	[-96.14262418693784, 0]
247	[-96.14262418693784, 0]
247	[-96.14262418693784, 0]
247	[-96.14262418693784, 0]
247	[-96.14262418693784, 0]
247	[-96.14262418693784, 0]
247	[-96.14262418693784, 0]
247	[-96.14262418693784, 0]
247	[-96.14262418693784, 0]
247	[-96.14262418693784, 0]
247	[-96.14262418693784, 0]
247	[-96.14262418693784, 0]
247	[-96.14262418693784, 0]
247	[-96.14262418693784, 0]
247	[-96.14262418693784, 0]
247	[-96.14262418693784, 0]
247	[-96.14262418693784, 0]
247	[-96.14262418693784, 0]
247	[-81.1490337555717, -1]
247	[-81.1490337555717, -1]
247	[-81.1490337555717, -1]
247	[-81.1490337555717, -1]
247	[-81.1490337555717, -1]
248	[-96.14262418693784, 0]
248	[-96.14262418693784, 0]
248	[-96.14262418693784, 0]
248	[-96.14262418693784, 0]
248	[-96.14262418693784, 0]
248	[-96.14262418693784, 0]
248	[-96.14262418693784, 0]
248	[-96.14262418693784, 0]
248	[-96.14262418693784, 0]
248	[-96.14262418693784, 0]
248	[-96.14262418693784, 0]
248	[-96.14262418693784, 0]
248	[-96.14262418693784, 0]
248	[-96.14262418693784, 0]
248	[-96.14262418693784, 0]
248	[-96.14262418693784, 0]
248	[-96.14262418693784, 0]
248	[-96.14262418693784, 0]
248	[-96.14262418693784, 0]
248	[-96.14262418693784, 0]
248	[-96.14262418693784, 0]
248	[-96.14262418693784, 0]
248	[-96.14262418693784, 0]
248	[-96.14262418693784, 0]
248	[-96.14262418693784, 0]
248	[-96.14262418693784, 0]
248	[-96.14262418693784, 0]
248	[-96.14262418693784, 0]
248	[-96.14262418693784, 0]
248	[-96.14262418693784, 0]
248	[-96.14262418693784, 0]
248	[-96.14262418693784, 0]
248	[-96.14262418693784, 0]
248	[-96.14262418693784, 0]
248	[-96.14262418693784, 0]
248	[-96.14262418693784, 0]
248	[-96.14262418693784, 0]
248	[-96.14262418693784, 0]
248	[-96.14262418693784, 0]
248	[-96.14262418693784, 0]
248	[-96.14262418693784, 0]
248	[-96.14262418693784, 0]
248	[-96.14262418693784, 0]
248	[-96.14262418693784, 0]
248	[-96.14262418693784, 0]
248	[-96.14262418693784, 0]
248	[-96.14262418693784, 0]
248	[-96.14262418693784, 0]
248	[-96.14262418693784, 0]
248	[-96.14262418693784, 0]
248	[-96.14262418693784, 0]
248	[-96.14262418693784, 0]
248	[-96.14262418693784, 0]
248	[-96.14262418693784, 0]
248	[-96.14262418693784, 0]
248	[-96.14262418693784, 0]
248	[-96.14262418693784, 0]
248	[-96.14262418693784, 0]
248	[-96.14262418693784, 0]
248	[-96.14262418693784, 0]
248	[-96.14262418693784, 0]
248	[-96.14262418693784, 0]
248	[-96.14262418693784, 0]
248	[-96.14262418693784, 0]
248	[-96.14262418693784, 0]
248	[-96.14262418693784, 0]
248	[-96.14262418693784, 0]
248	[-96.14262418693784, 0]
248	[-96.14262418693784, 0]
248	[-81.1490337555717, -1]
248	[-81.1490337555717, -1]
248	[-81.1490337555717, -1]
248	[-81.1490337555717, -1]
248	[-81.1490337555717, -1]
249	[-96.14262418693784, 0]
249	[-96.14262418693784, 0]
249	[-96.14262418693784, 0]
249	[-96.14262418693784, 0]
249	[-96.14262418693784, 0]
249	[-96.14262418693784, 0]
249	[-96.14262418693784, 0]
249	[-96.14262418693784, 0]
249	[-96.14262418693784, 0]
249	[-96.14262418693784, 0]
249	[-96.14262418693784, 0]
249	[-96.14262418693784, 0]
249	[-96.14262418693784, 0]
249	[-96.14262418693784, 0]
249	[-96.14262418693784, 0]
249	[-96.14262418693784, 0]
249	[-96.14262418693784, 0]
249	[-96.14262418693784, 0]
249	[-96.14262418693784, 0]
249	[-96.14262418693784, 0]
249	[-96.14262418693784, 0]
249	[-96.14262418693784, 0]
249	[-96.14262418693784, 0]
249	[-96.14262418693784, 0]
249	[-96.14262418693784, 0]
249	[-96.14262418693784, 0]
249	[-96.14262418693784, 0]
249	[-96.14262418693784, 0]
249	[-96.14262418693784, 0]
249	[-96.14262418693784, 0]
249	[-96.14262418693784, 0]
249	[-96.14262418693784, 0]
249	[-96.14262418693784, 0]
249	[-96.14262418693784, 0]
249	[-96.14262418693784, 0]
249	[-96.14262418693784, 0]
249	[-96.14262418693784, 0]
249	[-96.14262418693784, 0]
249	[-96.14262418693784, 0]
249	[-96.14262418693784, 0]
249	[-96.14262418693784, 0]
249	[-96.14262418693784, 0]
249	[-96.14262418693784, 0]
249	[-96.14262418693784, 0]
249	[-96.14262418693784, 0]
249	[-96.14262418693784, 0]
249	[-96.14262418693784, 0]
249	[-96.14262418693784, 0]
249	[-96.14262418693784, 0]
249	[-96.14262418693784, 0]
249	[-96.14262418693784, 0]
249	[-96.14262418693784, 0]
249	[-96.14262418693784, 0]
249	[-96.14262418693784, 0]
249	[-96.14262418693784, 0]
249	[-96.14262418693784, 0]
249	[-96.14262418693784, 0]
249	[-96.14262418693784, 0]
249	[-96.14262418693784, 0]
249	[-96.14262418693784, 0]
249	[-96.14262418693784, 0]
249	[-96.14262418693784, 0]
249	[-96.14262418693784, 0]
249	[-96.14262418693784, 0]
249	[-96.14262418693784, 0]
249	[-96.14262418693784, 0]
249	[-96.14262418693784, 0]
249	[-96.14262418693784, 0]
249	[-96.14262418693784, 0]
249	[-96.14262418693784, 0]
249	[-81.1490337555717, -1]
249	[-81.1490337555717, -1]
249	[-81.1490337555717, -1]
249	[-81.1490337555717, -1]
249	[-81.1490337555717, -1]
250	[-96.14262418693784, 0]
250	[-96.14262418693784, 0]
250	[-96.14262418693784, 0]
250	[-96.14262418693784, 0]
250	[-96.14262418693784, 0]
250	[-96.14262418693784, 0]
250	[-96.14262418693784, 0]
250	[-96.14262418693784, 0]
250	[-96.14262418693784, 0]
250	[-96.14262418693784, 0]
250	[-96.14262418693784, 0]
250	[-96.14262418693784, 0]
250	[-96.14262418693784, 0]
250	[-96.14262418693784, 0]
250	[-96.14262418693784, 0]
250	[-96.14262418693784, 0]
250	[-96.14262418693784, 0]
250	[-96.14262418693784, 0]
250	[-96.14262418693784, 0]
250	[-96.14262418693784, 0]
250	[-96.14262418693784, 0]
250	[-96.14262418693784, 0]
250	[-96.14262418693784, 0]
250	[-96.14262418693784, 0]
250	[-96.14262418693784, 0]
250	[-96.14262418693784, 0]
250	[-96.14262418693784, 0]
250	[-96.14262418693784, 0]
250	[-96.14262418693784, 0]
250	[-96.14262418693784, 0]
250	[-96.14262418693784, 0]
250	[-96.14262418693784, 0]
250	[-96.14262418693784, 0]
250	[-96.14262418693784, 0]
250	[-96.14262418693784, 0]
250	[-96.14262418693784, 0]
250	[-96.14262418693784, 0]
250	[-96.14262418693784, 0]
250	[-96.14262418693784, 0]
250	[-96.14262418693784, 0]
250	[-96.14262418693784, 0]
250	[-96.14262418693784, 0]
250	[-96.14262418693784, 0]
250	[-96.14262418693784, 0]
250	[-96.14262418693784, 0]
250	[-96.14262418693784, 0]
250	[-96.14262418693784, 0]
250	[-96.14262418693784, 0]
250	[-96.14262418693784, 0]
250	[-96.14262418693784, 0]
250	[-96.14262418693784, 0]
250	[-96.14262418693784, 0]
250	[-96.14262418693784, 0]
250	[-96.14262418693784, 0]
250	[-96.14262418693784, 0]
250	[-96.14262418693784, 0]
250	[-96.14262418693784, 0]
250	[-96.14262418693784, 0]
250	[-96.14262418693784, 0]
250	[-96.14262418693784, 0]
250	[-96.14262418693784, 0]
250	[-96.14262418693784, 0]
250	[-96.14262418693784, 0]
250	[-96.14262418693784, 0]
250	[-96.14262418693784, 0]
250	[-96.14262418693784, 0]
250	[-96.14262418693784, 0]
250	[-96.14262418693784, 0]
250	[-96.14262418693784, 0]
250	[-96.14262418693784, 0]
250	[-96.14262418693784, 0]
250	[-96.14262418693784, 0]
250	[-96.14262418693784, 0]
250	[-81.1490337555717, -1]
250	[-81.1490337555717, -1]
250	[-81.1490337555717, -1]
250	[-81.1490337555717, -1]
250	[-81.1490337555717, -1]
251	[-96.14262418693784, 0]
251	[-96.14262418693784, 0]
251	[-96.14262418693784, 0]
251	[-96.14262418693784, 0]
251	[-96.14262418693784, 0]
251	[-96.14262418693784, 0]
251	[-96.14262418693784, 0]
251	[-96.14262418693784, 0]
251	[-96.14262418693784, 0]
251	[-96.14262418693784, 0]
251	[-96.14262418693784, 0]
251	[-96.14262418693784, 0]
251	[-96.14262418693784, 0]
251	[-96.14262418693784, 0]
251	[-96.14262418693784, 0]
251	[-96.14262418693784, 0]
251	[-96.14262418693784, 0]
251	[-96.14262418693784, 0]
251	[-96.14262418693784, 0]
251	[-96.14262418693784, 0]
251	[-96.14262418693784, 0]
251	[-96.14262418693784, 0]
251	[-96.14262418693784, 0]
251	[-96.14262418693784, 0]
251	[-96.14262418693784, 0]
251	[-96.14262418693784, 0]
251	[-96.14262418693784, 0]
251	[-96.14262418693784, 0]
251	[-96.14262418693784, 0]
251	[-96.14262418693784, 0]
251	[-96.14262418693784, 0]
251	[-96.14262418693784, 0]
251	[-96.14262418693784, 0]
251	[-96.14262418693784, 0]
251	[-96.14262418693784, 0]
251	[-96.14262418693784, 0]
251	[-96.14262418693784, 0]
251	[-96.14262418693784, 0]
251	[-96.14262418693784, 0]
251	[-96.14262418693784, 0]
251	[-96.14262418693784, 0]
251	[-96.14262418693784, 0]
251	[-96.14262418693784, 0]
251	[-96.14262418693784, 0]
251	[-96.14262418693784, 0]
251	[-96.14262418693784, 0]
251	[-96.14262418693784, 0]
251	[-96.14262418693784, 0]
251	[-96.14262418693784, 0]
251	[-96.14262418693784, 0]
251	[-96.14262418693784, 0]
251	[-96.14262418693784, 0]
251	[-96.14262418693784, 0]
251	[-96.14262418693784, 0]
251	[-96.14262418693784, 0]
251	[-96.14262418693784, 0]
251	[-96.14262418693784, 0]
251	[-96.14262418693784, 0]
251	[-96.14262418693784, 0]
251	[-96.14262418693784, 0]
251	[-96.14262418693784, 0]
251	[-96.14262418693784, 0]
251	[-96.14262418693784, 0]
251	[-96.14262418693784, 0]
251	[-96.14262418693784, 0]
251	[-96.14262418693784, 0]
251	[-96.14262418693784, 0]
251	[-96.14262418693784, 0]
251	[-96.14262418693784, 0]
251	[-96.14262418693784, 0]
251	[-96.14262418693784, 0]
251	[-96.14262418693784, 0]
251	[-96.14262418693784, 0]
251	[-96.14262418693784, 0]
251	[-81.1490337555717, -1]
251	[-81.1490337555717, -1]
251	[-81.1490337555717, -1]
251	[-81.1490337555717, -1]
251	[-81.1490337555717, -1]
251	[-81.1490337555717, -1]
252	[-96.14262418693784, 0]
252	[-96.14262418693784, 0]
252	[-96.14262418693784, 0]
252	[-96.14262418693784, 0]
252	[-96.14262418693784, 0]
252	[-96.14262418693784, 0]
252	[-96.14262418693784, 0]
252	[-96.14262418693784, 0]
252	[-96.14262418693784, 0]
252	[-96.14262418693784, 0]
252	[-96.14262418693784, 0]
252	[-96.14262418693784, 0]
252	[-96.14262418693784, 0]
252	[-96.14262418693784, 0]
252	[-96.14262418693784, 0]
252	[-96.14262418693784, 0]
252	[-96.14262418693784, 0]
252	[-96.14262418693784, 0]
252	[-96.14262418693784, 0]
252	[-96.14262418693784, 0]
252	[-96.14262418693784, 0]
252	[-96.14262418693784, 0]
252	[-96.14262418693784, 0]
252	[-96.14262418693784, 0]
252	[-96.14262418693784, 0]
252	[-96.14262418693784, 0]
252	[-96.14262418693784, 0]
252	[-96.14262418693784, 0]
252	[-96.14262418693784, 0]
252	[-96.14262418693784, 0]
252	[-96.14262418693784, 0]
252	[-96.14262418693784, 0]
252	[-96.14262418693784, 0]
252	[-96.14262418693784, 0]
252	[-96.14262418693784, 0]
252	[-96.14262418693784, 0]
252	[-96.14262418693784, 0]
252	[-96.14262418693784, 0]
252	[-96.14262418693784, 0]
252	[-96.14262418693784, 0]
252	[-96.14262418693784, 0]
252	[-96.14262418693784, 0]
252	[-96.14262418693784, 0]
252	[-96.14262418693784, 0]
252	[-96.14262418693784, 0]
252	[-96.14262418693784, 0]
252	[-96.14262418693784, 0]
252	[-96.14262418693784, 0]
252	[-96.14262418693784, 0]
252	[-96.14262418693784, 0]
252	[-96.14262418693784, 0]
252	[-96.14262418693784, 0]
252	[-96.14262418693784, 0]
252	[-96.14262418693784, 0]
252	[-96.14262418693784, 0]
252	[-96.14262418693784, 0]
252	[-96.14262418693784, 0]
252	[-96.14262418693784, 0]
252	[-96.14262418693784, 0]
252	[-96.14262418693784, 0]
252	[-96.14262418693784, 0]
252	[-96.14262418693784, 0]
252	[-96.14262418693784, 0]
252	[-96.14262418693784, 0]
252	[-96.14262418693784, 0]
252	[-96.14262418693784, 0]
252	[-96.14262418693784, 0]
252	[-96.14262418693784, 0]
252	[-96.14262418693784, 0]
252	[-96.14262418693784, 0]
252	[-96.14262418693784, 0]
252	[-96.14262418693784, 0]
252	[-96.14262418693784, 0]
252	[-96.14262418693784, 0]
252	[-81.1490337555717, -1]
252	[-81.1490337555717, -1]
252	[-81.1490337555717, -1]
252	[-81.1490337555717, -1]
252	[-81.1490337555717, -1]
252	[-81.1490337555717, -1]
253	[-96.14262418693784, 0]
253	[-96.14262418693784, 0]
253	[-96.14262418693784, 0]
253	[-96.14262418693784, 0]
253	[-96.14262418693784, 0]
253	[-96.14262418693784, 0]
253	[-96.14262418693784, 0]
253	[-96.14262418693784, 0]
253	[-96.14262418693784, 0]
253	[-96.14262418693784, 0]
253	[-96.14262418693784, 0]
253	[-96.14262418693784, 0]
253	[-96.14262418693784, 0]
253	[-96.14262418693784, 0]
253	[-96.14262418693784, 0]
253	[-96.14262418693784, 0]
253	[-96.14262418693784, 0]
253	[-96.14262418693784, 0]
253	[-96.14262418693784, 0]
253	[-96.14262418693784, 0]
253	[-96.14262418693784, 0]
253	[-96.14262418693784, 0]
253	[-96.14262418693784, 0]
253	[-96.14262418693784, 0]
253	[-96.14262418693784, 0]
253	[-96.14262418693784, 0]
253	[-96.14262418693784, 0]
253	[-96.14262418693784, 0]
253	[-96.14262418693784, 0]
253	[-96.14262418693784, 0]
253	[-96.14262418693784, 0]
253	[-96.14262418693784, 0]
253	[-96.14262418693784, 0]
253	[-96.14262418693784, 0]
253	[-96.14262418693784, 0]
253	[-96.14262418693784, 0]
253	[-96.14262418693784, 0]
253	[-96.14262418693784, 0]
253	[-96.14262418693784, 0]
253	[-96.14262418693784, 0]
253	[-96.14262418693784, 0]
253	[-96.14262418693784, 0]
253	[-96.14262418693784, 0]
253	[-96.14262418693784, 0]
253	[-96.14262418693784, 0]
253	[-96.14262418693784, 0]
253	[-96.14262418693784, 0]
253	[-96.14262418693784, 0]
253	[-96.14262418693784, 0]
253	[-96.14262418693784, 0]
253	[-96.14262418693784, 0]
253	[-96.14262418693784, 0]
253	[-96.14262418693784, 0]
253	[-96.14262418693784, 0]
253	[-96.14262418693784, 0]
253	[-96.14262418693784, 0]
253	[-96.14262418693784, 0]
253	[-96.14262418693784, 0]
253	[-96.14262418693784, 0]
253	[-96.14262418693784, 0]
253	[-96.14262418693784, 0]
253	[-96.14262418693784, 0]
253	[-96.14262418693784, 0]
253	[-96.14262418693784, 0]
253	[-96.14262418693784, 0]
253	[-96.14262418693784, 0]
253	[-96.14262418693784, 0]
253	[-96.14262418693784, 0]
253	[-96.14262418693784, 0]
253	[-96.14262418693784, 0]
253	[-96.14262418693784, 0]
253	[-96.14262418693784, 0]
253	[-96.14262418693784, 0]
253	[-96.14262418693784, 0]
253	[-81.1490337555717, -1]
253	[-81.1490337555717, -1]
253	[-81.1490337555717, -1]
253	[-81.1490337555717, -1]
253	[-81.1490337555717, -1]
253	[-81.1490337555717, -1]
254	[-96.14262418693784, 0]
254	[-96.14262418693784, 0]
254	[-96.14262418693784, 0]
254	[-96.14262418693784, 0]
254	[-96.14262418693784, 0]
254	[-96.14262418693784, 0]
254	[-96.14262418693784, 0]
254	[-96.14262418693784, 0]
254	[-96.14262418693784, 0]
254	[-96.14262418693784, 0]
254	[-96.14262418693784, 0]
254	[-96.14262418693784, 0]
254	[-96.14262418693784, 0]
254	[-96.14262418693784, 0]
254	[-96.14262418693784, 0]
254	[-96.14262418693784, 0]
254	[-96.14262418693784, 0]
254	[-96.14262418693784, 0]
254	[-96.14262418693784, 0]
254	[-96.14262418693784, 0]
254	[-96.14262418693784, 0]
254	[-96.14262418693784, 0]
254	[-96.14262418693784, 0]
254	[-96.14262418693784, 0]
254	[-96.14262418693784, 0]
254	[-96.14262418693784, 0]
254	[-96.14262418693784, 0]
254	[-96.14262418693784, 0]
254	[-96.14262418693784, 0]
254	[-96.14262418693784, 0]
254	[-96.14262418693784, 0]
254	[-96.14262418693784, 0]
254	[-96.14262418693784, 0]
254	[-96.14262418693784, 0]
254	[-96.14262418693784, 0]
254	[-96.14262418693784, 0]
254	[-96.14262418693784, 0]
254	[-96.14262418693784, 0]
254	[-96.14262418693784, 0]
254	[-96.14262418693784, 0]
254	[-96.14262418693784, 0]
254	[-96.14262418693784, 0]
254	[-96.14262418693784, 0]
254	[-96.14262418693784, 0]
254	[-96.14262418693784, 0]
254	[-96.14262418693784, 0]
254	[-96.14262418693784, 0]
254	[-96.14262418693784, 0]
254	[-96.14262418693784, 0]
254	[-96.14262418693784, 0]
254	[-96.14262418693784, 0]
254	[-96.14262418693784, 0]
254	[-96.14262418693784, 0]
254	[-96.14262418693784, 0]
254	[-96.14262418693784, 0]
254	[-96.14262418693784, 0]
254	[-96.14262418693784, 0]
254	[-96.14262418693784, 0]
254	[-96.14262418693784, 0]
254	[-96.14262418693784, 0]
254	[-96.14262418693784, 0]
254	[-96.14262418693784, 0]
254	[-96.14262418693784, 0]
254	[-96.14262418693784, 0]
254	[-96.14262418693784, 0]
254	[-96.14262418693784, 0]
254	[-96.14262418693784, 0]
254	[-96.14262418693784, 0]
254	[-96.14262418693784, 0]
254	[-96.14262418693784, 0]
254	[-96.14262418693784, 0]
254	[-96.14262418693784, 0]
254	[-96.14262418693784, 0]
254	[-81.1490337555717, -1]
254	[-81.1490337555717, -1]
254	[-81.1490337555717, -1]
254	[-81.1490337555717, -1]
254	[-81.1490337555717, -1]
254	[-81.1490337555717, -1]
254	[-81.1490337555717, -1]
255	[-96.14262418693784, 0]
255	[-96.14262418693784, 0]
255	[-96.14262418693784, 0]
255	[-96.14262418693784, 0]
255	[-96.14262418693784, 0]
255	[-96.14262418693784, 0]
255	[-96.14262418693784, 0]
255	[-96.14262418693784, 0]
255	[-96.14262418693784, 0]
255	[-96.14262418693784, 0]
255	[-96.14262418693784, 0]
255	[-96.14262418693784, 0]
255	[-96.14262418693784, 0]
255	[-96.14262418693784, 0]
255	[-96.14262418693784, 0]
255	[-96.14262418693784, 0]
255	[-96.14262418693784, 0]
255	[-96.14262418693784, 0]
255	[-96.14262418693784, 0]
255	[-96.14262418693784, 0]
255	[-96.14262418693784, 0]
255	[-96.14262418693784, 0]
255	[-96.14262418693784, 0]
255	[-96.14262418693784, 0]
255	[-96.14262418693784, 0]
255	[-96.14262418693784, 0]
255	[-96.14262418693784, 0]
255	[-96.14262418693784, 0]
255	[-96.14262418693784, 0]
255	[-96.14262418693784, 0]
255	[-96.14262418693784, 0]
255	[-96.14262418693784, 0]
255	[-96.14262418693784, 0]
255	[-96.14262418693784, 0]
255	[-96.14262418693784, 0]
255	[-96.14262418693784, 0]
255	[-96.14262418693784, 0]
255	[-96.14262418693784, 0]
255	[-96.14262418693784, 0]
255	[-96.14262418693784, 0]
255	[-96.14262418693784, 0]
255	[-96.14262418693784, 0]
255	[-96.14262418693784, 0]
255	[-96.14262418693784, 0]
255	[-96.14262418693784, 0]
255	[-96.14262418693784, 0]
255	[-96.14262418693784, 0]
255	[-96.14262418693784, 0]
255	[-96.14262418693784, 0]
255	[-96.14262418693784, 0]
255	[-96.14262418693784, 0]
255	[-96.14262418693784, 0]
255	[-96.14262418693784, 0]
255	[-96.14262418693784, 0]
255	[-96.14262418693784, 0]
255	[-96.14262418693784, 0]
255	[-96.14262418693784, 0]
255	[-96.14262418693784, 0]
255	[-96.14262418693784, 0]
255	[-96.14262418693784, 0]
255	[-96.14262418693784, 0]
255	[-96.14262418693784, 0]
255	[-96.14262418693784, 0]
255	[-96.14262418693784, 0]
255	[-96.14262418693784, 0]
255	[-96.14262418693784, 0]
255	[-96.14262418693784, 0]
255	[-96.14262418693784, 0]
255	[-96.14262418693784, 0]
255	[-96.14262418693784, 0]
255	[-96.14262418693784, 0]
255	[-96.14262418693784, 0]
255	[-96.14262418693784, 0]
255	[-81.1490337555717, -1]
255	[-81.1490337555717, -1]
255	[-81.1490337555717, -1]
255	[-81.1490337555717, -1]
255	[-81.1490337555717, -1]
255	[-81.1490337555717, -1]
255	[-81.1490337555717, -1]
256	[-96.14262418693784, 0]
256	[-96.14262418693784, 0]
256	[-96.14262418693784, 0]
256	[-96.14262418693784, 0]
256	[-96.14262418693784, 0]
256	[-96.14262418693784, 0]
256	[-96.14262418693784, 0]
256	[-96.14262418693784, 0]
256	[-96.14262418693784, 0]
256	[-96.14262418693784, 0]
256	[-96.14262418693784, 0]
256	[-96.14262418693784, 0]
256	[-96.14262418693784, 0]
256	[-96.14262418693784, 0]
256	[-96.14262418693784, 0]
256	[-96.14262418693784, 0]
256	[-96.14262418693784, 0]
256	[-96.14262418693784, 0]
256	[-96.14262418693784, 0]
256	[-96.14262418693784, 0]
256	[-96.14262418693784, 0]
256	[-96.14262418693784, 0]
256	[-96.14262418693784, 0]
256	[-96.14262418693784, 0]
256	[-96.14262418693784, 0]
256	[-96.14262418693784, 0]
256	[-96.14262418693784, 0]
256	[-96.14262418693784, 0]
256	[-96.14262418693784, 0]
256	[-96.14262418693784, 0]
256	[-96.14262418693784, 0]
256	[-96.14262418693784, 0]
256	[-96.14262418693784, 0]
256	[-96.14262418693784, 0]
256	[-96.14262418693784, 0]
256	[-96.14262418693784, 0]
256	[-96.14262418693784, 0]
256	[-96.14262418693784, 0]
256	[-96.14262418693784, 0]
256	[-96.14262418693784, 0]
256	[-96.14262418693784, 0]
256	[-96.14262418693784, 0]
256	[-96.14262418693784, 0]
256	[-96.14262418693784, 0]
256	[-96.14262418693784, 0]
256	[-96.14262418693784, 0]
256	[-96.14262418693784, 0]
256	[-96.14262418693784, 0]
256	[-96.14262418693784, 0]
256	[-96.14262418693784, 0]
256	[-96.14262418693784, 0]
256	[-96.14262418693784, 0]
256	[-96.14262418693784, 0]
256	[-96.14262418693784, 0]
256	[-96.14262418693784, 0]
256	[-96.14262418693784, 0]
256	[-96.14262418693784, 0]
256	[-96.14262418693784, 0]
256	[-96.14262418693784, 0]
256	[-96.14262418693784, 0]
256	[-96.14262418693784, 0]
256	[-96.14262418693784, 0]
256	[-96.14262418693784, 0]
256	[-96.14262418693784, 0]
256	[-96.14262418693784, 0]
256	[-96.14262418693784, 0]
256	[-96.14262418693784, 0]
256	[-96.14262418693784, 0]
256	[-96.14262418693784, 0]
256	[-96.14262418693784, 0]
256	[-96.14262418693784, 0]
256	[-81.1490337555717, -1]
256	[-81.1490337555717, -1]
256	[-81.1490337555717, -1]
256	[-81.1490337555717, -1]
256	[-81.1490337555717, -1]
256	[-81.1490337555717, -1]
256	[-81.1490337555717, -1]
256	[-81.1490337555717, -1]
256	[-81.1490337555717, -1]
257	[-96.14262418693784, 0]
257	[-96.14262418693784, 0]
257	[-96.14262418693784, 0]
257	[-96.14262418693784, 0]
257	[-96.14262418693784, 0]
257	[-96.14262418693784, 0]
257	[-96.14262418693784, 0]
257	[-96.14262418693784, 0]
257	[-96.14262418693784, 0]
257	[-96.14262418693784, 0]
257	[-96.14262418693784, 0]
257	[-96.14262418693784, 0]
257	[-96.14262418693784, 0]
257	[-96.14262418693784, 0]
257	[-96.14262418693784, 0]
257	[-96.14262418693784, 0]
257	[-96.14262418693784, 0]
257	[-96.14262418693784, 0]
257	[-96.14262418693784, 0]
257	[-96.14262418693784, 0]
257	[-96.14262418693784, 0]
257	[-96.14262418693784, 0]
257	[-96.14262418693784, 0]
257	[-96.14262418693784, 0]
257	[-96.14262418693784, 0]
257	[-96.14262418693784, 0]
257	[-96.14262418693784, 0]
257	[-96.14262418693784, 0]
257	[-96.14262418693784, 0]
257	[-96.14262418693784, 0]
257	[-96.14262418693784, 0]
257	[-96.14262418693784, 0]
257	[-96.14262418693784, 0]
257	[-96.14262418693784, 0]
257	[-96.14262418693784, 0]
257	[-96.14262418693784, 0]
257	[-96.14262418693784, 0]
257	[-96.14262418693784, 0]
257	[-96.14262418693784, 0]
257	[-96.14262418693784, 0]
257	[-96.14262418693784, 0]
257	[-96.14262418693784, 0]
257	[-96.14262418693784, 0]
257	[-96.14262418693784, 0]
257	[-96.14262418693784, 0]
257	[-96.14262418693784, 0]
257	[-96.14262418693784, 0]
257	[-96.14262418693784, 0]
257	[-96.14262418693784, 0]
257	[-96.14262418693784, 0]
257	[-96.14262418693784, 0]
257	[-96.14262418693784, 0]
257	[-96.14262418693784, 0]
257	[-96.14262418693784, 0]
257	[-96.14262418693784, 0]
257	[-96.14262418693784, 0]
257	[-96.14262418693784, 0]
257	[-96.14262418693784, 0]
257	[-96.14262418693784, 0]
257	[-96.14262418693784, 0]
257	[-96.14262418693784, 0]
257	[-96.14262418693784, 0]
257	[-96.14262418693784, 0]
257	[-96.14262418693784, 0]
257	[-96.14262418693784, 0]
257	[-96.14262418693784, 0]
257	[-96.14262418693784, 0]
257	[-96.14262418693784, 0]
257	[-96.14262418693784, 0]
257	[-96.14262418693784, 0]
257	[-96.14262418693784, 0]
257	[-81.1490337555717, -1]
257	[-81.1490337555717, -1]
257	[-81.1490337555717, -1]
257	[-81.1490337555717, -1]
257	[-81.1490337555717, -1]
257	[-81.1490337555717, -1]
257	[-81.1490337555717, -1]
257	[-81.1490337555717, -1]
257	[-81.1490337555717, -1]
258	[-96.14262418693784, 0]
258	[-96.14262418693784, 0]
258	[-96.14262418693784, 0]
258	[-96.14262418693784, 0]
258	[-96.14262418693784, 0]
258	[-96.14262418693784, 0]
258	[-96.14262418693784, 0]
258	[-96.14262418693784, 0]
258	[-96.14262418693784, 0]
258	[-96.14262418693784, 0]
258	[-96.14262418693784, 0]
258	[-96.14262418693784, 0]
258	[-96.14262418693784, 0]
258	[-96.14262418693784, 0]
258	[-96.14262418693784, 0]
258	[-96.14262418693784, 0]
258	[-96.14262418693784, 0]
258	[-96.14262418693784, 0]
258	[-96.14262418693784, 0]
258	[-96.14262418693784, 0]
258	[-96.14262418693784, 0]
258	[-96.14262418693784, 0]
258	[-96.14262418693784, 0]
258	[-96.14262418693784, 0]
258	[-96.14262418693784, 0]
258	[-96.14262418693784, 0]
258	[-96.14262418693784, 0]
258	[-96.14262418693784, 0]
258	[-96.14262418693784, 0]
258	[-96.14262418693784, 0]
258	[-96.14262418693784, 0]
258	[-96.14262418693784, 0]
258	[-96.14262418693784, 0]
258	[-96.14262418693784, 0]
258	[-96.14262418693784, 0]
258	[-96.14262418693784, 0]
258	[-96.14262418693784, 0]
258	[-96.14262418693784, 0]
258	[-96.14262418693784, 0]
258	[-96.14262418693784, 0]
258	[-96.14262418693784, 0]
258	[-96.14262418693784, 0]
258	[-96.14262418693784, 0]
258	[-96.14262418693784, 0]
258	[-96.14262418693784, 0]
258	[-96.14262418693784, 0]
258	[-96.14262418693784, 0]
258	[-96.14262418693784, 0]
258	[-96.14262418693784, 0]
258	[-96.14262418693784, 0]
258	[-96.14262418693784, 0]
258	[-96.14262418693784, 0]
258	[-96.14262418693784, 0]
258	[-96.14262418693784, 0]
258	[-96.14262418693784, 0]
258	[-96.14262418693784, 0]
258	[-96.14262418693784, 0]
258	[-96.14262418693784, 0]
258	[-96.14262418693784, 0]
258	[-96.14262418693784, 0]
258	[-96.14262418693784, 0]
258	[-96.14262418693784, 0]
258	[-96.14262418693784, 0]
258	[-96.14262418693784, 0]
258	[-96.14262418693784, 0]
258	[-96.14262418693784, 0]
258	[-96.14262418693784, 0]
258	[-96.14262418693784, 0]
258	[-96.14262418693784, 0]
258	[-96.14262418693784, 0]
258	[-81.1490337555717, -1]
258	[-81.1490337555717, -1]
258	[-81.1490337555717, -1]
258	[-81.1490337555717, -1]
258	[-81.1490337555717, -1]
258	[-81.1490337555717, -1]
258	[-81.1490337555717, -1]
258	[-81.1490337555717, -1]
258	[-81.1490337555717, -1]
258	[-81.1490337555717, -1]
259	[-96.14262418693784, 0]
259	[-96.14262418693784, 0]
259	[-96.14262418693784, 0]
259	[-96.14262418693784, 0]
259	[-96.14262418693784, 0]
259	[-96.14262418693784, 0]
259	[-96.14262418693784, 0]
259	[-96.14262418693784, 0]
259	[-96.14262418693784, 0]
259	[-96.14262418693784, 0]
259	[-96.14262418693784, 0]
259	[-96.14262418693784, 0]
259	[-96.14262418693784, 0]
259	[-96.14262418693784, 0]
259	[-96.14262418693784, 0]
259	[-96.14262418693784, 0]
259	[-96.14262418693784, 0]
259	[-96.14262418693784, 0]
259	[-96.14262418693784, 0]
259	[-96.14262418693784, 0]
259	[-96.14262418693784, 0]
259	[-96.14262418693784, 0]
259	[-96.14262418693784, 0]
259	[-96.14262418693784, 0]
259	[-96.14262418693784, 0]
259	[-96.14262418693784, 0]
259	[-96.14262418693784, 0]
259	[-96.14262418693784, 0]
259	[-96.14262418693784, 0]
259	[-96.14262418693784, 0]
259	[-96.14262418693784, 0]
259	[-96.14262418693784, 0]
259	[-96.14262418693784, 0]
259	[-96.14262418693784, 0]
259	[-96.14262418693784, 0]
259	[-96.14262418693784, 0]
259	[-96.14262418693784, 0]
259	[-96.14262418693784, 0]
259	[-96.14262418693784, 0]
259	[-96.14262418693784, 0]
259	[-96.14262418693784, 0]
259	[-96.14262418693784, 0]
259	[-96.14262418693784, 0]
259	[-96.14262418693784, 0]
259	[-96.14262418693784, 0]
259	[-96.14262418693784, 0]
259	[-96.14262418693784, 0]
259	[-96.14262418693784, 0]
259	[-96.14262418693784, 0]
259	[-96.14262418693784, 0]
259	[-96.14262418693784, 0]
259	[-96.14262418693784, 0]
259	[-96.14262418693784, 0]
259	[-96.14262418693784, 0]
259	[-96.14262418693784, 0]
259	[-96.14262418693784, 0]
259	[-96.14262418693784, 0]
259	[-96.14262418693784, 0]
259	[-96.14262418693784, 0]
259	[-96.14262418693784, 0]
259	[-96.14262418693784, 0]
259	[-96.14262418693784, 0]
259	[-96.14262418693784, 0]
259	[-96.14262418693784, 0]
259	[-96.14262418693784, 0]
259	[-96.14262418693784, 0]
259	[-96.14262418693784, 0]
259	[-96.14262418693784, 0]
259	[-96.14262418693784, 0]
259	[-96.14262418693784, 0]
259	[-81.1490337555717, -1]
259	[-81.1490337555717, -1]
259	[-81.1490337555717, -1]
259	[-81.1490337555717, -1]
259	[-81.1490337555717, -1]
259	[-81.1490337555717, -1]
259	[-81.1490337555717, -1]
259	[-81.1490337555717, -1]
259	[-81.1490337555717, -1]
259	[-81.1490337555717, -1]
260	[-96.14262418693784, 0]
260	[-96.14262418693784, 0]
260	[-96.14262418693784, 0]
260	[-96.14262418693784, 0]
260	[-96.14262418693784, 0]
260	[-96.14262418693784, 0]
260	[-96.14262418693784, 0]
260	[-96.14262418693784, 0]
260	[-96.14262418693784, 0]
260	[-96.14262418693784, 0]
260	[-96.14262418693784, 0]
260	[-96.14262418693784, 0]
260	[-96.14262418693784, 0]
260	[-96.14262418693784, 0]
260	[-96.14262418693784, 0]
260	[-96.14262418693784, 0]
260	[-96.14262418693784, 0]
260	[-96.14262418693784, 0]
260	[-96.14262418693784, 0]
260	[-96.14262418693784, 0]
260	[-96.14262418693784, 0]
260	[-96.14262418693784, 0]
260	[-96.14262418693784, 0]
260	[-96.14262418693784, 0]
260	[-96.14262418693784, 0]
260	[-96.14262418693784, 0]
260	[-96.14262418693784, 0]
260	[-96.14262418693784, 0]
260	[-96.14262418693784, 0]
260	[-96.14262418693784, 0]
260	[-96.14262418693784, 0]
260	[-96.14262418693784, 0]
260	[-96.14262418693784, 0]
260	[-96.14262418693784, 0]
260	[-96.14262418693784, 0]
260	[-96.14262418693784, 0]
260	[-96.14262418693784, 0]
260	[-96.14262418693784, 0]
260	[-96.14262418693784, 0]
260	[-96.14262418693784, 0]
260	[-96.14262418693784, 0]
260	[-96.14262418693784, 0]
260	[-96.14262418693784, 0]
260	[-96.14262418693784, 0]
260	[-96.14262418693784, 0]
260	[-96.14262418693784, 0]
260	[-96.14262418693784, 0]
260	[-96.14262418693784, 0]
260	[-96.14262418693784, 0]
260	[-96.14262418693784, 0]
260	[-96.14262418693784, 0]
260	[-96.14262418693784, 0]
260	[-96.14262418693784, 0]
260	[-96.14262418693784, 0]
260	[-96.14262418693784, 0]
260	[-96.14262418693784, 0]
260	[-96.14262418693784, 0]
260	[-96.14262418693784, 0]
260	[-96.14262418693784, 0]
260	[-96.14262418693784, 0]
260	[-96.14262418693784, 0]
260	[-96.14262418693784, 0]
260	[-96.14262418693784, 0]
260	[-96.14262418693784, 0]
260	[-96.14262418693784, 0]
260	[-96.14262418693784, 0]
260	[-96.14262418693784, 0]
260	[-96.14262418693784, 0]
260	[-96.14262418693784, 0]
260	[-96.14262418693784, 0]
260	[-81.1490337555717, -1]
260	[-81.1490337555717, -1]
260	[-81.1490337555717, -1]
260	[-81.1490337555717, -1]
260	[-81.1490337555717, -1]
260	[-81.1490337555717, -1]
260	[-81.1490337555717, -1]
260	[-81.1490337555717, -1]
260	[-81.1490337555717, -1]
260	[-81.1490337555717, -1]
261	[-96.14262418693784, 0]
261	[-96.14262418693784, 0]
261	[-96.14262418693784, 0]
261	[-96.14262418693784, 0]
261	[-96.14262418693784, 0]
261	[-96.14262418693784, 0]
261	[-96.14262418693784, 0]
261	[-96.14262418693784, 0]
261	[-96.14262418693784, 0]
261	[-96.14262418693784, 0]
261	[-96.14262418693784, 0]
261	[-96.14262418693784, 0]
261	[-96.14262418693784, 0]
261	[-96.14262418693784, 0]
261	[-96.14262418693784, 0]
261	[-96.14262418693784, 0]
261	[-96.14262418693784, 0]
261	[-96.14262418693784, 0]
261	[-96.14262418693784, 0]
261	[-96.14262418693784, 0]
261	[-96.14262418693784, 0]
261	[-96.14262418693784, 0]
261	[-96.14262418693784, 0]
261	[-96.14262418693784, 0]
261	[-96.14262418693784, 0]
261	[-96.14262418693784, 0]
261	[-96.14262418693784, 0]
261	[-96.14262418693784, 0]
261	[-96.14262418693784, 0]
261	[-96.14262418693784, 0]
261	[-96.14262418693784, 0]
261	[-96.14262418693784, 0]
261	[-96.14262418693784, 0]
261	[-96.14262418693784, 0]
261	[-96.14262418693784, 0]
261	[-96.14262418693784, 0]
261	[-96.14262418693784, 0]
261	[-96.14262418693784, 0]
261	[-96.14262418693784, 0]
261	[-96.14262418693784, 0]
261	[-96.14262418693784, 0]
261	[-96.14262418693784, 0]
261	[-96.14262418693784, 0]
261	[-96.14262418693784, 0]
261	[-96.14262418693784, 0]
261	[-96.14262418693784, 0]
261	[-96.14262418693784, 0]
261	[-96.14262418693784, 0]
261	[-96.14262418693784, 0]
261	[-96.14262418693784, 0]
261	[-96.14262418693784, 0]
261	[-96.14262418693784, 0]
261	[-96.14262418693784, 0]
261	[-96.14262418693784, 0]
261	[-96.14262418693784, 0]
261	[-96.14262418693784, 0]
261	[-96.14262418693784, 0]
261	[-96.14262418693784, 0]
261	[-96.14262418693784, 0]
261	[-96.14262418693784, 0]
261	[-96.14262418693784, 0]
261	[-96.14262418693784, 0]
261	[-96.14262418693784, 0]
261	[-96.14262418693784, 0]
261	[-96.14262418693784, 0]
261	[-96.14262418693784, 0]
261	[-96.14262418693784, 0]
261	[-96.14262418693784, 0]
261	[-96.14262418693784, 0]
261	[-96.14262418693784, 0]
261	[-81.1490337555717, -1]
261	[-81.1490337555717, -1]
261	[-81.1490337555717, -1]
261	[-81.1490337555717, -1]
261	[-81.1490337555717, -1]
261	[-81.1490337555717, -1]
261	[-81.1490337555717, -1]
261	[-81.1490337555717, -1]
261	[-81.1490337555717, -1]
261	[-81.1490337555717, -1]
262	[-96.14262418693784, 0]
262	[-96.14262418693784, 0]
262	[-96.14262418693784, 0]
262	[-96.14262418693784, 0]
262	[-96.14262418693784, 0]
262	[-96.14262418693784, 0]
262	[-96.14262418693784, 0]
262	[-96.14262418693784, 0]
262	[-96.14262418693784, 0]
262	[-96.14262418693784, 0]
262	[-96.14262418693784, 0]
262	[-96.14262418693784, 0]
262	[-96.14262418693784, 0]
262	[-96.14262418693784, 0]
262	[-96.14262418693784, 0]
262	[-96.14262418693784, 0]
262	[-96.14262418693784, 0]
262	[-96.14262418693784, 0]
262	[-96.14262418693784, 0]
262	[-96.14262418693784, 0]
262	[-96.14262418693784, 0]
262	[-96.14262418693784, 0]
262	[-96.14262418693784, 0]
262	[-96.14262418693784, 0]
262	[-96.14262418693784, 0]
262	[-96.14262418693784, 0]
262	[-96.14262418693784, 0]
262	[-96.14262418693784, 0]
262	[-96.14262418693784, 0]
262	[-96.14262418693784, 0]
262	[-96.14262418693784, 0]
262	[-96.14262418693784, 0]
262	[-96.14262418693784, 0]
262	[-96.14262418693784, 0]
262	[-96.14262418693784, 0]
262	[-96.14262418693784, 0]
262	[-96.14262418693784, 0]
262	[-96.14262418693784, 0]
262	[-96.14262418693784, 0]
262	[-96.14262418693784, 0]
262	[-96.14262418693784, 0]
262	[-96.14262418693784, 0]
262	[-96.14262418693784, 0]
262	[-96.14262418693784, 0]
262	[-96.14262418693784, 0]
262	[-96.14262418693784, 0]
262	[-96.14262418693784, 0]
262	[-96.14262418693784, 0]
262	[-96.14262418693784, 0]
262	[-96.14262418693784, 0]
262	[-96.14262418693784, 0]
262	[-96.14262418693784, 0]
262	[-96.14262418693784, 0]
262	[-96.14262418693784, 0]
262	[-96.14262418693784, 0]
262	[-96.14262418693784, 0]
262	[-96.14262418693784, 0]
262	[-96.14262418693784, 0]
262	[-96.14262418693784, 0]
262	[-96.14262418693784, 0]
262	[-96.14262418693784, 0]
262	[-96.14262418693784, 0]
262	[-96.14262418693784, 0]
262	[-96.14262418693784, 0]
262	[-96.14262418693784, 0]
262	[-96.14262418693784, 0]
262	[-96.14262418693784, 0]
262	[-96.14262418693784, 0]
262	[-96.14262418693784, 0]
262	[-81.1490337555717, -1]
262	[-81.1490337555717, -1]
262	[-81.1490337555717, -1]
262	[-81.1490337555717, -1]
262	[-81.1490337555717, -1]
262	[-81.1490337555717, -1]
262	[-81.1490337555717, -1]
262	[-81.1490337555717, -1]
262	[-81.1490337555717, -1]
262	[-81.1490337555717, -1]
262	[-81.1490337555717, -1]
263	[-96.13551041367634, 0]
263	[-81.1490337555717, -1]
263	[-81.1490337555717, -1]
263	[-81.1490337555717, -1]
263	[-81.1490337555717, -1]
263	[-81.1490337555717, -1]
263	[-81.1490337555717, -1]
263	[-81.1490337555717, -1]
263	[-81.1490337555717, -1]
263	[-81.1490337555717, -1]
263	[-81.1490337555717, -1]
263	[-81.1490337555717, -1]
264	[-96.13551041367634, 0]
264	[-81.1490337555717, -1]
264	[-81.1490337555717, -1]
264	[-81.1490337555717, -1]
264	[-81.1490337555717, -1]
264	[-81.1490337555717, -1]
264	[-81.1490337555717, -1]
264	[-81.1490337555717, -1]
264	[-81.1490337555717, -1]
264	[-81.1490337555717, -1]
264	[-81.1490337555717, -1]
264	[-81.1490337555717, -1]
265	[-96.13551041367634, 0]
265	[-81.06606752090032, -1]
266	[-96.13551041367634, 0]
266	[-96.13551041367634, 0]
266	[-81.06606752090032, -1]
267	[-96.13551041367634, 0]
267	[-96.13551041367634, 0]
267	[-96.13551041367634, 0]
267	[-81.06606752090032, -1]
267	[-81.06606752090032, -1]
268	[-96.13551041367634, 0]
268	[-96.13551041367634, 0]
268	[-96.13551041367634, 0]
268	[-81.06606752090032, -1]
268	[-81.06606752090032, -1]
269	[-96.13551041367634, 0]
269	[-96.13551041367634, 0]
269	[-96.13551041367634, 0]
269	[-81.06606752090032, -1]
269	[-81.06606752090032, -1]
270	[-96.13551041367634, 0]
270	[-96.13551041367634, 0]
270	[-96.13551041367634, 0]
270	[-96.13551041367634, 0]
270	[-81.06606752090032, -1]
270	[-81.06606752090032, -1]
271	[-96.13551041367634, 0]
271	[-96.13551041367634, 0]
271	[-96.13551041367634, 0]
271	[-96.13551041367634, 0]
271	[-81.06606752090032, -1]
271	[-81.06606752090032, -1]
272	[-96.13551041367634, 0]
272	[-96.13551041367634, 0]
272	[-96.13551041367634, 0]
272	[-96.13551041367634, 0]
272	[-96.13551041367634, 0]
272	[-81.06606752090032, -1]
272	[-81.06606752090032, -1]
273	[-96.13551041367634, 0]
273	[-96.13551041367634, 0]
273	[-96.13551041367634, 0]
273	[-96.13551041367634, 0]
273	[-96.13551041367634, 0]
273	[-96.13551041367634, 0]
273	[-81.06606752090032, -1]
273	[-81.06606752090032, -1]
273	[-81.06606752090032, -1]
274	[-96.13551041367634, 0]
274	[-96.13551041367634, 0]
274	[-96.13551041367634, 0]
274	[-96.13551041367634, 0]
274	[-96.13551041367634, 0]
274	[-96.13551041367634, 0]
274	[-81.06606752090032, -1]
274	[-81.06606752090032, -1]
274	[-81.06606752090032, -1]
275	[-96.13551041367634, 0]
275	[-96.13551041367634, 0]
275	[-96.13551041367634, 0]
275	[-96.13551041367634, 0]
275	[-96.13551041367634, 0]
275	[-96.13551041367634, 0]
275	[-81.06606752090032, -1]
275	[-81.06606752090032, -1]
275	[-81.06606752090032, -1]
276	[-96.13551041367634, 0]
276	[-96.13551041367634, 0]
276	[-96.13551041367634, 0]
276	[-96.13551041367634, 0]
276	[-96.13551041367634, 0]
276	[-96.13551041367634, 0]
276	[-81.06606752090032, -1]
276	[-81.06606752090032, -1]
276	[-81.06606752090032, -1]
276	[-81.06606752090032, -1]
277	[-96.13551041367634, 0]
277	[-96.13551041367634, 0]
277	[-96.13551041367634, 0]
277	[-96.13551041367634, 0]
277	[-96.13551041367634, 0]
277	[-96.13551041367634, 0]
277	[-96.13551041367634, 0]
277	[-81.06606752090032, -1]
277	[-81.06606752090032, -1]
277	[-81.06606752090032, -1]
277	[-81.06606752090032, -1]
278	[-96.13551041367634, 0]
278	[-96.13551041367634, 0]
278	[-96.13551041367634, 0]
278	[-96.13551041367634, 0]
278	[-96.13551041367634, 0]
278	[-96.13551041367634, 0]
278	[-96.13551041367634, 0]
278	[-81.06606752090032, -1]
278	[-81.06606752090032, -1]
278	[-81.06606752090032, -1]
278	[-81.06606752090032, -1]
279	[-96.13551041367634, 0]
279	[-96.13551041367634, 0]
279	[-96.13551041367634, 0]
279	[-96.13551041367634, 0]
279	[-96.13551041367634, 0]
279	[-96.13551041367634, 0]
279	[-96.13551041367634, 0]
279	[-81.06606752090032, -1]
279	[-81.06606752090032, -1]
279	[-81.06606752090032, -1]
279	[-81.06606752090032, -1]
280	[-96.13551041367634, 0]
280	[-96.13551041367634, 0]
280	[-96.13551041367634, 0]
280	[-96.13551041367634, 0]
280	[-96.13551041367634, 0]
280	[-96.13551041367634, 0]
280	[-96.13551041367634, 0]
280	[-81.06606752090032, -1]
280	[-81.06606752090032, -1]
280	[-81.06606752090032, -1]
280	[-81.06606752090032, -1]
281	[-96.13526395861018, 0]
281	[-81.06606752090032, -1]
281	[-81.06606752090032, -1]
281	[-81.06606752090032, -1]
281	[-81.06606752090032, -1]
281	[-81.06606752090032, -1]
282	[-96.13526395861018, 0]
282	[-80.99916563869343, -1]
283	[-96.13526395861018, 0]
283	[-80.99916563869343, -1]
284	[-96.13526395861018, 0]
284	[-80.99916563869343, -1]
285	[-96.13526395861018, 0]
285	[-80.99916563869343, -1]
286	[-96.13526395861018, 0]
286	[-80.99916563869343, -1]
287	[-96.13526395861018, 0]
287	[-80.99916563869343, -1]
288	[-96.13526395861018, 0]
288	[-80.99916563869343, -1]
289	[-96.13526395861018, 0]
289	[-80.99916563869343, -1]
290	[-96.13526395861018, 0]
290	[-80.99916563869343, -1]
291	[-96.13526395861018, 0]
291	[-80.99916563869343, -1]
292	[-96.13526395861018, 0]
292	[-80.99916563869343, -1]
293	[-96.13526395861018, 0]
293	[-80.99916563869343, -1]
294	[-96.13526395861018, 0]
294	[-80.99916563869343, -1]
294	[-80.99916563869343, -1]
295	[-96.13526395861018, 0]
295	[-80.99916563869343, -1]
295	[-80.99916563869343, -1]
296	[-96.13526395861018, 0]
296	[-80.99916563869343, -1]
296	[-80.99916563869343, -1]
297	[-96.13526395861018, 0]
297	[-96.13526395861018, 0]
297	[-80.99916563869343, -1]
297	[-80.99916563869343, -1]
297	[-80.99916563869343, -1]
297	[-80.99916563869343, -1]
298	[-96.13526395861018, 0]
298	[-96.13526395861018, 0]
298	[-80.99916563869343, -1]
298	[-80.99916563869343, -1]
298	[-80.99916563869343, -1]
298	[-80.99916563869343, -1]
299	[-96.13526395861018, 0]
299	[-96.13526395861018, 0]
299	[-80.99916563869343, -1]
299	[-80.99916563869343, -1]
299	[-80.99916563869343, -1]
299	[-80.99916563869343, -1]
300	[-96.13526395861018, 0]
300	[-96.13526395861018, 0]
300	[-80.99916563869343, -1]
300	[-80.99916563869343, -1]
300	[-80.99916563869343, -1]
300	[-80.99916563869343, -1]
300	[-96.13526395861018, 0]
300	[-96.13526395861018, 0]
300	[-80.99916563869343, -1]
300	[-80.99916563869343, -1]
300	[-80.99916563869343, -1]
300	[-80.99916563869343, -1]
