Generation:
300
Phenotype:
3
V1 = gm([38.9, 3.9, 2]);
V2 = 3 * 1.2;
V2 = V2 + 2.1 * gm([27.1, 3, 1.1]);
V3 = 10;
V3 = V3 + gm([3.6, 6.4, 7]);
Pre-processed Program
:C = gm([1.000000], [3.9], [2]);F = 3.5999999999999996;F = F;F = F + 2.1 * gm([1.000000], [3], [1.1]);T = 10;T = T;T = T + gm([1.000000], [6.4], [7]);Genotype:
[389, 356, 297, 466, 317, 296, 214, 112, 377, 38, 251, 7, 411, 8, 500, 53, 82, 170, 409, 486, 193, 172, 105, 309, 427, 256, 55, 448, 448, 151, 308, 261, 414, 448, 492, 411, 282, 342, 422, 105, 327, 1, 198, 224, 354, 440, 491, 498, 163, 414, 319, 230, 237, 456, 383, 54, 230, 325, 465, 201, 338, 211, 342, 175, 99, 409, 437, 28, 172, 469, 178, 359, 288, 178, 129, 410, 83, 38, 268, 90, 143, 102, 208, 398, 484, 287, 180, 376, 234, 79, 154, 415, 294, 417, 199, 116, 36, 0, 482, 91, 305, 70, 138, 105, 87, 7, 220, 148, 284, 220, 21, 242, 163, 466, 405, 112, 422, 102, 89, 487, 488, 378, 245, 184, 233, 457, 166, 467, 14, 267, 22, 285, 188, 41, 107, 445, 133, 296, 96, 137, 103, 128, 52]
Tree:
None
Fitness on 5000 data:
-58.19970987907816
Fitness:
[-58.19931482092667, 0]