Generation:
1500

Phenotype:
5
V1 = uniform([+0.4e1, 2.0e1], 2);
V2 = +6.3e0;
V2 = V2 + uniform([+0.0e1, 7.4e0], 2);
V3 = +V2;
V3 = V3 + gm([0.0e0, +4.7e0, 1.1e0], [8.7e1, -4.9e0, 1.5e0]);

Pre-processed Program
:T = uniform([4.000000, 24.000000], 2);F = 6.3;F = F + uniform([0.000000, 7.400000], 2);C = F;C = C + gm([0.000000, 1.000000], [4.7, -4.9], [1.1, 1.5]);Genotype:
[140, 142, 369, 303, 400, 20, 122, 170, 314, 47, 399, 412, 340, 89, 266, 254, 300, 39, 16, 250, 396, 183, 174, 91, 328, 472, 380, 240, 50, 275, 227, 207, 484, 204, 194, 382, 500, 396, 422, 55, 296, 149, 461, 273, 240, 210, 106, 456, 130, 484, 227, 482, 420, 101, 411, 410, 362, 455, 378, 167, 31, 259, 91, 214, 339, 184, 216, 111, 495, 388, 424, 191, 371, 104, 474, 168, 257, 314, 359, 398, 129, 478, 376, 412, 86, 13, 184, 323, 440, 314, 87, 23, 332, 149, 431, 481, 71, 61, 289, 295, 348, 211, 180, 78, 188, 492, 76, 0, 408, 278, 230, 389, 260, 6, 323, 310, 225, 464, 388, 329, 61, 102, 418, 29, 112, 282, 75, 468, 247, 209, 213, 77, 350]
Tree:
None
Fitness on 5000 data:
-53.88419498969604

Fitness:
-53.88419498969604