Generation:
798

Phenotype:
5
V1 = uniform([+0.4e1, 2.0e1], 2);
V2 = +6.2e0;
V2 = V2 + uniform([+0.1e0, 7.4e0], 2);
V3 = +V2;
V3 = V3 + uniform([-0.8e1, 5.7e0], 2);

Pre-processed Program
:T = uniform([4.000000, 24.000000], 2);F = 6.2;F = F + uniform([0.100000, 7.500000], 2);C = F;C = C + uniform([-8.000000, -2.300000], 2);Genotype:
[274, 316, 389, 303, 393, 115, 268, 30, 314, 35, 452, 412, 340, 245, 431, 244, 430, 37, 359, 102, 396, 192, 278, 91, 395, 23, 260, 240, 341, 140, 411, 157, 464, 272, 482, 378, 386, 70, 340, 215, 477, 497, 217, 115, 170, 88, 97, 489, 45, 377, 500, 226, 54, 174, 315, 154, 316, 38, 321, 124, 378, 452, 455, 98, 91, 214, 38, 460, 130, 111, 88, 388, 424, 191, 371, 394, 474, 168, 138, 314, 359, 398, 328, 478, 417, 412, 86, 13, 184, 323, 440, 314, 87, 23, 332, 149, 431, 481, 71, 61, 289, 295, 348, 211, 180, 78, 188, 492, 76, 0, 408, 278, 230, 389, 260, 6, 323, 310, 225, 464, 388, 329, 61, 102, 418, 29, 112, 282, 75, 468, 247, 209, 213, 77, 350]
Tree:
None
Fitness on 5000 data:
-54.85711916383527

Fitness:
-54.85711916383527