Generation:
1198

Phenotype:
3
V1 = gm([1.5e1, +4.9e0, 1.5e0]);
V2 = -1.4e0;
V2 = V2 + uniform([+7.8e0, 7.3e0], 2);
V3 = +V2;
V3 = V3 + gm([3.6e1, -0.0e1, 1.0e0]);

Pre-processed Program
:C = gm([1.000000], [4.9], [1.5]);F = 0;F = F - 1.4;F = F + uniform([7.800000, 15.100000], 2);T = F;T = T + gm([1.000000], [0], [1]);Genotype:
[331, 86, 456, 494, 202, 396, 169, 461, 235, 477, 200, 20, 474, 459, 42, 257, 491, 255, 384, 321, 252, 34, 71, 143, 247, 271, 64, 12, 189, 205, 233, 498, 297, 68, 280, 34, 147, 153, 322, 3, 414, 352, 172, 76, 213, 402, 280, 82, 124, 193, 306, 25, 119, 435, 120, 120, 345, 231, 391, 220, 160, 23, 493, 436, 425, 211, 81, 310, 110, 37, 69, 27, 180, 138, 160, 449, 87, 182, 410, 447, 307, 277, 386, 276, 36, 118, 230, 458, 132, 219, 144, 340, 59, 426, 349, 124, 386, 399, 238, 456, 269, 153, 181]
Tree:
None
Fitness on 5000 data:
-40.56724251613964

Fitness:
-40.56724251613964