Program: burglary
Mean: [0.5        0.04876746 0.101084   0.10157859 0.97585744 0.25038493
 0.23656703]
Covariance: [[ 0.08332249 -0.02462489 -0.04703022 -0.04720219  0.00714122 -0.02380585
  -0.01785482]
 [-0.02462489  0.04638919  0.04334325  0.04381373 -0.01345287  0.02680333
   0.015773  ]
 [-0.04703022  0.04334325  0.09086602  0.09081603 -0.01256954  0.04499506
   0.03448948]
 [-0.04720219  0.04381373  0.09081603  0.09126038 -0.01270598  0.0452669
   0.03464944]
 [ 0.00714122 -0.01345287 -0.01256954 -0.01270598  0.0235597  -0.00777297
   0.00571133]
 [-0.02380585  0.02680333  0.04499506  0.0452669  -0.00777297  0.18769232
   0.17733421]
 [-0.01785482  0.015773    0.03448948  0.03464944  0.00571133  0.17733421
   0.18060307]]
Program: clickgraph
Mean: [0.5        0.61649457 0.5        0.5        0.5        0.5       ]
Covariance: [[ 8.33224900e-02 -1.18009709e-01  6.90881475e-18  3.25794416e-17
   3.55389764e-17  1.47222947e-17]
 [-1.18009709e-01  2.36429015e-01 -2.93568719e-17 -1.23854193e-17
  -6.37483327e-19  9.77085753e-18]
 [ 1.14796360e-17 -2.45195475e-17  8.33224900e-02  5.13678627e-02
   8.29723452e-02  5.12443275e-02]
 [ 1.55463994e-17 -1.05207615e-17  5.13678627e-02  8.33224900e-02
   5.11520003e-02  8.30646723e-02]
 [ 3.91523216e-17 -9.56613492e-18  8.29723452e-02  5.11520003e-02
   2.50000000e-01  5.15004101e-02]
 [ 2.52745337e-17  4.31165289e-18  5.12443275e-02  8.30646723e-02
   5.15004101e-02  2.50000000e-01]]
Program: clinicaltrial
Mean: [0.5        0.5        0.5        0.79645849 0.81307104 0.7887829 ]
Covariance: [[ 8.33224900e-02  1.35336874e-16  3.24271801e-12  1.24297875e-13
   1.65741384e-13 -8.10443840e-02]
 [ 1.39200708e-16  8.33224900e-02  3.24271547e-12  1.24297885e-13
  -7.40560417e-02 -3.41388583e-16]
 [ 3.24271762e-12  3.24271641e-12  8.33224900e-02  4.22402035e-04
   5.64414997e-04 -8.16465439e-12]
 [ 1.24297871e-13  1.24297890e-13  4.22402035e-04  1.49709048e-05
   2.00041725e-05 -3.12962456e-13]
 [ 1.65740994e-13 -7.40560417e-02  5.64414997e-04  2.00041725e-05
   1.51986525e-01 -4.17314665e-13]
 [-8.10443840e-02 -3.36570206e-16 -8.16465623e-12 -3.12962460e-13
  -4.17314842e-13  1.66604438e-01]]
Program: clinicaltrial
Mean: [0.5        0.5        0.5        0.79645849 0.81307104 0.7887829 ]
Covariance: [[ 8.33224900e-02  1.35336874e-16  3.24271801e-12  1.24297875e-13
   1.65741384e-13 -8.10443840e-02]
 [ 1.39200708e-16  8.33224900e-02  3.24271547e-12  1.24297885e-13
  -7.40560417e-02 -3.41388583e-16]
 [ 3.24271762e-12  3.24271641e-12  8.33224900e-02  4.22402035e-04
   5.64414997e-04 -8.16465439e-12]
 [ 1.24297871e-13  1.24297890e-13  4.22402035e-04  1.49709048e-05
   2.00041725e-05 -3.12962456e-13]
 [ 1.65740994e-13 -7.40560417e-02  5.64414997e-04  2.00041725e-05
   1.51986525e-01 -4.17314665e-13]
 [-8.10443840e-02 -3.36570206e-16 -8.16465623e-12 -3.12962460e-13
  -4.17314842e-13  1.66604438e-01]]
Program: bernoulli
Mean: [0.5        0.78840061]
Covariance: [[ 0.08332249 -0.08115071]
 [-0.08115071  0.16682509]]
Program: bernoulli
Mean: [0.5        0.81772379]
Covariance: [[ 0.08332249 -0.07267856]
 [-0.07267856  0.14905159]]
Program: bernoulli
Mean: [0.5        0.80972038]
Covariance: [[ 0.08332249 -0.07505511]
 [-0.07505511  0.15407329]]
Program: murdermistery
Mean: [0.71599989]
Covariance: [[0.20334405]]
Program: surveyunbiased
Mean: [0.789 0.713]
Covariance: [[1.66479000e-01 5.39449382e-18]
 [7.52854041e-18 2.04631000e-01]]
Program: trueskills
Mean: [105.98998277  89.93119031 119.02132583 105.98998277  89.93119031
 119.02132583]
Covariance: [[100.   0.   0. 100.   0.   0.]
 [  0. 100.   0.   0. 100.   0.]
 [  0.   0. 100.   0.   0. 100.]
 [100.   0.   0. 325.   0.   0.]
 [  0. 100.   0.   0. 325.   0.]
 [  0.   0. 100.   0.   0. 325.]]
Program: twocoins
Mean: [0.1579993]
Covariance: [[0.13303552]]
Program: altermu
Mean: [ 0.61679254  0.61679254  3.38839176 -2.24709263 -2.24709263]
Covariance: [[  25.            0.            0.           46.25944069   46.25944069]
 [   0.           25.            0.           46.25944069   46.25944069]
 [   0.            0.           25.          -25.          -25.        ]
 [  46.25944069   46.25944069  -25.         5821.19486826 5821.19486826]
 [  46.25944069   46.25944069  -25.         5821.19486826 5822.19486826]]
Program: altermu2
Mean: [0.         0.         3.55258741]
Covariance: [[33.33361424  0.         33.33361424]
 [ 0.         33.33361424 33.33361424]
 [33.33361424 33.33361424 74.71864768]]
Program: normalmixtures
Mean: [-4.78829634  0.62716857 -3.19266153]
Covariance: [[1.         0.         0.70535589]
 [0.         1.         0.29464411]
 [0.70535589 0.29464411 8.09505389]]
Program: altermu
Mean: [ 0.61679254  0.61679254 -3.38839176  4.52969088  4.52969088]
Covariance: [[  25.            0.            0.           46.25944069   46.25944069]
 [   0.           25.            0.           46.25944069   46.25944069]
 [   0.            0.           25.          -25.          -25.        ]
 [  46.25944069   46.25944069  -25.         5821.19486826 5821.19486826]
 [  46.25944069   46.25944069  -25.         5821.19486826 5822.19486826]]
Program: normalmixtures
Mean: [-4.78829634  0.62716857 -3.19266153]
Covariance: [[1.         0.         0.70535589]
 [0.         1.         0.29464411]
 [0.70535589 0.29464411 8.09505389]]
