Generation:
1500

Phenotype:
3
V1 = gm([0.0e1, +4.6e0, 0.1e1], [0.0e0, +5.2e0, 1.8e0]);
V2 = +2.6e0;
V2 = V2 + gm([9.8e1, +7.4e0, 2.0e0], [8.9e0, +9.4e0, 1.2e0], [0.0e1, -3.8e0, 6.8e0]);
V3 = +V2;
V3 = V3 + gm([5.6e0, +0.0e1, 0.9e0]);

Pre-processed Program
:C = gm([1.000000, 1.000000], [4.6, 5.2], [1, 1.8]);F = 2.6;F = F + gm([0.916745, 0.083255, 0.000000], [7.4, 9.4, -3.8], [2, 1.2, 6.8]);T = F;T = T + gm([1.000000], [0], [0.9]);Genotype:
[5, 116, 304, 68, 40, 261, 68, 300, 130, 373, 205, 146, 284, 426, 460, 170, 430, 441, 73, 260, 89, 150, 490, 148, 400, 350, 305, 462, 482, 357, 171, 358, 414, 93, 476, 316, 255, 181, 4, 482, 426, 324, 290, 99, 445, 488, 449, 458, 27, 202, 254, 27, 384, 144, 466, 42, 490, 258, 197, 124, 458, 479, 2, 3, 446, 249, 4, 354, 224, 401, 342, 438, 316, 252, 370, 10, 211, 357, 273, 163, 208, 230, 226, 26, 488, 64]
Tree:
None
Fitness on 5000 data:
-34.128852261309476

Fitness:
-34.128852261309476