Generation:
798

Phenotype:
3
V1 = gm([0.0e1, +4.7e0, 0.9e0], [0.0e1, +5.2e0, 2.0e0]);
V2 = +2.7e0;
V2 = V2 + gm([9.9e1, +7.4e0, 2.0e0], [1.4e0, +9.3e0, 1.3e0], [0.0e0, -0.0e0, 1.5e1]);
V3 = +V2;
V3 = V3 + gm([2.6e0, +0.0e1, 0.9e0]);

Pre-processed Program
:C = gm([1.000000, 1.000000], [4.7, 5.2], [0.9, 2]);F = 2.7;F = F + gm([0.986056, 0.013944, 0.000000], [7.4, 9.3, 0], [2, 1.3, 15]);T = F;T = T + gm([1.000000], [0], [0.9]);Genotype:
[329, 326, 246, 68, 298, 69, 274, 300, 130, 299, 362, 326, 344, 457, 324, 50, 470, 19, 232, 260, 89, 150, 490, 207, 97, 226, 115, 282, 46, 121, 402, 500, 72, 138, 422, 120, 123, 259, 182, 362, 457, 428, 28, 32, 99, 187, 399, 19, 23, 39, 254, 27, 384, 374, 163, 42, 490, 214, 221, 358, 51, 304, 276, 149, 378, 249, 303, 240, 80, 41, 53, 102, 202, 218, 370, 10, 222, 404, 457, 210, 30, 100, 404, 421, 35, 155]
Tree:
None
Fitness on 5000 data:
-34.261617469333174

Fitness:
-34.261617469333174