Generation:
398

Phenotype:
3
V1 = gm([0.0e1, +4.5e0, 0.9e0], [0.0e1, +5.1e0, 2.0e0]);
V2 = +2.7e0;
V2 = V2 + gm([9.7e1, +7.4e0, 2.0e0], [1.2e0, +2.3e0, 3.3e0], [3.1e0, -0.4e0, 0.5e1]);
V3 = +V2;
V3 = V3 + gm([8.2e0, +0.0e1, 0.9e0]);

Pre-processed Program
:C = gm([1.000000, 1.000000], [4.5, 5.1], [0.9, 2]);F = 2.7;F = F + gm([0.957552, 0.011846, 0.030602], [7.4, 2.3, -0.4], [2, 3.3, 5]);T = F;T = T + gm([1.000000], [0], [0.9]);Genotype:
[329, 326, 164, 150, 298, 69, 382, 300, 130, 299, 428, 262, 344, 305, 120, 50, 470, 19, 260, 350, 89, 150, 140, 259, 113, 226, 115, 201, 46, 418, 402, 500, 72, 138, 98, 120, 243, 280, 258, 362, 457, 104, 28, 32, 99, 276, 399, 247, 23, 200, 254, 197, 384, 374, 115, 42, 490, 208, 19, 440, 51, 442, 276, 149, 408, 282, 303, 52, 467, 123, 53, 72, 202, 494, 73, 441, 288, 147, 189, 130, 114, 64, 277, 10, 35, 155]
Tree:
None
Fitness on 5000 data:
-34.425344961532005

Fitness:
-34.425344961532005