Generation:
1198

Phenotype:
3
V1 = gm([0.0e0, +4.7e0, 0.9e0], [0.0e0, +5.1e0, 2.0e0]);
V2 = +2.6e0;
V2 = V2 + gm([4.5e1, +7.4e0, 2.0e0], [2.0e0, +9.6e0, 1.0e0], [0.0e0, -0.5e0, 7.0e1]);
V3 = +V2;
V3 = V3 + gm([2.6e0, +0.0e1, 0.9e0]);

Pre-processed Program
:C = gm([1.000000, 1.000000], [4.7, 5.1], [0.9, 2]);F = 2.6;F = F + gm([0.957447, 0.042553, 0.000000], [7.4, 9.6, -0.5], [2, 1, 70]);T = F;T = T + gm([1.000000], [0], [0.9]);Genotype:
[372, 326, 304, 68, 74, 261, 276, 300, 130, 48, 362, 146, 284, 457, 324, 170, 470, 19, 166, 260, 89, 150, 490, 148, 478, 226, 115, 331, 46, 357, 402, 500, 414, 138, 418, 166, 123, 146, 4, 262, 426, 10, 396, 5, 275, 14, 394, 145, 333, 39, 254, 27, 384, 34, 163, 42, 490, 258, 11, 453, 312, 260, 276, 29, 378, 249, 106, 266, 106, 41, 140, 438, 186, 218, 370, 10, 222, 333, 287, 210, 285, 100, 429, 257, 120, 155]
Tree:
None
Fitness on 5000 data:
-34.25507776561009

Fitness:
-34.25507776561009