Generation:
398

Phenotype:
3
V1 = uniform([+2.5e0, 5.0e0], 2);
V2 = +9.9e0;
V2 = V2 + uniform([-0.4e1, 8.0e0], 2);
V3 = +V1;
V3 = V3 + uniform([-0.5e0, 2.0e1], 2);

Pre-processed Program
:C = uniform([2.500000, 7.500000], 2);F = 9.9;F = F + uniform([-4.000000, 4.000000], 2);T = C;T = T + uniform([-0.500000, 19.500000], 2);Genotype:
[254, 254, 208, 43, 189, 500, 500, 152, 445, 238, 163, 235, 440, 268, 470, 388, 230, 331, 26, 446, 429, 119, 178, 249, 372, 44, 387, 410, 474, 339, 115, 388, 50, 368, 387, 136, 490, 266, 294, 44, 93, 292, 50, 383, 180, 325, 436, 378, 92, 330, 215, 112, 15, 484, 377, 165, 482, 6, 214, 444, 280, 386, 487, 372, 336, 27, 174, 420, 410, 310, 51, 221, 158, 298, 191, 284, 60, 124, 412, 426, 250, 171, 126, 224, 300, 312, 429, 199, 361, 236, 127, 403, 169, 100, 437, 421, 127, 38, 296, 447]
Tree:
None
Fitness on 5000 data:
-6.755283352397989

Fitness:
-6.755283352397989